1 0.458836 0.672701 0.453448 0.676293 0.449138 0.685632 0.447198 0.693966 0.447198 0.705029 0.448276 0.709339 0.451293 0.713362 0.452155 0.716810 0.456897 0.721839 0.461853 0.730747 0.465948 0.735201 0.472198 0.744684 0.478448 0.751437 0.484052 0.755891 0.493966 0.761207 0.497845 0.762213 0.507112 0.763218 0.517241 0.765374 0.529095 0.765230 0.536853 0.763649 0.544828 0.759770 0.552586 0.753448 0.567457 0.737356 0.573922 0.726868 0.576293 0.724713 0.578017 0.716810 0.577586 0.712213 0.576293 0.709195 0.572198 0.710920 0.564440 0.712500 0.561422 0.714224 0.557759 0.715230 0.536853 0.718678 0.514440 0.720259 0.501724 0.719253 0.497845 0.717672 0.493966 0.714080 0.487284 0.703161 0.476509 0.692672 0.474784 0.689511 0.471767 0.677874 0.470474 0.676149
1 0.524327 0.499705 0.517241 0.505019 0.509565 0.508365 0.496575 0.519190 0.475909 0.537297 0.469414 0.545957 0.472367 0.549303 0.472662 0.552256 0.471776 0.554617 0.470595 0.557373 0.467938 0.559341 0.465576 0.560916 0.459081 0.563081 0.452586 0.576464 0.460557 0.596540 0.466757 0.588864 0.467049 0.593202 0.472957 0.593194 0.492442 0.601460 0.518422 0.609530 0.547945 0.617796 0.581011 0.625276 0.593115 0.613663 0.608762 0.593194 0.614372 0.578826 0.618505 0.560916 0.616143 0.538675 0.609943 0.522142 0.601086 0.506790 0.590458 0.496162 0.579535 0.493603 0.565659 0.493997 0.553555 0.491045 0.546469 0.491045 0.538498 0.493407
0 0.273248 0.162003 0.275509 0.164217 0.276074 0.166007 0.275226 0.166525 0.273954 0.167562 0.273954 0.168645 0.273601 0.168928 0.272400 0.169258 0.270068 0.168928 0.268513 0.168363 0.267383 0.167232 0.266464 0.165301 0.265899 0.163322 0.266323 0.162521 0.267807 0.162286 0.269997 0.162050 0.271269 0.161909
0 0.283211 0.183484 0.280879 0.184568 0.279960 0.185321 0.279112 0.186735 0.278759 0.187582 0.278335 0.188619 0.277346 0.188854 0.275085 0.188006 0.272046 0.186358 0.271198 0.184803 0.270350 0.182636 0.269856 0.181458 0.271410 0.180987 0.272965 0.180469 0.275297 0.180045 0.278123 0.179810 0.280314 0.180045 0.281515 0.180234
0 0.282999 0.183625 0.280526 0.184850 0.279466 0.186263 0.278406 0.188430 0.278406 0.189796 0.279042 0.191116 0.280596 0.192953 0.284412 0.194554 0.286179 0.195120 0.288864 0.195214 0.292609 0.194931 0.293810 0.194130 0.295011 0.192953 0.296637 0.190786 0.296707 0.189608 0.296425 0.188101 0.295506 0.187017 0.293951 0.185510 0.291266 0.183861 0.288793 0.183390 0.285755 0.183390
0 0.314882 0.219954 0.319192 0.223331 0.320705 0.227616 0.322217 0.229734 0.322066 0.231246 0.320780 0.232103 0.315109 0.234523 0.312387 0.235884 0.308227 0.235884 0.304825 0.235380 0.301044 0.233817 0.297943 0.231700 0.294918 0.228423 0.294843 0.226659 0.294843 0.224440 0.295599 0.223079 0.297111 0.221416 0.298094 0.220559 0.298926 0.219752 0.300136 0.218895 0.301346 0.218441 0.302632 0.218038 0.306034 0.217735 0.307471 0.217735 0.309286 0.217836 0.311025 0.218441 0.311933 0.218895 0.313899 0.219349
0 0.399955 0.213047 0.403660 0.216223 0.406155 0.219752 0.406760 0.223634 0.406912 0.226608 0.405551 0.230440 0.402072 0.232456 0.399955 0.233011 0.393451 0.235481 0.387704 0.236590 0.382184 0.235431 0.379991 0.233565 0.378025 0.229078 0.377647 0.223936 0.377722 0.220105 0.378705 0.216828 0.380898 0.214610 0.384831 0.212593 0.389746 0.212392 0.394056 0.212089 0.397005 0.212140
0 0.345357 0.209216 0.340290 0.208409 0.337341 0.207350 0.336661 0.205989 0.337719 0.202158 0.341803 0.197368 0.344752 0.195100 0.347928 0.195100 0.353600 0.196310 0.357381 0.198074 0.357834 0.199990 0.358137 0.201452 0.357532 0.204325 0.356397 0.206493 0.355036 0.208258 0.353524 0.209417 0.350650 0.209972
0 0.295714 0.381911 0.296776 0.384946 0.295486 0.385503 0.291237 0.385756 0.289112 0.384997 0.287139 0.384187 0.287139 0.382771 0.286228 0.381354 0.288732 0.380241 0.290554 0.380039 0.293513 0.380039 0.294879 0.380949
0 0.291684 0.388240 0.293227 0.390400 0.296056 0.392080 0.300531 0.392115 0.301868 0.391977 0.301714 0.390091 0.300119 0.389200 0.297187 0.387794
0 0.329910 0.401131 0.333177 0.402693 0.335817 0.405421 0.335949 0.406565 0.335388 0.408259 0.333045 0.410460 0.332187 0.411230 0.328094 0.412330 0.324365 0.411582 0.319051 0.409228 0.317632 0.407621 0.317434 0.406939 0.317797 0.406191 0.319051 0.405355 0.320404 0.404695 0.321659 0.404057 0.322583 0.403463 0.323507 0.402715 0.324464 0.402033 0.325949 0.401461 0.327566 0.401020 0.329151 0.400910
0 0.346845 0.413610 0.350252 0.414527 0.352151 0.415488 0.353985 0.417496 0.355361 0.419069 0.356213 0.420728 0.356213 0.421907 0.350972 0.426274 0.348810 0.427017 0.345077 0.426405 0.339901 0.424003 0.337740 0.421907 0.337019 0.421121 0.337412 0.419287 0.338133 0.417889 0.339967 0.417016 0.341015 0.416841
2 0.351952 0.289707 0.349459 0.296476 0.348034 0.300632 0.348034 0.304431 0.348568 0.310131 0.348568 0.312387 0.346965 0.312506 0.345362 0.308112 0.343581 0.306094 0.339306 0.304550 0.335922 0.304550 0.330400 0.304906 0.325948 0.306688 0.322029 0.309062 0.317576 0.312150 0.312767 0.315237 0.310274 0.317493 0.307602 0.320580 0.305108 0.323074 0.303149 0.325568 0.302793 0.328299 0.302793 0.330674 0.305385 0.333276 0.309067 0.336236 0.315673 0.339124 0.320222 0.340207 0.319030 0.342084 0.319464 0.343961 0.323796 0.346199 0.328778 0.347282 0.335276 0.346777 0.344806 0.345477 0.353145 0.344539 0.357694 0.341867 0.364408 0.335730 0.367549 0.336886 0.375022 0.333564 0.376321 0.332120 0.378812 0.328871 0.382061 0.327500 0.386177 0.323312 0.387260 0.322373 0.389101 0.314720 0.388992 0.309522 0.390833 0.302374 0.388667 0.301435 0.385852 0.301435 0.379570 0.299630 0.372639 0.297970 0.363758 0.295298 0.360726 0.294576 0.356936 0.292122
2 0.376379 0.333793 0.383966 0.333563 0.388793 0.333678 0.395000 0.336552 0.399828 0.341034 0.401724 0.343448 0.406034 0.341034 0.412931 0.340460 0.428966 0.341494 0.432414 0.346207 0.435345 0.349080 0.441379 0.351494 0.440000 0.355747 0.436034 0.361379 0.433276 0.362989 0.431207 0.368046 0.422931 0.375632 0.408448 0.382069 0.397069 0.384483 0.385172 0.383333 0.380690 0.385977 0.377069 0.388851 0.370862 0.390000 0.361897 0.390920 0.349483 0.390575 0.338621 0.388966 0.329483 0.385747 0.329655 0.380690 0.322759 0.376207 0.316552 0.372874 0.312931 0.370345 0.312414 0.366437 0.312414 0.364713 0.315345 0.360805 0.320862 0.357931 0.329138 0.354598 0.339655 0.350345 0.348966 0.349425 0.356379 0.351379 0.358276 0.351839 0.360000 0.345747 0.363103 0.341149 0.365690 0.337586 0.368276 0.335862 0.371379 0.334713 0.373966 0.333793
0 0.540835 0.367967 0.547981 0.369253 0.551838 0.370538 0.553993 0.372807 0.553652 0.376588 0.552064 0.379235 0.549796 0.382184 0.547300 0.383923 0.544805 0.384906 0.541742 0.385057 0.535050 0.383999 0.530966 0.383243 0.528584 0.381957 0.528471 0.380218 0.529719 0.376966 0.531307 0.373714 0.532781 0.372051 0.534403 0.370367 0.536570 0.368846 0.538680 0.367892
0 0.485402 0.346456 0.487345 0.346456 0.492043 0.347877 0.495489 0.351385 0.496742 0.355102 0.496554 0.357984 0.495865 0.359697 0.493359 0.360950 0.490790 0.361827 0.488974 0.362328 0.486655 0.362453 0.484463 0.362203 0.482458 0.361409 0.480390 0.360198 0.478699 0.359279 0.477007 0.357316 0.476381 0.355729 0.476381 0.353599 0.477571 0.350967 0.478323 0.349422 0.479576 0.348879 0.480829 0.348044 0.482458 0.347167 0.483836 0.346456 0.484776 0.346331
0 0.565733 0.350670 0.568534 0.354406 0.569325 0.356561 0.569468 0.357711 0.568678 0.358716 0.567098 0.360105 0.566164 0.360824 0.563721 0.361207 0.561782 0.361638 0.559986 0.362069 0.557687 0.362308 0.554023 0.362117 0.551221 0.360632 0.548635 0.357950 0.546983 0.355699 0.547055 0.354023 0.548491 0.352299 0.550287 0.351389 0.552586 0.350766 0.556825 0.349713 0.560273 0.349186 0.562500 0.349138 0.564799 0.349952
0 0.530747 0.336686 0.529310 0.338314 0.527011 0.339895 0.525359 0.340374 0.523060 0.340469 0.517816 0.339464 0.517170 0.338745 0.517170 0.336638 0.517457 0.335249 0.518175 0.334100 0.519181 0.333190 0.521121 0.332375 0.523204 0.331992 0.524109 0.332253 0.526101 0.332651 0.527861 0.332917 0.528990 0.333515 0.530172 0.335536 0.530388 0.336159
2 0.392915 0.255414 0.395609 0.250924 0.400419 0.245792 0.406770 0.241687 0.413312 0.241174 0.416968 0.241687 0.421779 0.242970 0.426782 0.246049 0.431400 0.248871 0.433324 0.253104 0.434479 0.257338 0.434864 0.262213 0.434864 0.264265 0.437943 0.265035 0.441791 0.266061 0.447564 0.269525 0.453914 0.276067 0.456608 0.282995 0.457570 0.286971 0.456297 0.288574 0.454442 0.289335 0.449303 0.294569 0.444165 0.297518 0.443309 0.300183 0.437172 0.305226 0.431320 0.307129 0.423755 0.307795 0.414335 0.306938 0.410339 0.305797 0.404630 0.303513 0.403060 0.301039 0.400919 0.303323 0.395781 0.303989 0.393640 0.303989 0.390928 0.301991 0.385505 0.301325 0.370233 0.297138 0.359243 0.293808 0.351250 0.289240 0.347254 0.284483 0.347254 0.281343 0.347682 0.278679 0.347682 0.277917 0.344828 0.274872 0.341830 0.270305 0.341117 0.267165 0.342116 0.263264 0.343828 0.260124 0.346968 0.257365 0.352678 0.254796 0.362098 0.252607 0.374657 0.251941 0.382222 0.251941
2 0.440597 0.265738 0.444594 0.260790 0.449874 0.257365 0.457582 0.254130 0.465860 0.253749 0.471997 0.254796 0.478134 0.257745 0.482416 0.261361 0.485271 0.265928 0.487412 0.272589 0.493691 0.272113 0.498116 0.272113 0.507251 0.273636 0.517527 0.276871 0.523379 0.281343 0.527090 0.286386 0.526947 0.288955 0.525377 0.291048 0.523521 0.292761 0.519525 0.295806 0.512674 0.299992 0.512531 0.302942 0.506965 0.306368 0.499258 0.308366 0.487982 0.310554 0.472140 0.311791 0.464433 0.309507 0.459152 0.307700 0.455013 0.304560 0.450731 0.306843 0.442453 0.307224 0.436601 0.305797 0.442310 0.301610 0.444165 0.297233 0.449732 0.294378 0.454156 0.289335 0.457439 0.287242 0.456725 0.281343 0.453728 0.275539 0.445307 0.268878
2 0.429179 0.341098 0.427324 0.338433 0.427324 0.337292 0.431891 0.337292 0.428751 0.334818 0.424041 0.328918 0.422899 0.325112 0.422043 0.321021 0.423185 0.318357 0.426895 0.316834 0.430464 0.316358 0.435744 0.317024 0.439598 0.316739 0.442453 0.317786 0.447591 0.318071 0.448733 0.319403 0.451873 0.316929 0.455155 0.315597 0.461435 0.314931 0.467002 0.315217 0.471569 0.317310 0.477849 0.321211 0.484842 0.327206 0.487697 0.331773 0.487982 0.333581 0.490694 0.331297 0.496546 0.330441 0.504396 0.330821 0.518954 0.333866 0.517384 0.336340 0.518240 0.340051 0.525091 0.341003 0.533940 0.341478 0.537651 0.344047 0.537651 0.348615 0.535939 0.350613 0.529944 0.353848 0.526376 0.355465 0.520381 0.357178 0.523664 0.358986 0.519953 0.362126 0.515386 0.364695 0.510819 0.365932 0.500114 0.363458 0.495547 0.360223 0.496831 0.358320 0.496831 0.354514 0.495119 0.351184 0.492407 0.347949 0.485413 0.346426 0.482702 0.346807 0.478705 0.348900 0.476992 0.351469 0.475708 0.355465 0.477278 0.358796 0.482559 0.361745 0.486841 0.362982 0.489838 0.362221 0.495261 0.364600 0.498830 0.366693 0.492692 0.366408 0.486270 0.365742 0.480703 0.365266 0.473139 0.361745 0.469142 0.359938 0.466573 0.360508 0.461721 0.359462 0.452729 0.357273 0.440597 0.352230 0.440883 0.351184 0.434603 0.348139
1 0.609971 0.627609 0.604583 0.632335 0.599762 0.641221 0.588419 0.648593 0.577359 0.653131 0.563748 0.656345 0.543330 0.659936 0.533689 0.660504 0.523764 0.660504 0.512137 0.658613 0.502495 0.654832 0.495406 0.651618 0.492570 0.644623 0.497958 0.640842 0.494839 0.639141 0.492854 0.626096 0.487466 0.621559 0.476974 0.616455 0.473004 0.627987 0.465914 0.625529 0.467049 0.623450 0.459959 0.621370 0.455422 0.615321 0.458258 0.610783 0.455422 0.608704 0.458258 0.600386 0.461944 0.594336 0.466481 0.589988 0.466765 0.593769 0.472436 0.593580 0.486899 0.599062 0.528017 0.612863 0.579628 0.625151
1 0.547017 0.659747 0.582180 0.673926 0.599762 0.683568 0.601463 0.686593 0.598627 0.692264 0.594374 0.695856 0.590120 0.700582 0.587284 0.702662 0.583598 0.705498 0.580195 0.707388 0.576225 0.709090 0.571688 0.710791 0.566016 0.712303 0.557793 0.714950 0.536241 0.719109 0.510152 0.720622 0.497391 0.717975 0.491720 0.710791 0.484914 0.700015 0.476690 0.692642 0.473004 0.680732 0.472153 0.672414 0.471302 0.654832 0.474138 0.640842 0.476690 0.634604 0.477541 0.617022 0.489167 0.622315 0.493988 0.626096 0.495123 0.635549 0.497108 0.639708 0.494272 0.642544 0.492854 0.646703 0.495690 0.651996 0.503063 0.655588 0.510719 0.658424 0.521779 0.659747 0.526883 0.659936 0.541062 0.658802