1 0.419678 0.596029 0.415771 0.594401 0.411621 0.595703 0.409668 0.586589 0.406006 0.581706 0.400879 0.580078 0.384521 0.580404 0.382324 0.581706 0.373291 0.583984 0.371338 0.585612 0.361572 0.589844 0.357910 0.593099 0.353760 0.594076 0.344238 0.601562 0.328369 0.616536 0.322754 0.623698 0.320557 0.625000 0.314209 0.633464 0.311768 0.638346 0.308105 0.642253 0.298828 0.659180 0.296631 0.665365 0.296143 0.669922 0.292725 0.674154 0.289062 0.689128 0.286377 0.708659 0.287109 0.716797 0.289062 0.720378 0.287842 0.727865 0.288086 0.732096 0.291504 0.734049 0.299072 0.733724 0.310547 0.729818 0.318115 0.725911 0.325928 0.724284 0.330078 0.721680 0.333984 0.721354 0.337402 0.719401 0.345947 0.716797 0.357666 0.709310 0.361084 0.705404 0.364990 0.703125 0.380859 0.689128 0.396484 0.669271 0.397949 0.665690 0.404785 0.654948 0.411865 0.638997 0.412842 0.633789 0.416016 0.625326 0.419922 0.611328 0.420410 0.600260
1 0.535645 0.451497 0.533447 0.450195 0.529297 0.450195 0.525146 0.447591 0.522217 0.446615 0.509277 0.445964 0.503174 0.447266 0.494141 0.451172 0.490967 0.453776 0.487549 0.455078 0.468506 0.470378 0.464355 0.475586 0.454102 0.485026 0.448730 0.491862 0.441650 0.499349 0.434570 0.509440 0.433594 0.512044 0.429199 0.517253 0.425537 0.525391 0.427490 0.529948 0.428955 0.531901 0.433838 0.544596 0.435791 0.547526 0.436768 0.552734 0.442139 0.568034 0.443604 0.575846 0.448242 0.584961 0.450928 0.585938 0.455078 0.581055 0.458740 0.581380 0.459717 0.579753 0.465088 0.577799 0.470703 0.573242 0.473877 0.572266 0.478516 0.569010 0.482178 0.568034 0.486328 0.563477 0.490479 0.562500 0.499023 0.555339 0.502197 0.550781 0.506592 0.547201 0.512207 0.538411 0.513428 0.537435 0.515869 0.537109 0.517334 0.535156 0.520508 0.524414 0.522949 0.518555 0.525635 0.514648 0.532959 0.494792 0.535645 0.477865 0.537109 0.473307 0.537598 0.458984 0.537109 0.453776
1 0.519228 0.528493 0.508537 0.543386 0.493059 0.561045 0.473591 0.573385 0.448379 0.585086 0.447262 0.589767 0.428593 0.587640 0.423327 0.595724 0.437529 0.600405 0.456837 0.604235 0.475027 0.596150 0.496091 0.578491 0.507739 0.561257 0.518430 0.543173
1 0.394445 0.530407 0.398753 0.551045 0.402902 0.571895 0.409285 0.582321 0.424763 0.586576 0.445826 0.588916 0.447901 0.588916 0.444869 0.581257 0.442475 0.569130 0.436252 0.549981 0.431306 0.537641 0.423806 0.522535 0.416944 0.515940 0.409285 0.514663 0.395562 0.509344 0.384552 0.506366 0.380084 0.509983 0.384871 0.515940 0.390137 0.522323
2 0.470459 0.222656 0.466309 0.228190 0.465820 0.232747 0.465129 0.236131 0.464844 0.240234 0.465088 0.240560 0.465332 0.247721 0.466064 0.250000 0.467285 0.251953 0.467773 0.255208 0.468750 0.258138 0.469971 0.259766 0.471680 0.263672 0.471680 0.267578 0.471436 0.267904 0.471436 0.271159 0.471191 0.271484 0.471191 0.283854 0.471924 0.287435 0.473389 0.290690 0.474609 0.294596 0.477051 0.295898 0.478271 0.297201 0.478760 0.297201 0.483179 0.301527 0.479980 0.294922 0.479980 0.292318 0.480225 0.291992 0.480225 0.291016 0.480713 0.290365 0.486328 0.287435 0.488281 0.285156 0.491943 0.283854 0.493896 0.282552 0.495361 0.280924 0.497559 0.279297 0.499512 0.275391 0.499512 0.273763 0.500000 0.271484 0.498779 0.270508 0.491943 0.270833 0.491699 0.270508 0.489990 0.270508 0.489746 0.270182 0.487793 0.270182 0.486084 0.269531 0.484989 0.268756 0.484221 0.267000 0.483782 0.264952 0.484276 0.263708 0.485840 0.260091 0.486635 0.257271 0.485758 0.256393 0.485099 0.255808 0.483782 0.255223 0.483837 0.254272 0.485596 0.250000 0.486328 0.248047 0.486328 0.246745 0.486084 0.246419 0.486328 0.232096 0.485352 0.229167 0.485352 0.227214 0.485758 0.223622 0.483179 0.223183 0.482521 0.222890 0.480107 0.225451 0.478845 0.226914 0.477912 0.227791 0.476376 0.231156 0.475114 0.234156 0.473304 0.243738 0.472261 0.238983 0.471493 0.234009 0.471548 0.231888 0.472168 0.229167 0.471436 0.224284 0.470703 0.222656
0 0.446047 0.288762 0.444970 0.289953 0.444891 0.291670 0.445101 0.293878 0.445784 0.295490 0.446494 0.295770 0.447309 0.295840 0.448018 0.295454 0.448807 0.294649 0.449385 0.293037 0.449595 0.291775 0.449043 0.290234 0.448307 0.289077 0.447414 0.288762 0.446336 0.288622
2 0.449202 0.229786 0.445218 0.234194 0.441318 0.240750 0.440640 0.248323 0.444963 0.257704 0.447167 0.264147 0.447761 0.274319 0.448947 0.281101 0.447422 0.285170 0.450219 0.291499 0.459544 0.296134 0.462341 0.293986 0.463274 0.290595 0.470818 0.289917 0.471920 0.288109 0.470818 0.282005 0.466665 0.286300 0.461917 0.287317 0.457001 0.282570 0.465308 0.268216 0.465393 0.265729 0.463782 0.256800 0.459713 0.251714 0.457764 0.248662 0.456662 0.246853 0.453271 0.247079 0.452847 0.247418 0.450219 0.260417 0.449795 0.236003
0 0.559839 0.140425 0.561035 0.142326 0.561188 0.143922 0.561239 0.145856 0.560348 0.147859 0.557497 0.149285 0.556122 0.149319 0.554518 0.146637 0.554340 0.143209 0.555078 0.141002 0.557242 0.139950 0.559508 0.139882
0 0.551870 0.134587 0.555205 0.138728 0.554594 0.142190 0.550725 0.147588 0.548790 0.148810 0.546193 0.147248 0.545480 0.144465 0.544997 0.141681 0.545200 0.139882 0.546244 0.137404 0.547873 0.135639 0.549325 0.134825 0.551361 0.134485
0 0.539287 0.168919 0.540607 0.170415 0.542454 0.173406 0.543510 0.176133 0.542256 0.178948 0.539617 0.181324 0.537241 0.182908 0.535130 0.183435 0.533876 0.182908 0.531699 0.179388
0 0.488611 0.222586 0.483728 0.220298 0.480825 0.212644 0.481221 0.208157 0.482937 0.206046 0.485840 0.204726 0.489931 0.204638 0.493626 0.205870 0.495408 0.207893 0.495539 0.209565 0.494682 0.215020 0.492240 0.221530 0.490987 0.222762
0 0.507812 0.214228 0.498905 0.225225 0.497189 0.230768 0.500422 0.234111 0.506229 0.237014 0.509528 0.236926 0.512563 0.234639 0.515467 0.230328 0.516126 0.225313 0.515929 0.219771 0.514543 0.217395 0.511046 0.216075
0 0.531831 0.194345 0.533348 0.201999 0.532622 0.207190 0.530247 0.210709 0.527014 0.212820 0.524902 0.213524 0.522329 0.212556 0.520613 0.208949 0.519756 0.205782 0.519756 0.201207 0.520943 0.197688 0.522659 0.194961 0.524243 0.193905 0.528070 0.193025 0.530445 0.193113
0 0.438272 0.303550 0.433368 0.312932 0.432355 0.309236 0.432355 0.306393 0.432941 0.303764 0.434327 0.301560 0.435607 0.301489 0.437472 0.302768
0 0.491898 0.305114 0.491098 0.309094 0.489925 0.310942 0.487740 0.309449 0.487313 0.307459 0.487740 0.304830 0.488699 0.303692 0.490138 0.303479 0.491951 0.304261
0 0.470628 0.321888 0.472228 0.322669 0.473774 0.325157 0.473347 0.327858 0.472014 0.330488 0.469136 0.331340 0.466737 0.331411 0.465884 0.328569 0.466417 0.323025 0.468443 0.320821