0 0.425330 0.212538 0.425013 0.221201 0.417089 0.230498 0.399658 0.232399 0.392685 0.229864 0.391100 0.223525 0.391734 0.217820 0.393953 0.214862 0.398707 0.210848 0.405046 0.208735 0.413286 0.208312
0 0.385396 0.225427 0.405680 0.238316 0.406313 0.246767 0.403144 0.252472 0.399341 0.255641 0.389833 0.256698 0.375887 0.259022 0.357822 0.258388 0.348314 0.255853 0.345461 0.252261 0.345461 0.242541 0.348948 0.235358 0.353385 0.229653 0.361308 0.225849 0.370183 0.224159 0.380008 0.223948
0 0.366550 0.617483 0.372569 0.614156 0.379616 0.613764 0.385635 0.613764 0.391067 0.618168 0.398701 0.621203 0.400610 0.621692 0.382699 0.633828 0.379175 0.629130 0.372569 0.623062
0 0.454981 0.578047 0.455057 0.573045 0.457254 0.567387 0.461271 0.564508 0.468394 0.563093 0.474911 0.565063 0.480215 0.569459 0.478169 0.575622 0.475896 0.580977 0.470137 0.582897 0.464074 0.583149 0.458542 0.581634
0 0.433577 0.611392 0.445265 0.616967 0.450587 0.616460 0.462750 0.610949 0.466361 0.607211 0.467881 0.604614 0.466646 0.597899 0.463795 0.595301 0.459709 0.592071 0.452487 0.591817 0.447356 0.592451 0.442890 0.594478 0.436903 0.598342 0.432912 0.602460 0.430822 0.607591
0 0.378374 0.259681 0.370071 0.266982 0.372721 0.274755 0.374664 0.280172 0.379787 0.282763 0.392153 0.283470 0.402752 0.283117 0.409465 0.281586 0.413175 0.278995 0.421478 0.264509 0.421301 0.261094 0.414941 0.257679 0.402222 0.256148 0.396216 0.256148
0 0.312821 0.745183 0.318709 0.750090 0.322684 0.750875 0.336816 0.759512 0.325039 0.770994 0.315765 0.774233 0.302811 0.776294 0.291770 0.772466 0.288237 0.768246 0.281612 0.761376 0.283231 0.755488 0.288089 0.749600 0.291181 0.746754 0.296628 0.744693 0.302663 0.744398 0.310613 0.745478
2 0.144252 0.549056 0.159165 0.562205 0.178889 0.568298 0.194764 0.566053 0.211120 0.557715 0.218336 0.549377 0.229882 0.540717 0.235655 0.542642 0.250568 0.561884 0.253454 0.592031 0.272697 0.588182 0.302042 0.587862 0.329943 0.600690 0.364580 0.616084 0.385266 0.635648 0.385266 0.646231 0.382380 0.657456 0.360732 0.672529 0.340046 0.684075 0.344375 0.693375 0.329462 0.702035 0.303485 0.711335 0.269810 0.716467 0.240465 0.712297 0.217374 0.709090 0.223147 0.715825 0.225552 0.722239 0.217855 0.726729 0.211601 0.726729 0.199575 0.725126 0.186105 0.727371 0.178408 0.724805 0.163976 0.724164 0.159165 0.723843 0.149063 0.719994 0.146176 0.716467 0.146176 0.707807 0.144733 0.705883 0.109134 0.710694 0.055736 0.700431 0.031683 0.692093 0.024467 0.682792 0.026391 0.675416 0.000000 0.653736 0.000000 0.616379 0.017732 0.603256 0.052369 0.592993 0.084600 0.584655 0.114907 0.586900 0.119718 0.575354 0.124529 0.563488 0.136074 0.550980
0 0.304383 0.290622 0.303334 0.302984 0.300185 0.308348 0.300884 0.318844 0.302634 0.322343 0.305433 0.325142 0.330623 0.325608 0.352315 0.326308 0.362461 0.322809 0.370858 0.317445 0.377155 0.309048 0.380304 0.294354 0.378205 0.286890 0.369108 0.284091 0.364560 0.276161 0.357563 0.274994 0.342169 0.274994 0.328874 0.276627 0.320127 0.278726 0.312080 0.282925 0.308232 0.285724 0.306482 0.288289
0 0.176332 0.436166 0.165486 0.441997 0.153241 0.457158 0.151842 0.461123 0.152541 0.468587 0.156390 0.477217 0.165137 0.487013 0.179481 0.498675 0.198024 0.506839 0.206421 0.508938 0.231961 0.509638 0.250504 0.507072 0.273945 0.501941 0.281642 0.496343 0.287240 0.486080 0.286540 0.478383 0.273595 0.460890 0.260300 0.447362 0.250154 0.438965 0.233360 0.434533 0.216217 0.432434 0.202922 0.431734 0.194875 0.431734 0.182630 0.432900
2 0.102161 0.397914 0.076271 0.389750 0.027989 0.367592 0.013645 0.341236 0.000700 0.328874 0.000000 0.283158 0.016094 0.280592 0.018543 0.279659 0.021342 0.276161 0.022391 0.266364 0.025890 0.257501 0.033237 0.249104 0.050731 0.241407 0.062626 0.240708 0.072772 0.240708 0.089216 0.247705 0.099012 0.255868 0.082568 0.255402 0.068224 0.255402 0.057028 0.259134 0.047232 0.265665 0.040235 0.274994 0.038485 0.286423 0.045133 0.303217 0.056328 0.309981 0.078370 0.317678 0.094114 0.323276 0.107759 0.325375 0.121054 0.322576 0.125602 0.314179 0.125602 0.299718 0.126651 0.291788 0.150442 0.287590 0.145894 0.292254 0.148343 0.299951 0.153941 0.309748 0.160238 0.316978 0.174933 0.321643 0.188228 0.320244 0.222515 0.309048 0.222864 0.304383 0.222165 0.300884 0.210619 0.288056 0.227063 0.289922 0.262399 0.300418 0.280592 0.314646 0.284791 0.323976 0.277793 0.337737 0.267997 0.350099 0.273945 0.355230 0.265198 0.367592 0.254002 0.374589 0.248405 0.371091 0.240008 0.370858 0.228112 0.371091 0.220415 0.372724 0.213068 0.375289 0.205371 0.377855 0.200123 0.379954 0.191027 0.385552 0.180881 0.393949 0.174583 0.398847 0.160938 0.395115 0.152192 0.393249 0.133649 0.391850 0.129800 0.390450 0.121403 0.386485 0.121403 0.393249
2 0.169927 0.438633 0.167855 0.425508 0.170963 0.408239 0.174072 0.399950 0.187541 0.386480 0.203084 0.378191 0.224843 0.370593 0.245565 0.369902 0.262662 0.377155 0.272505 0.392007 0.283384 0.412384 0.273023 0.450030 0.281312 0.431380 0.302553 0.415492 0.326902 0.411002 0.352288 0.412384 0.382336 0.420673 0.403577 0.433107 0.414456 0.445540 0.414974 0.456247 0.405131 0.476625 0.392697 0.490785 0.374565 0.505637 0.361095 0.518416 0.343999 0.531885 0.325348 0.537757 0.295300 0.538102 0.300999 0.542247 0.306698 0.547773 0.333119 0.547428 0.332083 0.551572 0.326902 0.555717 0.311360 0.559171 0.306180 0.558134 0.298408 0.561243 0.287529 0.565733 0.269397 0.566424 0.252300 0.563660 0.235204 0.543974 0.230023 0.541211 0.215517 0.551227 0.213445 0.555717 0.198939 0.564351 0.179252 0.568150 0.161638 0.562970 0.139879 0.545010 0.123819 0.521869 0.116048 0.505291 0.116048 0.490094 0.126927 0.475243 0.139361 0.464191 0.154385 0.451067 0.150758 0.462464 0.155939 0.474898 0.170963 0.491821 0.188578 0.502183 0.205156 0.508745 0.231577 0.507709 0.274577 0.502528 0.285975 0.495621 0.288047 0.488022 0.287011 0.482842 0.284939 0.475934 0.270433 0.459356 0.253336 0.437942 0.229505 0.433452 0.190650 0.432071 0.179252 0.432071
0 0.098339 0.256209 0.112280 0.261987 0.124714 0.270527 0.127351 0.282333 0.126974 0.293134 0.125844 0.315489 0.123207 0.320513 0.114541 0.324783 0.108512 0.325788 0.095325 0.324029 0.054256 0.310214 0.043706 0.303683 0.038808 0.286352 0.040315 0.275802 0.045213 0.268015 0.053503 0.260731 0.063299 0.257214 0.074979 0.254953 0.088920 0.254702
0 0.201200 0.278565 0.215517 0.292631 0.224183 0.305190 0.222676 0.308958 0.187259 0.321266 0.173318 0.321015 0.161261 0.317247 0.147320 0.298660 0.146190 0.292882 0.152218 0.286352 0.163145 0.281579 0.172565 0.280072 0.186129 0.279318
2 0.001616 0.399660 0.060181 0.419181 0.063695 0.450415 0.061352 0.477746 0.054324 0.513665 0.047297 0.555831 0.010987 0.591751 0.000000 0.582615