0 0.446408 0.055721 0.449389 0.055626 0.452370 0.057519 0.452867 0.060074 0.451873 0.063480 0.449815 0.065373 0.447118 0.066225 0.444492 0.066698 0.442718 0.064711 0.442718 0.062345 0.442860 0.059411 0.443144 0.058181 0.444350 0.055910 0.445131 0.055532
0 0.449673 0.073984 0.450879 0.077485 0.450879 0.080230 0.450170 0.081838 0.449389 0.083352 0.445628 0.085623 0.442718 0.084866 0.439666 0.082406 0.439382 0.079567 0.441014 0.075877 0.443144 0.074363 0.444634 0.073606 0.446479 0.073132 0.448537 0.073038
0 0.423343 0.071429 0.424549 0.070861 0.425827 0.072470 0.426536 0.075593 0.427743 0.077485 0.428595 0.084488 0.428169 0.088651 0.426678 0.091301 0.425259 0.092437 0.421426 0.093951 0.413974 0.086380 0.413407 0.083352 0.414329 0.079567 0.415678 0.076539 0.418588 0.074079 0.421923 0.072659
0 0.406795 0.458688 0.404168 0.458507 0.402221 0.460017 0.401677 0.461044 0.401813 0.463399 0.402809 0.467144 0.403444 0.467808 0.406705 0.468170 0.407747 0.467566 0.408426 0.465875 0.408652 0.463339 0.408879 0.461587 0.408471 0.459534 0.407656 0.458628
0 0.416307 0.472217 0.412185 0.475297 0.411098 0.477652 0.410872 0.478256 0.411597 0.480792 0.413997 0.483208 0.417032 0.483993 0.419116 0.483691 0.420746 0.482242 0.421562 0.479766 0.421562 0.477894 0.421290 0.475780 0.419976 0.471854 0.418889 0.471673
0 0.426091 0.484778 0.427495 0.487073 0.428492 0.490516 0.428356 0.492630 0.428175 0.494381 0.427178 0.496736 0.426589 0.497582 0.425095 0.498307 0.422196 0.498548 0.421426 0.498307 0.420248 0.497703 0.419433 0.497461 0.418753 0.496978 0.418300 0.496253 0.417485 0.494502 0.417485 0.493113 0.417621 0.491784 0.418255 0.490274 0.418844 0.489308 0.420112 0.487919 0.420837 0.487073 0.422150 0.485805 0.423056 0.485201 0.424868 0.484114 0.425230 0.484054 0.425865 0.484235
0 0.408517 0.463339 0.412820 0.462916 0.416489 0.466721 0.417711 0.469076 0.415628 0.472398 0.413137 0.475055 0.410827 0.477954 0.409921 0.478196 0.407928 0.477773 0.406705 0.476867 0.405663 0.474814 0.405346 0.470888 0.405754 0.468653 0.406524 0.467687 0.406886 0.468291 0.407701 0.467506 0.408290 0.465694 0.408426 0.464184
0 0.367934 0.114124 0.369945 0.117647 0.372875 0.122626 0.376436 0.130438 0.376953 0.133808 0.376896 0.138097 0.375287 0.140472 0.370290 0.143382 0.367130 0.145604 0.361500 0.144225 0.359318 0.140931 0.356962 0.136872 0.355986 0.131970 0.355641 0.125689 0.355928 0.123009 0.357250 0.119562 0.358973 0.116881 0.360179 0.115885 0.363913 0.114660 0.365866 0.114277 0.367188 0.114047
0 0.424455 0.123781 0.424664 0.126461 0.425083 0.131151 0.424538 0.135227 0.423408 0.138465 0.421314 0.141145 0.417084 0.143490 0.414153 0.144105 0.410468 0.143100 0.407327 0.140085 0.406783 0.135394 0.407536 0.127242 0.408625 0.124618 0.411263 0.123446 0.413692 0.123278 0.415954 0.123111 0.418759 0.122999 0.422738 0.123334
0 0.422361 0.139749 0.424036 0.143323 0.424831 0.148069 0.424873 0.151531 0.424496 0.155104 0.423240 0.159069 0.421858 0.162028 0.418969 0.165266 0.414823 0.167332 0.412352 0.167723 0.410007 0.166886 0.407578 0.167276 0.402972 0.167723 0.400627 0.166048 0.400334 0.165490 0.399957 0.164485 0.398952 0.163200 0.398449 0.161693 0.399245 0.157170 0.401716 0.147678 0.404228 0.140308 0.406866 0.136288 0.407411 0.140308 0.410552 0.143323 0.414027 0.144161 0.417252 0.143658 0.421314 0.141536
0 0.388251 0.164124 0.389082 0.170856 0.389210 0.176991 0.389146 0.178696 0.387229 0.180059 0.377642 0.184831 0.373999 0.196846 0.370931 0.194205 0.368631 0.189262 0.362943 0.183723 0.361664 0.178099 0.362303 0.172475 0.364157 0.166254 0.366202 0.161908 0.368247 0.158670 0.370484 0.156540 0.374574 0.154409 0.375789 0.153983 0.379304 0.157988
0 0.371253 0.209375 0.374106 0.214064 0.375167 0.222290 0.373774 0.227421 0.372646 0.232463 0.369196 0.236001 0.367339 0.237151 0.363159 0.238124 0.360306 0.238478 0.358515 0.238478 0.356392 0.237505 0.354999 0.235824 0.353274 0.233613 0.350687 0.228570 0.349891 0.224413 0.349426 0.220079 0.349294 0.218221 0.349891 0.212118 0.351350 0.207075 0.354800 0.205660 0.360373 0.203537 0.363823 0.202830 0.367870 0.205395 0.370258 0.208579
1 0.245850 0.607422 0.244873 0.612956 0.244873 0.619792 0.250977 0.643555 0.253662 0.649414 0.265137 0.669271 0.278076 0.685547 0.280762 0.687500 0.290527 0.697917 0.307129 0.709310 0.311279 0.710612 0.313965 0.712891 0.316895 0.713867 0.321289 0.716797 0.326904 0.718424 0.330566 0.720703 0.339844 0.722982 0.349365 0.726562 0.356934 0.728190 0.358887 0.727865 0.365406 0.728604 0.360107 0.724284 0.356934 0.721354 0.352295 0.714193 0.345947 0.701172 0.343750 0.694336 0.341309 0.682292 0.339844 0.666016 0.341064 0.655273 0.341309 0.646159 0.340820 0.627930 0.338867 0.612630 0.339600 0.602539 0.339111 0.599284 0.336426 0.594727 0.315430 0.588542 0.308594 0.587565 0.290283 0.587891 0.272461 0.591797 0.264893 0.595378 0.259521 0.598958 0.255859 0.603190 0.251953 0.606120 0.247803 0.605143
1 0.335428 0.592306 0.340028 0.587117 0.349404 0.583107 0.363026 0.576974 0.369395 0.572256 0.373464 0.572256 0.378595 0.577210 0.383902 0.588060 0.394871 0.595609 0.407963 0.605516 0.417870 0.616367 0.426892 0.629104 0.436269 0.648919 0.441753 0.666374 0.441753 0.671800 0.438038 0.690670 0.433261 0.704116 0.422823 0.706475 0.429546 0.712843 0.427954 0.719448 0.423177 0.727940 0.417162 0.734781 0.401063 0.738319 0.380895 0.735252 0.365680 0.728412 0.357719 0.721571 0.352589 0.715674 0.344097 0.697511 0.340028 0.666846 0.340912 0.651278 0.341266 0.639483 0.340382 0.622500 0.338789 0.612121 0.339851 0.606224 0.339674 0.600091 0.338082 0.596552
1 0.630371 0.680339 0.628906 0.672852 0.625977 0.666992 0.624756 0.659831 0.621338 0.652669 0.612061 0.641276 0.602539 0.634766 0.595459 0.631836 0.588379 0.630208 0.575684 0.630208 0.562988 0.633464 0.541992 0.642253 0.533936 0.643880 0.506348 0.643880 0.489990 0.645508 0.470947 0.651693 0.459961 0.661133 0.452637 0.665690 0.451904 0.669596 0.449219 0.671224 0.445312 0.677734 0.445312 0.681641 0.440918 0.696289 0.440674 0.711589 0.439209 0.714193 0.434218 0.715205 0.430375 0.715808 0.424805 0.728841 0.426025 0.732422 0.425628 0.737510 0.431641 0.739909 0.441904 0.747155 0.459762 0.751676 0.483724 0.750169 0.490234 0.748698 0.493896 0.747070 0.497314 0.747070 0.501953 0.744792 0.509033 0.744466 0.521729 0.740234 0.523926 0.737956 0.536865 0.732747 0.546631 0.725911 0.559814 0.718750 0.567627 0.712565 0.579590 0.705078 0.584229 0.704102 0.596680 0.697266 0.612305 0.693359 0.618896 0.689128 0.623535 0.689453 0.626953 0.693034 0.630660 0.697724 0.630371 0.688151
2 0.398002 0.317324 0.398002 0.328331 0.398002 0.338870 0.397124 0.348471 0.396070 0.358073 0.388693 0.374232 0.390976 0.375169 0.392557 0.374934 0.394840 0.373763 0.398353 0.371890 0.400812 0.370485 0.402920 0.371187 0.403447 0.372593 0.405028 0.372827 0.406081 0.375169 0.407838 0.375169 0.409945 0.374466 0.413458 0.370485 0.415390 0.369548 0.415917 0.371890 0.413985 0.374466 0.416093 0.379384 0.414863 0.381023 0.414688 0.383131 0.413634 0.387815 0.410472 0.392264 0.405028 0.395777 0.402042 0.397651 0.399934 0.397651 0.395543 0.393904 0.387990 0.388049 0.384302 0.384536 0.379911 0.383131 0.382897 0.392030 0.386058 0.401866 0.389220 0.406316 0.392908 0.414278 0.392908 0.416854 0.391854 0.417557 0.392030 0.420367 0.392557 0.423645 0.391328 0.424348 0.388869 0.422475 0.385004 0.420835 0.381843 0.418025 0.377979 0.411468 0.374290 0.405145 0.372183 0.397182 0.371129 0.387815 0.370602 0.379852 0.370953 0.373763 0.372183 0.369548 0.369899 0.366035 0.366035 0.362522 0.362347 0.355731 0.357253 0.348003 0.354267 0.342148 0.352687 0.335357 0.351984 0.330907 0.351984 0.328331 0.351984 0.325989 0.352335 0.324584 0.353038 0.322476 0.353916 0.320135 0.355497 0.316153 0.357078 0.311938 0.358483 0.308894 0.360766 0.304210 0.362698 0.303976 0.367792 0.315685 0.371831 0.333483 0.374115 0.342148 0.375344 0.332312 0.375520 0.326223 0.375871 0.321540 0.377979 0.315685 0.379208 0.312406 0.381492 0.310533 0.383775 0.310533 0.386937 0.311470 0.389044 0.314748 0.390976 0.318964 0.393260 0.319666
0 0.328432 0.319462 0.330392 0.321006 0.332085 0.323858 0.332887 0.327540 0.333154 0.330392 0.332441 0.332174 0.331015 0.333481 0.327362 0.334669 0.325313 0.335738 0.323085 0.334906 0.320858 0.331936 0.319878 0.328016 0.319878 0.324808 0.320590 0.323739 0.321214 0.323264 0.322640 0.322432 0.324689 0.321482 0.326382 0.321363
2 0.299601 0.210889 0.302847 0.209571 0.306799 0.209383 0.311879 0.210889 0.317806 0.215781 0.321758 0.222178 0.326415 0.231586 0.327261 0.237796 0.328249 0.245887 0.334882 0.251343 0.341374 0.258494 0.348288 0.261881 0.347018 0.268278 0.348853 0.273170 0.355768 0.282014 0.360707 0.285401 0.359437 0.293680 0.358026 0.299701 0.354780 0.303276 0.350829 0.306475 0.344902 0.308169 0.335729 0.310803 0.323874 0.305346 0.327685 0.310050 0.330507 0.313625 0.329943 0.317012 0.328814 0.320023 0.323874 0.322845 0.320064 0.323221 0.317101 0.323221 0.312020 0.324727 0.309903 0.324727 0.308492 0.328678 0.307222 0.328866 0.304682 0.323786 0.303130 0.320964 0.299460 0.321904 0.294098 0.324350 0.288876 0.325479 0.281820 0.325856 0.276458 0.323598 0.272647 0.319270 0.270954 0.315319 0.269543 0.310991 0.268555 0.308921 0.260793 0.301018 0.255995 0.294997 0.253455 0.289164 0.253031 0.283331 0.252749 0.280509 0.254584 0.272982 0.256983 0.267525 0.259382 0.262069 0.262486 0.256424 0.265591 0.253790 0.269401 0.251720 0.274058 0.249274 0.278292 0.249086 0.280973 0.249086 0.284360 0.249462 0.287465 0.252284 0.290005 0.255107 0.287465 0.244758 0.287888 0.233092 0.287888 0.227823 0.290005 0.218980 0.290993 0.216722 0.292969 0.213711 0.296779 0.212018
2 0.374844 0.224390 0.378410 0.224756 0.383622 0.226767 0.384856 0.221830 0.387599 0.215612 0.392400 0.212320 0.395692 0.211771 0.402275 0.211771 0.407350 0.212503 0.414208 0.216892 0.415854 0.220732 0.418460 0.228047 0.422026 0.238654 0.421889 0.245238 0.420791 0.249627 0.425318 0.253833 0.431627 0.259868 0.436976 0.267915 0.440679 0.273218 0.442600 0.278704 0.443560 0.286751 0.443697 0.290957 0.443697 0.294066 0.443285 0.296809 0.442188 0.299918 0.437113 0.303576 0.435742 0.308879 0.433959 0.313451 0.433136 0.315463 0.429981 0.316377 0.427238 0.316560 0.423260 0.316377 0.420929 0.314914 0.414071 0.311805 0.409545 0.307965 0.402001 0.301198 0.398709 0.294432 0.397749 0.296809 0.400081 0.299369 0.400904 0.304673 0.400904 0.309976 0.400218 0.313634 0.397749 0.316743 0.394046 0.319303 0.390480 0.318206 0.386914 0.311439 0.383485 0.310159 0.380056 0.311439 0.376764 0.311622 0.376215 0.309428 0.376215 0.303210 0.376215 0.300650 0.376764 0.297541 0.379507 0.294432 0.381153 0.293700 0.384719 0.292603 0.386365 0.291506 0.386091 0.289677 0.382936 0.290043 0.379233 0.290957 0.376764 0.290957 0.372100 0.290408 0.369906 0.289494 0.366340 0.287665 0.362774 0.285837 0.359619 0.284739 0.356602 0.282728 0.353310 0.279619 0.348647 0.273218 0.347001 0.269012 0.347001 0.264074 0.348509 0.259137 0.346726 0.253833 0.345492 0.248895 0.344943 0.243409 0.344943 0.240849 0.345903 0.236277 0.347686 0.233534 0.350978 0.230425 0.352487 0.231888 0.355230 0.237740 0.358522 0.238471 0.364283 0.238471 0.371552 0.235180 0.372923 0.232437