0 0.235133 0.003098 0.234970 0.005543 0.235541 0.007336 0.238435 0.009021 0.240676 0.009293 0.241328 0.009075 0.241491 0.008423 0.241165 0.005108 0.240024 0.001902 0.238883 0.001250 0.237742 0.001522 0.235785 0.002065
0 0.220256 0.015760 0.222539 0.018097 0.225229 0.021140 0.226492 0.024346 0.225881 0.027824 0.224577 0.029726 0.223354 0.030324 0.220053 0.029889 0.218341 0.028042 0.216833 0.024618 0.216588 0.022335 0.216588 0.020488 0.217077 0.019075 0.218015 0.017173 0.218708 0.016412 0.219360 0.016031
0 0.235541 0.029835 0.236682 0.031791 0.238108 0.034889 0.239087 0.039291 0.239250 0.042551 0.238394 0.044725 0.237416 0.046519 0.232973 0.047497 0.230935 0.046736 0.229468 0.043747 0.228367 0.041682 0.227471 0.037606 0.226900 0.034345 0.227837 0.030976 0.228490 0.029835 0.229875 0.029291 0.233014 0.028965 0.235296 0.029400
0 0.230018 0.068316 0.232098 0.089920 0.229689 0.090723 0.227390 0.090504 0.226624 0.090212 0.223942 0.085686 0.222518 0.082110 0.221916 0.076928 0.222080 0.072987 0.222737 0.070797 0.224270 0.069410 0.226076 0.069702 0.226898 0.069191 0.228047 0.068243 0.229087 0.068170
0 0.233357 0.117436 0.236149 0.123275 0.237079 0.128384 0.236805 0.131814 0.235984 0.134296 0.235163 0.135390 0.231167 0.138456 0.228266 0.139624 0.226898 0.140062 0.223887 0.137726 0.220219 0.133493 0.218413 0.128895 0.217865 0.125683 0.217482 0.123348 0.217209 0.120647 0.217592 0.118239 0.218632 0.116195 0.221259 0.114443 0.224379 0.113421 0.226952 0.113494 0.228813 0.114151 0.231003 0.115611 0.232590 0.116633
0 0.269603 0.130309 0.271918 0.130029 0.274065 0.131376 0.276169 0.133789 0.277769 0.137325 0.278737 0.141366 0.279200 0.145631 0.278948 0.151244 0.278190 0.156800 0.276169 0.159045 0.273475 0.159045 0.271918 0.159438 0.270360 0.161346 0.269434 0.162805 0.267667 0.163198 0.265351 0.162805 0.262531 0.160392 0.261268 0.158596 0.260637 0.157193 0.260090 0.153994 0.259879 0.152198 0.259879 0.149167 0.259921 0.146473 0.259879 0.141254 0.260300 0.139794 0.261184 0.137269 0.261563 0.134406 0.262068 0.131993 0.262910 0.130646 0.264636 0.129973 0.265941 0.129860 0.268424 0.130253
0 0.238982 0.190641 0.241790 0.195073 0.244139 0.197900 0.247349 0.204242 0.249699 0.211501 0.250157 0.214099 0.250845 0.216468 0.250444 0.219296 0.249699 0.221512 0.248266 0.223269 0.245687 0.224339 0.243853 0.224950 0.242191 0.224950 0.240529 0.224262 0.239211 0.223880 0.236460 0.223880 0.232391 0.224186 0.230844 0.224186 0.229067 0.222963 0.227577 0.221130 0.226316 0.218914 0.224941 0.214099 0.223909 0.207757 0.223909 0.202790 0.224711 0.198435 0.226144 0.195607 0.227863 0.193009 0.230557 0.191863 0.234913 0.191099 0.237663 0.190870
0 0.371731 0.256106 0.373335 0.256887 0.374658 0.258753 0.374480 0.259738 0.372953 0.260179 0.371425 0.261028 0.370203 0.261707 0.370000 0.261367 0.369847 0.260586 0.369847 0.259534 0.370050 0.258312 0.370509 0.257022 0.370992 0.256309
0 0.357435 0.282945 0.356934 0.281084 0.357292 0.278936 0.358008 0.277122 0.359655 0.275929 0.360729 0.275834 0.362089 0.276311 0.362698 0.277552 0.363092 0.279079 0.363092 0.281036 0.362411 0.284807 0.361767 0.285093 0.360836 0.284950 0.359082 0.283900 0.357722 0.283232
0 0.367566 0.301703 0.369070 0.304090 0.369786 0.306524 0.369392 0.309197 0.366671 0.313063 0.363915 0.313397 0.362626 0.312729 0.362376 0.310056 0.362590 0.306524 0.363235 0.304376 0.364344 0.302801 0.365812 0.301465 0.366671 0.301560
0 0.267731 0.255859 0.267378 0.253820 0.267378 0.250133 0.267672 0.247937 0.269202 0.247074 0.270908 0.246917 0.273379 0.247780 0.274202 0.248408 0.275144 0.250604 0.275379 0.252879 0.275261 0.256016 0.274849 0.257193 0.274143 0.257820 0.272908 0.257350 0.270967 0.256330
0 0.275673 0.252408 0.277673 0.253192 0.279556 0.256330 0.279968 0.257899 0.279497 0.261664 0.278614 0.263703 0.278026 0.264174 0.277085 0.263233 0.275673 0.260252 0.274438 0.258840 0.273320 0.258056 0.274555 0.257585 0.274849 0.256801 0.275085 0.254918
0 0.314209 0.242188 0.313965 0.242513 0.312744 0.242513 0.312500 0.242839 0.311768 0.242839 0.311523 0.243164 0.310791 0.243164 0.310303 0.243490 0.309082 0.245117 0.308838 0.245117 0.307617 0.246419 0.305908 0.247396 0.303955 0.250000 0.303711 0.250000 0.302246 0.251628 0.302002 0.251628 0.301270 0.253581 0.301025 0.255208 0.300781 0.255534 0.300781 0.259766 0.301025 0.260091 0.301025 0.262044 0.301270 0.262370 0.301270 0.263672 0.301758 0.264974 0.301758 0.265951 0.302734 0.268229 0.306885 0.268229 0.308350 0.267253 0.308838 0.267253 0.309082 0.266927 0.310059 0.266927 0.310303 0.266602 0.311035 0.267578 0.311035 0.270508 0.311279 0.270833 0.311279 0.271484 0.311035 0.271810 0.310791 0.273438 0.309814 0.275716 0.309814 0.276367 0.309570 0.276693 0.309570 0.278320 0.309326 0.278646 0.309326 0.283529 0.309814 0.284831 0.310303 0.285482 0.310547 0.286458 0.311035 0.287109 0.311523 0.287109 0.312500 0.287760 0.313232 0.287760 0.313477 0.288086 0.318115 0.288086 0.319092 0.287435 0.320801 0.285156 0.322266 0.284180 0.323242 0.282878 0.323242 0.282552 0.323975 0.281576 0.323975 0.281250 0.324707 0.280273 0.324707 0.279948 0.326904 0.277018 0.328125 0.273763 0.328125 0.273112 0.328613 0.272461 0.328857 0.271484 0.330566 0.269206 0.330566 0.268880 0.331055 0.268229 0.331299 0.267578 0.331299 0.266602 0.331543 0.266276 0.331543 0.264648 0.331787 0.264323 0.331787 0.257487 0.331543 0.257161 0.331543 0.255208 0.331299 0.254883 0.331299 0.254232 0.331055 0.253906 0.331055 0.253255 0.330566 0.251953 0.329346 0.250326 0.328857 0.250000 0.328857 0.249674 0.327881 0.248372 0.327881 0.248047 0.326416 0.246094 0.325439 0.245443 0.323486 0.243164 0.322998 0.242839 0.322510 0.242839 0.322266 0.242513 0.320312 0.242513 0.320068 0.242188
0 0.259586 0.287211 0.261178 0.288607 0.263900 0.289054 0.267710 0.291734 0.270391 0.294916 0.272024 0.299048 0.272275 0.301784 0.271228 0.305525 0.270097 0.306865 0.269469 0.307423 0.268506 0.307423 0.267459 0.308038 0.264528 0.308708 0.262434 0.308708 0.260591 0.307312 0.257911 0.302957 0.256111 0.299383 0.255608 0.297038 0.255608 0.294860 0.255985 0.292795 0.256613 0.291790 0.257618 0.289835 0.258372 0.288551
0 0.295416 0.310183 0.298782 0.315241 0.301474 0.321278 0.302269 0.325194 0.302269 0.328458 0.301657 0.331313 0.300862 0.332374 0.298353 0.334414 0.294437 0.336779 0.291929 0.338003 0.289787 0.337514 0.286605 0.334903 0.284096 0.330905 0.281098 0.324052 0.281098 0.320218 0.281098 0.316791 0.283362 0.314017 0.286177 0.311407 0.288686 0.309775 0.290888 0.309041 0.292785 0.308878 0.294866 0.309367
0 0.302767 0.342025 0.306406 0.343844 0.311663 0.347416 0.314898 0.350786 0.316515 0.354897 0.316465 0.358469 0.314898 0.362648 0.314746 0.367231 0.314342 0.370331 0.314190 0.372016 0.313584 0.372824 0.312320 0.374240 0.309035 0.376329 0.307619 0.376531 0.305800 0.376666 0.303980 0.376194 0.301503 0.374779 0.299481 0.373229 0.297763 0.371948 0.295690 0.369859 0.292304 0.363322 0.291293 0.360626 0.290433 0.356380 0.290383 0.353954 0.291090 0.351460 0.292253 0.348966 0.293921 0.346540 0.295336 0.345125 0.298420 0.343507
2 0.255127 0.294271 0.251709 0.293620 0.250244 0.294922 0.247803 0.295898 0.245605 0.293945 0.240479 0.291341 0.235596 0.291341 0.233154 0.292969 0.231934 0.294596 0.229980 0.299805 0.229004 0.307943 0.228760 0.314128 0.229492 0.317057 0.230469 0.325521 0.232178 0.329753 0.232666 0.333984 0.231689 0.335286 0.230469 0.335938 0.224609 0.336263 0.221191 0.338542 0.216797 0.343424 0.212646 0.351237 0.208740 0.361654 0.207764 0.369466 0.208252 0.373047 0.208984 0.374674 0.211182 0.377930 0.212891 0.379232 0.216553 0.380534 0.221680 0.380859 0.222900 0.381510 0.223877 0.383789 0.223633 0.389974 0.224121 0.392578 0.225830 0.394206 0.227783 0.394857 0.230957 0.394531 0.236328 0.392904 0.238525 0.391276 0.239990 0.390951 0.243896 0.388346 0.245117 0.386719 0.248047 0.384766 0.250244 0.382161 0.252197 0.380859 0.255859 0.376628 0.257568 0.373047 0.259766 0.365885 0.260010 0.361003 0.261230 0.356120 0.261230 0.353190 0.255615 0.347656 0.253174 0.347331 0.250977 0.346029 0.249756 0.343424 0.249512 0.341797 0.251465 0.340169 0.255615 0.339844 0.258545 0.342122 0.262939 0.344401 0.265625 0.343750 0.267334 0.341146 0.267822 0.338216 0.268066 0.329102 0.269043 0.322266 0.268555 0.317383 0.264648 0.309896 0.263428 0.309245 0.258057 0.303060 0.256348 0.298828 0.255859 0.294922
2 0.333984 0.465495 0.331543 0.470052 0.331299 0.476237 0.335449 0.496094 0.337158 0.501628 0.338135 0.509440 0.339111 0.513346 0.340820 0.517253 0.340088 0.520833 0.337402 0.522786 0.335449 0.525391 0.336670 0.528971 0.339600 0.533203 0.339111 0.534505 0.337158 0.536784 0.333740 0.538737 0.330078 0.543945 0.325195 0.543945 0.322021 0.542643 0.320801 0.544596 0.321289 0.552409 0.324219 0.556966 0.326416 0.558594 0.333496 0.561523 0.337891 0.561849 0.341309 0.560221 0.344482 0.556966 0.349365 0.550456 0.352539 0.550130 0.353271 0.549154 0.354004 0.554688 0.354004 0.556966 0.353271 0.559570 0.353271 0.579753 0.354004 0.583659 0.354492 0.584310 0.357178 0.585612 0.358398 0.585286 0.359863 0.583984 0.362793 0.576172 0.364502 0.567708 0.364502 0.564779 0.365723 0.560547 0.364990 0.553060 0.363525 0.548503 0.361816 0.539388 0.360596 0.537109 0.359619 0.529622 0.364258 0.513672 0.364258 0.509440 0.365479 0.505859 0.365967 0.495768 0.365234 0.490885 0.363281 0.484701 0.358887 0.479167 0.353271 0.475260 0.349121 0.474935 0.345459 0.475586 0.343506 0.472982 0.341309 0.468750 0.339355 0.466471 0.337891 0.465495
0 0.298828 0.417318 0.298096 0.417318 0.297852 0.416992 0.288574 0.417318 0.288330 0.417643 0.286377 0.417643 0.286133 0.417969 0.285400 0.417969 0.285156 0.418294 0.281738 0.419271 0.277100 0.422201 0.275635 0.423503 0.272949 0.427409 0.271729 0.430990 0.271240 0.431641 0.270752 0.433594 0.270752 0.434570 0.270508 0.434896 0.270508 0.438151 0.270264 0.438477 0.270264 0.440104 0.269775 0.442057 0.269775 0.444661 0.270020 0.444987 0.270020 0.445964 0.270264 0.446940 0.270752 0.447591 0.273438 0.448893 0.275146 0.450846 0.275879 0.452799 0.276123 0.454427 0.277832 0.457682 0.279053 0.460938 0.280518 0.462565 0.280762 0.466471 0.280029 0.469401 0.280029 0.472982 0.280518 0.474609 0.281494 0.474935 0.282227 0.475586 0.284668 0.475911 0.284912 0.476237 0.288574 0.476237 0.288818 0.475911 0.290039 0.475911 0.290283 0.475586 0.293213 0.475260 0.293457 0.474935 0.295166 0.474609 0.296875 0.472982 0.297363 0.472982 0.298096 0.472331 0.299316 0.472005 0.301514 0.470703 0.304443 0.468099 0.306641 0.466797 0.312012 0.460286 0.312988 0.458659 0.313232 0.457357 0.314453 0.455404 0.314941 0.453451 0.316162 0.450195 0.316162 0.447591 0.316406 0.447266 0.316406 0.446289 0.316162 0.445964 0.316162 0.439779 0.315918 0.439453 0.315918 0.437500 0.315674 0.436523 0.314941 0.435221 0.315430 0.434245 0.315918 0.431641 0.314453 0.430664 0.311279 0.430664 0.310547 0.430990 0.308838 0.430013 0.308105 0.429036 0.306152 0.423503 0.304443 0.422201 0.302734 0.419922
2 0.328770 0.409201 0.331954 0.406901 0.339385 0.403717 0.342834 0.403894 0.344825 0.403894 0.345355 0.395932 0.348275 0.387617 0.350796 0.383902 0.357695 0.380187 0.363931 0.380541 0.371229 0.384079 0.377067 0.390802 0.380252 0.394871 0.383303 0.391156 0.389938 0.388148 0.399491 0.387087 0.408646 0.387971 0.414086 0.391863 0.416209 0.394694 0.417005 0.396994 0.414882 0.406193 0.412096 0.413624 0.414086 0.415924 0.414352 0.418931 0.414352 0.423354 0.411565 0.430077 0.403074 0.439807 0.393918 0.445468 0.388611 0.448653 0.385559 0.448830 0.375608 0.445468 0.366983 0.461213 0.361145 0.466698 0.355042 0.472005 0.350928 0.474659 0.347611 0.476428 0.345886 0.475367 0.343896 0.472359 0.343763 0.465636 0.344692 0.459975 0.346019 0.451660 0.347877 0.445999 0.346948 0.443522 0.342569 0.442107 0.333148 0.435207 0.324922 0.430077 0.321738 0.426185 0.320543 0.420877 0.321074 0.416808 0.323197 0.413093 0.325585 0.410439 0.327443 0.408847
1 0.404053 0.835612 0.403564 0.840820 0.404053 0.849284 0.405273 0.851237 0.406250 0.857422 0.415771 0.883789 0.420410 0.891927 0.422852 0.899414 0.429443 0.909831 0.431152 0.914062 0.437744 0.923503 0.439697 0.927409 0.447021 0.937174 0.451172 0.939779 0.453857 0.943359 0.462402 0.951172 0.466797 0.952799 0.470215 0.953125 0.474609 0.952799 0.477539 0.951172 0.486084 0.944010 0.489746 0.942057 0.499756 0.930013 0.506348 0.925781 0.510010 0.921224 0.514404 0.912760 0.517334 0.901693 0.517822 0.895182 0.517822 0.887044 0.516113 0.876628 0.514404 0.874349 0.503906 0.868490 0.494141 0.865234 0.475586 0.863281 0.454102 0.863932 0.451660 0.863281 0.440918 0.862956 0.437744 0.862305 0.435547 0.861003 0.427246 0.860026 0.421631 0.857422 0.414307 0.851237 0.409424 0.845703 0.406494 0.844401 0.405029 0.842122
1 0.392578 0.791016 0.393066 0.794922 0.392090 0.797526 0.390881 0.804217 0.391648 0.808989 0.393311 0.814779 0.394076 0.825521 0.396760 0.830293 0.400146 0.833659 0.401362 0.837962 0.404541 0.841797 0.415771 0.851562 0.418945 0.852865 0.425049 0.857422 0.442383 0.861654 0.457275 0.862630 0.473877 0.861979 0.488770 0.863607 0.498779 0.865560 0.506104 0.868490 0.513672 0.873047 0.526123 0.877604 0.539551 0.878906 0.543457 0.876953 0.542236 0.868815 0.544434 0.864909 0.544678 0.861328 0.550049 0.844523 0.550537 0.833659 0.550812 0.827637 0.549072 0.818685 0.547760 0.813599 0.544678 0.805990 0.541260 0.798177 0.538574 0.794596 0.537598 0.791016 0.534912 0.788737 0.529297 0.779948 0.520996 0.771484 0.508301 0.761068 0.502930 0.755534 0.489990 0.746419 0.474609 0.738607 0.459717 0.734701 0.450928 0.733398 0.438965 0.734375 0.431885 0.736979 0.427734 0.740234 0.430176 0.755208 0.430176 0.763346 0.428467 0.770508 0.424072 0.779297 0.419678 0.782878 0.416748 0.783854 0.396484 0.782552
1 0.269207 0.622782 0.260487 0.620278 0.258878 0.617953 0.254987 0.620994 0.250292 0.628684 0.245597 0.639595 0.244793 0.653009 0.248280 0.674651 0.265719 0.702374 0.288255 0.728666 0.316023 0.757462 0.324071 0.763007 0.311462 0.744048 0.295767 0.715609 0.286377 0.697008 0.278060 0.681805 0.273499 0.669285 0.269341 0.653367 0.268268 0.645318 0.267865 0.628148
1 0.396888 0.747123 0.399061 0.741499 0.401106 0.736045 0.406475 0.728205 0.413761 0.726501 0.423475 0.735363 0.427821 0.746101 0.430506 0.755815 0.428077 0.772006 0.425904 0.773199 0.425520 0.779505 0.420535 0.782232 0.408392 0.782913 0.399445 0.780187 0.391008 0.776437 0.385896 0.770472 0.384873 0.765018 0.385256 0.760076 0.387174 0.755645 0.389475 0.752577 0.392926 0.750361
1 0.290289 0.600030 0.297286 0.594671 0.305474 0.591694 0.320062 0.592885 0.340308 0.599633 0.364425 0.615909 0.382586 0.627819 0.399110 0.643102 0.414444 0.667913 0.421143 0.681609 0.425533 0.697871 0.425533 0.715575 0.424890 0.734421 0.421035 0.733279 0.414611 0.726140 0.407329 0.727282 0.401333 0.732993 0.397906 0.744129 0.392338 0.748698 0.383986 0.756979 0.383986 0.765831 0.387198 0.773826 0.393837 0.779251 0.384631 0.783589 0.373228 0.787293 0.362410 0.786513 0.345013 0.778911 0.336973 0.772284 0.322938 0.761758 0.308904 0.740706 0.293700 0.711663 0.282735 0.690416 0.275718 0.674822 0.271332 0.663907 0.268255 0.649045 0.267506 0.637262 0.267806 0.623482 0.269453 0.622084 0.271400 0.614096 0.276942 0.606907 0.280986 0.601914