0 0.198505 0.186835 0.196850 0.184488 0.194941 0.184318 0.192990 0.184629 0.192311 0.185591 0.192862 0.186750 0.194899 0.187373 0.196850 0.187627 0.197402 0.187542
0 0.216960 0.183441 0.219166 0.185449 0.218275 0.188023 0.218275 0.189833 0.218190 0.190173 0.215475 0.189635 0.214160 0.189437 0.212632 0.188985 0.211444 0.188080 0.211020 0.187146 0.210638 0.185110 0.210596 0.184120 0.211190 0.183696 0.212802 0.183498 0.215008 0.183441 0.216323 0.183441
0 0.231808 0.196254 0.234693 0.198997 0.235287 0.201373 0.234354 0.203777 0.233463 0.204739 0.232148 0.204880 0.230408 0.204993 0.227523 0.204823 0.225487 0.204343 0.223790 0.203353 0.221796 0.202165 0.220863 0.201033 0.220778 0.200100 0.221075 0.198658 0.221881 0.197017 0.223196 0.196197 0.225487 0.195716 0.227820 0.195603 0.230705 0.195603
0 0.245410 0.209535 0.256963 0.215234 0.259501 0.216926 0.256186 0.218584 0.254010 0.218964 0.249399 0.218550 0.247016 0.217514 0.244374 0.215648 0.243234 0.213783 0.243130 0.212229 0.243545 0.210813 0.244322 0.210157
0 0.272764 0.217755 0.275251 0.220104 0.278204 0.222694 0.283540 0.225216 0.288358 0.225699 0.292192 0.224559 0.293176 0.222867 0.294005 0.218861 0.293694 0.217168 0.291674 0.215441 0.288203 0.213783 0.285301 0.212851 0.282711 0.212678 0.279862 0.212816 0.277168 0.213438 0.275510 0.214094 0.273852 0.215027 0.272660 0.216581
0 0.282614 0.246440 0.288347 0.246865 0.293868 0.248988 0.298114 0.252385 0.297690 0.253942 0.294717 0.257552 0.293231 0.259958 0.290683 0.261020 0.289090 0.261232 0.285162 0.260878 0.281446 0.259675 0.277943 0.258967 0.275607 0.257481 0.273696 0.255358 0.271891 0.252527 0.271785 0.250828 0.272847 0.250262 0.273909 0.248351 0.274758 0.247572 0.277094 0.247006 0.280491 0.246652
0 0.316269 0.247431 0.332618 0.261091 0.334954 0.261020 0.337290 0.259109 0.340475 0.256420 0.341006 0.253942 0.341218 0.251961 0.340369 0.250050 0.338139 0.247502 0.334636 0.245732 0.330389 0.244246 0.327523 0.243750 0.324550 0.243538 0.321896 0.243680 0.319985 0.244529 0.318286 0.245803
0 0.377489 0.279554 0.380246 0.282450 0.381165 0.285791 0.380580 0.289244 0.376320 0.293254 0.373313 0.295537 0.371976 0.296595 0.362203 0.296038 0.354183 0.293755 0.350090 0.290414 0.349673 0.286348 0.350007 0.283508 0.351343 0.281503 0.353097 0.279721 0.355102 0.277438 0.356272 0.276603 0.359362 0.276547 0.365628 0.276547 0.370807 0.277215 0.373480 0.278385
1 0.425236 0.609077 0.430346 0.608040 0.429901 0.606707 0.463451 0.594117 0.533883 0.567158 0.571432 0.555309 0.598094 0.551458 0.612313 0.553235 0.607425 0.557531 0.584096 0.567751 0.550547 0.584933 0.495445 0.609373 0.430346 0.634406 0.419014 0.639590 0.412793 0.633665 0.419014 0.625518 0.421236 0.616779
0 0.265915 0.331786 0.261107 0.330681 0.259781 0.328360 0.260444 0.325818 0.260942 0.324934 0.267241 0.325376 0.270060 0.326813 0.270391 0.328802 0.270225 0.331123
0 0.291777 0.336870 0.290451 0.337202 0.289355 0.337623 0.288606 0.338872 0.290119 0.341291 0.291280 0.343391 0.294430 0.344385 0.298408 0.344275 0.297248 0.343280 0.294165 0.341079 0.291943 0.339744 0.291943 0.338307
0 0.301988 0.361868 0.303626 0.365460 0.304629 0.368489 0.303890 0.369651 0.301830 0.370531 0.299506 0.370637 0.297393 0.370355 0.295861 0.369440 0.295121 0.368383 0.293589 0.366658 0.293220 0.365143 0.293537 0.363418 0.294487 0.362432 0.296389 0.361410 0.298185 0.361199 0.300562 0.361199
2 0.461056 0.334367 0.469956 0.332090 0.478259 0.332476 0.491304 0.338148 0.499811 0.342307 0.502647 0.349113 0.500756 0.352516 0.490169 0.359447 0.491493 0.363228 0.485065 0.368270 0.470697 0.372429 0.449335 0.372807 0.435156 0.365497 0.433643 0.367388 0.429673 0.368522 0.417763 0.368018 0.404719 0.363859 0.392542 0.355750 0.390540 0.351381 0.389973 0.347222 0.390540 0.345332 0.386948 0.340542 0.385358 0.333090 0.388271 0.328191 0.395329 0.325156 0.402621 0.324298 0.406159 0.324155 0.413021 0.324584 0.417007 0.326679 0.418519 0.326805 0.418708 0.324788 0.421733 0.320755 0.428032 0.317078 0.434021 0.315336 0.442718 0.315210 0.448083 0.317436 0.454195 0.321653 0.458698 0.327658
2 0.320299 0.313198 0.329292 0.320227 0.324950 0.314025 0.324020 0.310510 0.324020 0.306892 0.324485 0.303585 0.325105 0.298313 0.327741 0.293455 0.331462 0.289630 0.336424 0.288183 0.340920 0.288080 0.347432 0.290354 0.355495 0.297486 0.357355 0.301621 0.358286 0.306479 0.357511 0.309580 0.363092 0.311647 0.366968 0.316402 0.369294 0.321054 0.370535 0.331080 0.370535 0.333664 0.367279 0.337695 0.361697 0.341623 0.356270 0.344311 0.350533 0.345861 0.346657 0.344828 0.343866 0.341520 0.339680 0.344621 0.330997 0.347102 0.323865 0.347825 0.316268 0.348239 0.307585 0.347205 0.297662 0.343174 0.292080 0.339763 0.291925 0.334284 0.288049 0.332010 0.284793 0.329426 0.284793 0.325808 0.286343 0.320847 0.290995 0.316195 0.297507 0.314231 0.303399 0.312991 0.306345 0.312474 0.310841 0.312164 0.314097 0.312164 0.318283 0.313094
1 0.211916 0.512876 0.211371 0.515968 0.207278 0.519242 0.214099 0.519788 0.216827 0.528517 0.226921 0.543431 0.237833 0.559617 0.255838 0.579987 0.283392 0.599993 0.321584 0.619453 0.364688 0.642005 0.380511 0.652735 0.394697 0.649098 0.397425 0.644915 0.374782 0.620180 0.357322 0.607995 0.333588 0.591263 0.312036 0.568347 0.297577 0.553070 0.282846 0.541066 0.258293 0.525789 0.240015 0.518514 0.228830 0.516150 0.220919 0.515605 0.217100 0.514150
1 0.295395 0.510330 0.296213 0.512876 0.305489 0.517060 0.313400 0.527062 0.332497 0.553434 0.363051 0.576168 0.393878 0.603266 0.405882 0.617089 0.411338 0.628365 0.388149 0.634548 0.375600 0.619817 0.337680 0.593082 0.317492 0.573076 0.303852 0.558344 0.291849 0.547978 0.289666 0.535247 0.291849 0.526699 0.292121 0.519242 0.291303 0.517605 0.286392 0.514150 0.284756 0.512876 0.286938 0.512331 0.289393 0.511785 0.290757 0.510512
1 0.414066 0.654736 0.427706 0.650189 0.459625 0.644006 0.513913 0.639822 0.546923 0.636367 0.571203 0.638004 0.598756 0.642551 0.618398 0.650371 0.631220 0.655463 0.633948 0.658737 0.631766 0.659465 0.622763 0.659101 0.615397 0.657646 0.540375 0.650917 0.507639 0.651099 0.464808 0.655463 0.445711 0.660010 0.415703 0.663466