0 0.522878 0.243369 0.520391 0.239943 0.518568 0.237732 0.518236 0.231432 0.524204 0.224248 0.536306 0.218391 0.546751 0.215738 0.559516 0.215186 0.568137 0.216401 0.577089 0.218501 0.582394 0.223696 0.583554 0.228006 0.583223 0.229111 0.586870 0.231874 0.587699 0.235743 0.586870 0.238395 0.585378 0.242153 0.582062 0.245800 0.577586 0.250111 0.571452 0.253537 0.566645 0.256079 0.559019 0.257958 0.551890 0.258510 0.543601 0.257958 0.537135 0.255526 0.535809 0.253758 0.531830 0.252763 0.528846 0.250553
0 0.605695 0.059228 0.602938 0.057253 0.603346 0.055211 0.604878 0.052963 0.608147 0.049831 0.611926 0.048265 0.615092 0.047312 0.618974 0.047107 0.621629 0.047380 0.622753 0.048537 0.622957 0.050580 0.624489 0.050648 0.626941 0.052146 0.628677 0.054393 0.628473 0.056572 0.627656 0.058479 0.623774 0.060658 0.620199 0.062565 0.616624 0.063450 0.611926 0.063109 0.608657 0.061203
0 0.577402 0.079724 0.570865 0.076728 0.569129 0.075230 0.568210 0.073119 0.569129 0.069238 0.572806 0.064335 0.577504 0.061748 0.582305 0.060113 0.585165 0.060113 0.588127 0.060386 0.591702 0.062769 0.594766 0.064267
0 0.501451 0.177940 0.498549 0.173381 0.499378 0.168822 0.500829 0.165506 0.508082 0.157493 0.516993 0.153487 0.521966 0.152934 0.539788 0.155421 0.541446 0.157908 0.546834 0.158599 0.550978 0.163987 0.551600 0.170618 0.549113 0.175177 0.546419 0.177940 0.543932 0.180427 0.538752 0.183742 0.532742 0.186782 0.524867 0.188025 0.517614 0.186920 0.514920 0.185124
0 0.689130 0.998668 0.689655 0.994463 0.692809 0.989907 0.693860 0.981497 0.688078 0.973787 0.671783 0.967830 0.660219 0.967830 0.653385 0.969582 0.645500 0.975189 0.640244 0.980095 0.637616 0.982899 0.643398 0.991660 0.647077 0.997967 0.654962 0.999720
2 0.379973 0.302608 0.391578 0.302829 0.404841 0.299956 0.415451 0.291556 0.426724 0.282935 0.436671 0.273652 0.441645 0.264589 0.443634 0.258179 0.441313 0.248232 0.435013 0.246242 0.429377 0.246242 0.422414 0.249116 0.423077 0.243590 0.420093 0.238064 0.417772 0.226790 0.414456 0.223475 0.409151 0.223033 0.404509 0.221485 0.399867 0.220822 0.391247 0.221706 0.383289 0.223475 0.372016 0.225243 0.359748 0.228338 0.346154 0.233422 0.339523 0.238285 0.334218 0.240716 0.327918 0.238727 0.319960 0.236958 0.313992 0.236074 0.309019 0.233864 0.298740 0.233643 0.292772 0.235190 0.291777 0.236737 0.287467 0.236737 0.281499 0.241821 0.278846 0.245579 0.276525 0.250000 0.276525 0.255968 0.277188 0.261494 0.277851 0.265031 0.274536 0.265473 0.267905 0.269010 0.263263 0.272546 0.262268 0.275862 0.263594 0.284041 0.265252 0.286914 0.271552 0.290451 0.282162 0.297745 0.292109 0.300398 0.297414 0.301503 0.298408 0.304156 0.308024 0.308576 0.316313 0.311229 0.326923 0.311892 0.339523 0.313660 0.351790 0.314545 0.364721 0.313439 0.374668 0.309461
0 0.484644 0.143678 0.474407 0.142960 0.465517 0.138829 0.460129 0.132543 0.458513 0.127874 0.458782 0.123922 0.462015 0.120690 0.466595 0.117996 0.471713 0.116020 0.479795 0.115661 0.489224 0.118894 0.497037 0.123384 0.501078 0.127874 0.502155 0.132723 0.501078 0.137751 0.497575 0.141523 0.490302 0.143139
0 0.595913 0.127391 0.591542 0.125683 0.588377 0.123473 0.587171 0.121363 0.588829 0.117645 0.591542 0.114631 0.595461 0.111918 0.601338 0.110110 0.604503 0.110411 0.611436 0.109005 0.619424 0.109607 0.624849 0.112622 0.627562 0.114832 0.630124 0.117444 0.630275 0.119454 0.629672 0.121564 0.628165 0.124779 0.626809 0.126889 0.620479 0.129803 0.615204 0.131410 0.607065 0.133018 0.600886 0.132917
0 0.480765 0.822994 0.474923 0.822322 0.469687 0.820174 0.464853 0.814669 0.464651 0.810372 0.468478 0.806075 0.474923 0.804061 0.479355 0.802852 0.484592 0.803255 0.490231 0.805672 0.495065 0.809432 0.495871 0.812386 0.495065 0.814534 0.494864 0.817220 0.492850 0.819503 0.490835 0.820711 0.486203 0.821920
0 0.428382 0.817971 0.423243 0.814103 0.419595 0.812666 0.414125 0.810566 0.410643 0.809571 0.407328 0.809240 0.403017 0.809903 0.398375 0.810676 0.394562 0.811782 0.391081 0.813439 0.386439 0.815981 0.382792 0.819076 0.380802 0.822502 0.379973 0.825707 0.381466 0.829134 0.382792 0.832339 0.386107 0.834107 0.389257 0.837754 0.395391 0.840075 0.401359 0.841180 0.408156 0.841733 0.414622 0.841733 0.418767 0.840517 0.422745 0.838859 0.428382 0.835875 0.432361 0.833002 0.433853 0.830570 0.434184 0.827255 0.433687 0.822392 0.431200 0.820513
0 0.525161 0.838213 0.525872 0.844719 0.524754 0.847701 0.522924 0.850480 0.520484 0.851835 0.518248 0.853123 0.516926 0.854140 0.513876 0.854953 0.508895 0.855902 0.501779 0.855292 0.497001 0.854411 0.492528 0.852445 0.489580 0.850480 0.486733 0.846820 0.485920 0.844787 0.485310 0.842957 0.486022 0.840382 0.487852 0.836722 0.489682 0.834011 0.491410 0.832723 0.493951 0.831775 0.495781 0.830351 0.499543 0.829674 0.507675 0.829267 0.512860 0.829064 0.518756 0.831300 0.522111 0.834011
0 0.503812 0.829470 0.504727 0.825878 0.505642 0.823100 0.508590 0.818491 0.513978 0.814967 0.519366 0.812595 0.525161 0.810426 0.529329 0.811036 0.533903 0.811036 0.540816 0.811917 0.545492 0.812798 0.549254 0.814018 0.553422 0.817949 0.557590 0.821744 0.558911 0.826014 0.556573 0.831232 0.553930 0.835231 0.550575 0.838416 0.546916 0.840788 0.538376 0.843228 0.531260 0.844041 0.526076 0.843228 0.525262 0.837874 0.519163 0.831436 0.512657 0.828860
0 0.326697 0.755770 0.329091 0.750753 0.325670 0.744595 0.320539 0.737069 0.314039 0.735701 0.305487 0.735701 0.299330 0.736613 0.295224 0.742999 0.291804 0.749384 0.293514 0.753261 0.297961 0.759191 0.306171 0.761243 0.316434 0.761015 0.323276 0.758963
0 0.255853 0.694304 0.254162 0.697121 0.251204 0.697262 0.246556 0.695430 0.242541 0.692895 0.243387 0.688528 0.246133 0.684302 0.248458 0.680922 0.250782 0.678809 0.255430 0.678386 0.259445 0.679372 0.264093 0.680217 0.268742 0.681204 0.271066 0.683880 0.271277 0.686415 0.268953 0.689937 0.265995 0.693740 0.264516 0.695149
0 0.221169 0.742146 0.220307 0.739336 0.217912 0.737292 0.214464 0.733461 0.206801 0.729183 0.201054 0.728161 0.195211 0.728672 0.191475 0.729757 0.188410 0.731226 0.185536 0.733014 0.183621 0.734163 0.180556 0.736526 0.179023 0.738697 0.179693 0.741443 0.181322 0.743487 0.183046 0.745913 0.185153 0.747829 0.194444 0.750958 0.198084 0.752043 0.201820 0.751980 0.211303 0.750255 0.215038 0.748084 0.217241 0.745147
0 0.194046 0.676673 0.193805 0.681854 0.191362 0.683510 0.186234 0.684258 0.183510 0.684285 0.180225 0.683644 0.176500 0.681748 0.174016 0.679905 0.173295 0.678463 0.173295 0.677181 0.173896 0.675659 0.175779 0.673362 0.177581 0.671786 0.179064 0.670771 0.180426 0.670611 0.182068 0.670611 0.184712 0.671279 0.186194 0.671893 0.188878 0.673015 0.191842 0.674457 0.193645 0.675124
2 0.369397 0.524425 0.345259 0.526293 0.321767 0.532615 0.313147 0.536782 0.307974 0.540805 0.304741 0.545402 0.302371 0.554023 0.298707 0.554167 0.287284 0.547126 0.271767 0.540948 0.256034 0.537500 0.250862 0.538218 0.246121 0.540948 0.242241 0.548420 0.242026 0.556897 0.243966 0.564943 0.250647 0.574282 0.258836 0.581897 0.258621 0.600000 0.263578 0.609626 0.268966 0.614368 0.273060 0.619684 0.282759 0.624282 0.285776 0.626868 0.295474 0.631178 0.301078 0.635489 0.302802 0.638362 0.307759 0.642529 0.322198 0.651149 0.337716 0.655891 0.348922 0.655747 0.353879 0.654310 0.365086 0.646983 0.367672 0.642672 0.365948 0.634483 0.360991 0.630747 0.354310 0.622414 0.357328 0.620977 0.373276 0.623276 0.387931 0.621408 0.403879 0.614799 0.420043 0.603448 0.427586 0.595833 0.432328 0.587356 0.432974 0.581034 0.431681 0.576437 0.425000 0.572126 0.418319 0.570259 0.415733 0.568534 0.414009 0.561063 0.401724 0.539655 0.389224 0.530747 0.380819 0.527155
2 0.462931 0.422845 0.453664 0.429885 0.451940 0.433333 0.446767 0.439368 0.444612 0.448132 0.439871 0.453017 0.435129 0.459914 0.431466 0.461925 0.423276 0.462356 0.419828 0.461782 0.415948 0.462931 0.404310 0.472557 0.400216 0.478592 0.396336 0.489799 0.396983 0.494109 0.400647 0.498994 0.405172 0.501580 0.407974 0.506753 0.417241 0.513362 0.425216 0.525287 0.439009 0.534195 0.451078 0.537644 0.460776 0.538649 0.482543 0.537787 0.489871 0.536063 0.497845 0.533190 0.501509 0.530316 0.505603 0.529885 0.509483 0.528161 0.513362 0.528017 0.521121 0.530460 0.525862 0.530747 0.532974 0.533908 0.545474 0.535057 0.559483 0.534483 0.585129 0.529310 0.592026 0.525287 0.597198 0.519109 0.599569 0.514511 0.596767 0.505747 0.598060 0.502011 0.607112 0.494540 0.615517 0.482328 0.616810 0.476293 0.616379 0.470833 0.612931 0.466523 0.611422 0.462069 0.608621 0.459052 0.601940 0.454885 0.592672 0.451006 0.571983 0.445546 0.550000 0.442529 0.532974 0.442816 0.529526 0.443966 0.525216 0.442960 0.521767 0.437644 0.514440 0.430460 0.504957 0.423563 0.495259 0.418822 0.487284 0.417529 0.478448 0.418103
2 0.304526 0.353448 0.302586 0.354598 0.298491 0.361063 0.298102 0.366180 0.297845 0.369397 0.299353 0.376724 0.305172 0.386063 0.309267 0.390661 0.318319 0.398132 0.326509 0.402443 0.334267 0.405029 0.337716 0.408046 0.347629 0.422126 0.352802 0.427730 0.359052 0.431322 0.363362 0.436638 0.367888 0.439080 0.371983 0.440230 0.384698 0.447557 0.390733 0.449713 0.394612 0.452730 0.400216 0.454741 0.404310 0.454741 0.406250 0.456753 0.411638 0.458764 0.423922 0.461351 0.431034 0.461351 0.435776 0.458764 0.438362 0.455029 0.438147 0.446839 0.436422 0.442816 0.432543 0.439080 0.425216 0.434770 0.423491 0.431466 0.427586 0.429598 0.432974 0.429741 0.447845 0.427730 0.456681 0.425000 0.466379 0.418391 0.470474 0.416954 0.470474 0.411207 0.472414 0.407902 0.475605 0.407088 0.479957 0.407040 0.483405 0.406322 0.485776 0.404310 0.487069 0.400431 0.486638 0.392241 0.483621 0.387500 0.482328 0.380747 0.478448 0.376724 0.471336 0.374138 0.463793 0.357184 0.450647 0.339943 0.439655 0.334052 0.431681 0.332471 0.421552 0.328305 0.407543 0.327155 0.387931 0.331609 0.365948 0.341092 0.360345 0.344828 0.355603 0.349569 0.353017 0.356466 0.353233 0.362069 0.349569 0.362356 0.338578 0.357328 0.324353 0.353161 0.315948 0.352011 0.310129 0.352011
2 0.243966 0.413075 0.242457 0.419540 0.242457 0.423994 0.243534 0.428017 0.251724 0.438075 0.256466 0.440374 0.260345 0.443247 0.271767 0.447270 0.286853 0.454598 0.296336 0.456897 0.299353 0.459195 0.306681 0.463075 0.322198 0.469397 0.329526 0.471408 0.339655 0.473276 0.341379 0.474569 0.343103 0.471408 0.345690 0.469971 0.349569 0.471408 0.352802 0.474856 0.357543 0.476149 0.360991 0.475000 0.365948 0.474569 0.371336 0.472701 0.375000 0.469828 0.384914 0.467960 0.393750 0.464655 0.400216 0.462931 0.405388 0.458908 0.404310 0.457328 0.401078 0.455029 0.396336 0.453879 0.390948 0.451437 0.382759 0.445977 0.365086 0.438649 0.362284 0.436782 0.357415 0.431403 0.348922 0.425431 0.340733 0.415948 0.336207 0.407902 0.333621 0.405891 0.330388 0.404741 0.322198 0.403017 0.314224 0.407040 0.310560 0.411207 0.310345 0.412644 0.311638 0.416236 0.314224 0.420690 0.316164 0.422414 0.319271 0.424537 0.324611 0.430005 0.318319 0.427443 0.314503 0.425936 0.312500 0.424569 0.308621 0.422989 0.306466 0.422701 0.286853 0.413362 0.270905 0.408477 0.260991 0.406178 0.256034 0.406466 0.250431 0.408046
2 0.501567 0.287013 0.505241 0.287177 0.511853 0.287177 0.521405 0.289789 0.540997 0.294850 0.555692 0.300891 0.562549 0.303830 0.563529 0.301218 0.563284 0.297300 0.563529 0.294687 0.567692 0.295830 0.569651 0.297789 0.576754 0.297300 0.579937 0.297136 0.582141 0.301218 0.582141 0.307422 0.579447 0.314443 0.578223 0.318851 0.579447 0.325056 0.577978 0.331913 0.584591 0.335178 0.588509 0.340240 0.590223 0.341056 0.588019 0.343342 0.583856 0.344485 0.579447 0.347424 0.576509 0.349220 0.572835 0.349709 0.566957 0.350852 0.556426 0.352975 0.543691 0.353791 0.535609 0.352322 0.528507 0.351832 0.519935 0.348566 0.512343 0.345464 0.504996 0.341383 0.499853 0.338117 0.497894 0.335995 0.497159 0.332403 0.493241 0.327994 0.478546 0.314933 0.474628 0.309382 0.460423 0.306932 0.444994 0.301218 0.436667 0.296320 0.432259 0.287667 0.430790 0.279176 0.433973 0.274278 0.439851 0.268564 0.443280 0.268237 0.451362 0.275258 0.454301 0.273299 0.454301 0.264319 0.456995 0.259747 0.463117 0.257135 0.468505 0.257461 0.488098 0.267258 0.492996 0.271013 0.499363 0.280319