0 0.282547 0.124549 0.288939 0.126863 0.293323 0.127594 0.293505 0.131855 0.290766 0.134047 0.285286 0.134777 0.283095 0.134290 0.280903 0.133195 0.278346 0.130759 0.277250 0.128811 0.277068 0.127350 0.279990 0.127106 0.282364 0.125767
0 0.291595 0.173276 0.291595 0.173420 0.290517 0.174282 0.289224 0.176006 0.289224 0.176293 0.288793 0.176724 0.288793 0.177011 0.288362 0.177586 0.288578 0.177874 0.288578 0.179023 0.288793 0.179167 0.288793 0.180460 0.289009 0.180603 0.289009 0.181609 0.289224 0.181753 0.289440 0.182471 0.290086 0.183046 0.290086 0.183190 0.292888 0.184914 0.293534 0.185776 0.294828 0.186638 0.295259 0.186782 0.295690 0.186782 0.295905 0.186925 0.296336 0.186925 0.296552 0.187069 0.298060 0.187213 0.298276 0.187356 0.301509 0.187356 0.301724 0.187500 0.303664 0.187500 0.303879 0.187644 0.304957 0.187644 0.305172 0.187787 0.306034 0.187787 0.306250 0.187931 0.307974 0.187931 0.308190 0.188075 0.310129 0.188075 0.310345 0.188218 0.310560 0.188075 0.311853 0.188075 0.312069 0.187931 0.313362 0.187931 0.313578 0.187787 0.314440 0.187787 0.315733 0.187069 0.315948 0.187069 0.317672 0.185632 0.318103 0.184770 0.319397 0.183908 0.319828 0.183333 0.320043 0.182615 0.320259 0.182471 0.320259 0.181897 0.320474 0.181609 0.320043 0.181322 0.320043 0.181178 0.318534 0.180316 0.318319 0.180316 0.317241 0.179454 0.316595 0.178592 0.316595 0.178305 0.316164 0.177730 0.316164 0.177299 0.315948 0.177155 0.315948 0.176724 0.315733 0.176580 0.315733 0.176293 0.315302 0.175862 0.315302 0.175575 0.314871 0.175000 0.314440 0.174713 0.314440 0.174569 0.314009 0.174282 0.313578 0.173707 0.311853 0.172557 0.311638 0.172557 0.311207 0.172270 0.310345 0.171983 0.309698 0.171983 0.309483 0.171839 0.308836 0.171839 0.308621 0.171695 0.307974 0.171695 0.307759 0.171552 0.307328 0.171552 0.307112 0.171408 0.306250 0.171408 0.306034 0.171264 0.304310 0.171264 0.304095 0.171121 0.300862 0.171121 0.300647 0.171264 0.298707 0.171264 0.298491 0.171408 0.297845 0.171408 0.297629 0.171552 0.296767 0.171552 0.296552 0.171695 0.294612 0.171839 0.293319 0.172270
0 0.357430 0.152433 0.354690 0.157669 0.353777 0.160347 0.350672 0.160834 0.345558 0.160834 0.341723 0.161565 0.337705 0.159738 0.335330 0.158277 0.335695 0.156573 0.336791 0.152555 0.336426 0.150728 0.338618 0.147928 0.342088 0.145371 0.345923 0.145249 0.351037 0.146466 0.354690 0.146710 0.355969 0.147928
0 0.306290 0.154016 0.306290 0.155964 0.305012 0.158156 0.302455 0.158643 0.298985 0.159130 0.296062 0.159130 0.293871 0.158643 0.291861 0.156816 0.290400 0.155599 0.288391 0.153650 0.288391 0.149267 0.290766 0.148658 0.294236 0.148902 0.299167 0.147928 0.302820 0.148293 0.306838 0.149876
0 0.369850 0.195414 0.367293 0.198337 0.362909 0.201746 0.359439 0.205277 0.355603 0.207104 0.349576 0.207347 0.344645 0.206129 0.338618 0.203207 0.333504 0.194562 0.333504 0.190666 0.335878 0.188961 0.342088 0.186282 0.347019 0.185674 0.354508 0.185552 0.361448 0.187744 0.369850 0.192127
0 0.300263 0.274681 0.300263 0.277116 0.296428 0.278212 0.292227 0.278212 0.288574 0.276020 0.290218 0.272733 0.293505 0.272611 0.296975 0.272611
0 0.317979 0.277969 0.317066 0.281500 0.312135 0.283204 0.307021 0.282717 0.303916 0.279795 0.304464 0.276751 0.305742 0.274437 0.309395 0.274437 0.311952 0.274072 0.316518 0.275533
0 0.358708 0.291971 0.359074 0.296233 0.356334 0.298181 0.352864 0.299764 0.344097 0.298668 0.340627 0.294406 0.340809 0.291971 0.343366 0.290753 0.345376 0.288196 0.348480 0.287101 0.351585 0.287831 0.354142 0.289049
0 0.364918 0.312427 0.363640 0.314497 0.361813 0.315349 0.357430 0.315349 0.351951 0.314010 0.348298 0.311696 0.346471 0.308287 0.348663 0.305608 0.351403 0.303295 0.354508 0.302686
1 0.417026 0.580029 0.412069 0.579023 0.407974 0.577155 0.396552 0.576437 0.385991 0.573276 0.372845 0.571408 0.346121 0.569253 0.334698 0.567529 0.306681 0.566379 0.286853 0.567960 0.255388 0.572557 0.216379 0.575862 0.205603 0.578879 0.189440 0.579454 0.185560 0.581322 0.169612 0.582184 0.158621 0.583764 0.146336 0.588506 0.142457 0.590661 0.141379 0.591954 0.141379 0.595833 0.142457 0.597270 0.146121 0.595259 0.153017 0.593103 0.162284 0.591810 0.163578 0.590805 0.169397 0.589368 0.185345 0.587931 0.201293 0.585632 0.228017 0.584195 0.251724 0.583764 0.265086 0.584052 0.267457 0.583621 0.299138 0.584626 0.306250 0.585489 0.321983 0.585920 0.329957 0.587644 0.334267 0.587213 0.340948 0.588362 0.349784 0.588075 0.371983 0.589799 0.393319 0.589511 0.401724 0.590374 0.408190 0.591810 0.410345 0.590948 0.411638 0.586638
1 0.415320 0.579771 0.402748 0.570492 0.372216 0.542355 0.357848 0.527389 0.349767 0.517511 0.339889 0.504340 0.332256 0.497456 0.325072 0.490571 0.311153 0.487877 0.303969 0.485183 0.308908 0.482789 0.321480 0.480693 0.344379 0.485483 0.382094 0.516613 0.412626 0.546845 0.425647 0.558519 0.427443 0.574383
1 0.418319 0.603448 0.414655 0.603017 0.411422 0.601437 0.409698 0.599282 0.407974 0.595259 0.404095 0.596408 0.400216 0.595115 0.392672 0.594540 0.380819 0.594828 0.372845 0.593966 0.364655 0.594971 0.360776 0.594971 0.349353 0.596983 0.323922 0.599425 0.317026 0.601437 0.310345 0.602443 0.294828 0.607040 0.287069 0.608621 0.280172 0.609052 0.271767 0.610345 0.267026 0.610345 0.263578 0.611351 0.259914 0.611494 0.255172 0.612500 0.243966 0.612931 0.240517 0.613937 0.235991 0.614080 0.231250 0.615230 0.233190 0.617385 0.233621 0.619109 0.232328 0.620259 0.199802 0.630957 0.192170 0.636345 0.191721 0.643229 0.197108 0.644726 0.203843 0.634249 0.227802 0.625575 0.232759 0.625287 0.236638 0.625718 0.247198 0.624282 0.255819 0.624569 0.266164 0.623563 0.271336 0.623851 0.275000 0.623276 0.295259 0.623994 0.298707 0.625000 0.302586 0.625000 0.306466 0.623994 0.319397 0.623994 0.325862 0.623420 0.329526 0.622557 0.333836 0.622701 0.336207 0.621839 0.341379 0.620977 0.348060 0.620977 0.355388 0.619971 0.363578 0.617960 0.368966 0.617672 0.372845 0.616236 0.380819 0.615805 0.384483 0.613937 0.392457 0.611782 0.412284 0.608477 0.414224 0.607328 0.415733 0.604598
1 0.448096 0.596234 0.456627 0.586656 0.473240 0.578873 0.488506 0.574982 0.499282 0.573785 0.523976 0.573785 0.547773 0.574383 0.561692 0.577077 0.581897 0.581867 0.566182 0.586656 0.512302 0.592044 0.484914 0.597132 0.447647 0.605514
1 0.423851 0.553730 0.457076 0.513619 0.498833 0.477101 0.514996 0.474707 0.518588 0.476203 0.473240 0.539661 0.451239 0.561512 0.435973 0.569594 0.425647 0.573186
1 0.446749 0.579771 0.477281 0.536069 0.502874 0.499850 0.534303 0.457046 0.551365 0.445672 0.567529 0.443876 0.579652 0.447468 0.580101 0.449563 0.566182 0.454053 0.550467 0.463033 0.532058 0.482190 0.511404 0.511824 0.488955 0.545348 0.473240 0.561512 0.458423 0.579771 0.446300 0.589051
2 0.491379 0.239799 0.490302 0.239368 0.485345 0.239511 0.484052 0.239943 0.478664 0.243103 0.472845 0.250144 0.470905 0.254885 0.470474 0.255172 0.466810 0.254741 0.462500 0.252299 0.457543 0.251437 0.454526 0.251293 0.451078 0.252299 0.447198 0.252730 0.442457 0.254167 0.437069 0.256753 0.433405 0.259626 0.431466 0.262787 0.430603 0.266667 0.431466 0.271408 0.434052 0.275144 0.434698 0.279167 0.436207 0.281178 0.436853 0.283190 0.438793 0.285489 0.441810 0.287500 0.447198 0.289080 0.452802 0.290086 0.454957 0.290948 0.462931 0.290948 0.466595 0.289799 0.470474 0.290230 0.471336 0.290948 0.471983 0.292241 0.473707 0.293678 0.477802 0.294828 0.481681 0.294828 0.485776 0.293966 0.490948 0.291954 0.494181 0.290230 0.500431 0.283477 0.503017 0.278879 0.506250 0.275431 0.507759 0.271408 0.508405 0.267385 0.507974 0.263506 0.506250 0.260345 0.504095 0.258190 0.501940 0.256609 0.500647 0.256178 0.499353 0.255029 0.498491 0.252730 0.498707 0.247989 0.496552 0.243966 0.494397 0.241667
2 0.390915 0.201149 0.387069 0.203017 0.386207 0.209483 0.389009 0.216954 0.391578 0.221264 0.388926 0.222812 0.392672 0.221839 0.396336 0.226724 0.399569 0.229167 0.403879 0.231609 0.405819 0.232184 0.409698 0.234339 0.415086 0.236494 0.420043 0.236638 0.422845 0.237213 0.429310 0.236782 0.434914 0.236925 0.438578 0.237931 0.441810 0.240230 0.446983 0.241379 0.451293 0.241523 0.454957 0.242672 0.458405 0.242098 0.464224 0.242098 0.474569 0.240948 0.478233 0.240086 0.479741 0.238075 0.482328 0.236494 0.484483 0.232040 0.493103 0.226868 0.495690 0.224569 0.496983 0.220690 0.496983 0.216810 0.493966 0.212787 0.487284 0.208764 0.478017 0.205029 0.470474 0.203448 0.466595 0.204167 0.462284 0.204167 0.460345 0.203592 0.459052 0.202011 0.457759 0.196983 0.455603 0.193247 0.451078 0.189511 0.446767 0.187069 0.443534 0.186494 0.438793 0.186494 0.435345 0.186925 0.429957 0.188506 0.427586 0.189655 0.423922 0.193103 0.422414 0.195402 0.419828 0.197414 0.411853 0.197557 0.408190 0.198132 0.404741 0.197270 0.400647 0.198132 0.397878 0.199160 0.395225 0.199381
2 0.354443 0.207118 0.352454 0.213749 0.346154 0.222812 0.344828 0.225464 0.349801 0.231211 0.347480 0.237843 0.347812 0.242485 0.346485 0.247569 0.339854 0.251326 0.330570 0.252653 0.327918 0.251326 0.326592 0.247126 0.321950 0.250663 0.313660 0.251105 0.310013 0.250442 0.302056 0.241158 0.315981 0.245800 0.325597 0.244695 0.327255 0.244253 0.325265 0.236295 0.320292 0.228780 0.320292 0.227011 0.322613 0.226348 0.324271 0.220822 0.324934 0.214633 0.330902 0.208665 0.333554 0.206897 0.337202 0.207339 0.339191 0.213970 0.340186 0.224359 0.343501 0.223475 0.340517 0.205349
2 0.391511 0.221118 0.380918 0.221849 0.371055 0.220388 0.372516 0.213569 0.365210 0.215761 0.354617 0.217952 0.352425 0.216978 0.356444 0.207237 0.365210 0.200906 0.370690 0.192626 0.354252 0.185320 0.338545 0.186782 0.336718 0.188243 0.339641 0.201636 0.339641 0.208699 0.329778 0.205533 0.324664 0.191165 0.326490 0.185808 0.337084 0.178745 0.352425 0.178258 0.363384 0.177771 0.368498 0.177771 0.372881 0.169492 0.380918 0.165839 0.388223 0.166082 0.393703 0.169735 0.400278 0.179963 0.400278 0.183372 0.413063 0.190191 0.414524 0.196279 0.413063 0.198471 0.394798 0.198714 0.389319 0.203098 0.388589 0.206507