0 0.376533 0.154403 0.373725 0.152582 0.372587 0.150255 0.374939 0.147978 0.378202 0.147827 0.380175 0.147827 0.383514 0.150103 0.383514 0.152127
0 0.397478 0.162700 0.389585 0.157034 0.389813 0.155921 0.391710 0.153847 0.393000 0.153240 0.394670 0.153341 0.397022 0.153948 0.399147 0.155516 0.399906 0.157135 0.399982 0.158552 0.399678 0.160525 0.398312 0.162043
0 0.386404 0.169441 0.390180 0.170884 0.392513 0.171280 0.395228 0.172694 0.397434 0.174956 0.397434 0.175918 0.395525 0.178803 0.393955 0.180245 0.391367 0.180924 0.388822 0.180952 0.386616 0.180047 0.384198 0.178294 0.382076 0.176059 0.381822 0.175070 0.381992 0.174051 0.382713 0.173033 0.383943 0.171845 0.385131 0.170912 0.386192 0.170007 0.386404 0.169752
0 0.439841 0.170467 0.441347 0.172785 0.441579 0.175411 0.440652 0.180123 0.438798 0.181900 0.435669 0.182749 0.433468 0.183831 0.431150 0.184372 0.427443 0.183985 0.424082 0.182749 0.423039 0.179737 0.421997 0.176724 0.421997 0.174407 0.422808 0.171780 0.423271 0.170467 0.424546 0.169077 0.425704 0.168073 0.427674 0.167841 0.429992 0.167841 0.432541 0.167841 0.434511 0.167995 0.437987 0.168845
0 0.428369 0.193641 0.432657 0.193487 0.438103 0.193023 0.444012 0.194336 0.448183 0.197735 0.450501 0.203529 0.449689 0.206155 0.446793 0.208009 0.445171 0.209940 0.442621 0.210635 0.438450 0.211408 0.436712 0.211253 0.429296 0.197272
0 0.434279 0.226162 0.433236 0.230024 0.431498 0.235277 0.427790 0.238753 0.423271 0.239062 0.417825 0.239448 0.414233 0.239603 0.411453 0.239216 0.408092 0.237517 0.405311 0.235509 0.402762 0.232264 0.402183 0.229792 0.404037 0.228865 0.404964 0.227398 0.405080 0.225698 0.406818 0.223767 0.409251 0.221913 0.411453 0.220986 0.414349 0.220909 0.418521 0.220909 0.421881 0.220986 0.425125 0.222145 0.427790 0.222840 0.429528 0.223381 0.433584 0.224771
0 0.511505 0.236271 0.514628 0.238631 0.516294 0.242171 0.517647 0.244392 0.517647 0.246752 0.515669 0.250292 0.512025 0.253901 0.507548 0.255914 0.502447 0.259037 0.497553 0.260009 0.494846 0.259523 0.491411 0.258760 0.486725 0.255150 0.484331 0.252027 0.484123 0.250639 0.483706 0.247446 0.483810 0.244531 0.484851 0.242171 0.486621 0.240019 0.488079 0.238839 0.491515 0.236340 0.495263 0.235507 0.500156 0.234744 0.502863 0.234466 0.506611 0.234536 0.509214 0.235299
1 0.377874 0.678537 0.364019 0.669643 0.341441 0.657841 0.313218 0.645012 0.285766 0.635776 0.260878 0.635434 0.241123 0.637315 0.231630 0.642276 0.231117 0.647407 0.226755 0.650657 0.224702 0.653051 0.224189 0.656130 0.228294 0.659893 0.241892 0.667761 0.270372 0.680590 0.297055 0.690510 0.329382 0.700602 0.358888 0.708470 0.378130 0.708299 0.398399 0.704023 0.397886 0.699918 0.387110 0.693418 0.386853 0.687774
1 0.420977 0.695984 0.441759 0.704878 0.481527 0.714115 0.518216 0.718049 0.537972 0.719588 0.579023 0.719417 0.595700 0.718220 0.624949 0.720101 0.639573 0.724377 0.638290 0.718904 0.641626 0.714628 0.642139 0.707273 0.636494 0.697523 0.621357 0.687774 0.603654 0.682300 0.556958 0.676485 0.511032 0.675629 0.477165 0.675116 0.464337 0.675800 0.437654 0.678537 0.430213 0.681958 0.428161 0.689655
0 0.741121 0.596878 0.739372 0.598291 0.739187 0.600378 0.739372 0.602282 0.741398 0.602343 0.742963 0.600624 0.743516 0.599334 0.743516 0.596940 0.742595 0.596756
0 0.735687 0.606211 0.738911 0.605229 0.743977 0.605413 0.746371 0.607194 0.745266 0.608667 0.742871 0.610141 0.740569 0.610694 0.737806 0.610755 0.735964 0.609957 0.734490 0.609097 0.735043 0.607378
0 0.716991 0.601176 0.716991 0.603694 0.718649 0.604860 0.721504 0.605045 0.725464 0.604001 0.729148 0.602589 0.730622 0.600255 0.728780 0.598782 0.725740 0.597247 0.723991 0.597063 0.721688 0.597247 0.720214 0.597984 0.717912 0.599457
0 0.695623 0.617693 0.694150 0.621132 0.695255 0.623772 0.697373 0.625061 0.698939 0.625860 0.703912 0.625614 0.707136 0.624693 0.709162 0.622114 0.710544 0.620518 0.710083 0.618921 0.706952 0.617816 0.704189 0.616588 0.700321 0.616588 0.697373 0.617079
1 0.453912 0.654288 0.480438 0.653625 0.514257 0.650752 0.556034 0.644562 0.621353 0.629089 0.659814 0.620469 0.686671 0.616490 0.710544 0.616269 0.718833 0.615827 0.729443 0.622679 0.709218 0.622679 0.655172 0.631742 0.620027 0.642131 0.585544 0.652078 0.563660 0.654509 0.492374 0.663130 0.442971 0.671972 0.436008 0.676614 0.420093 0.667551 0.448607 0.661141
1 0.406456 0.641508 0.413793 0.633712 0.423652 0.627751 0.441535 0.620109 0.457814 0.616440 0.472258 0.615829 0.483951 0.617969 0.494039 0.622096 0.497707 0.626834 0.497707 0.630808 0.498166 0.632948 0.499771 0.635088 0.497249 0.637839 0.490141 0.640896 0.477990 0.641049 0.471341 0.642425 0.459648 0.649456 0.454145 0.655264 0.449101 0.660155 0.433740 0.663365 0.420213 0.664894 0.413105 0.655723 0.411500 0.649150
1 0.376905 0.496492 0.389936 0.509857 0.392442 0.539261 0.387003 0.562540 0.378023 0.600854 0.381017 0.628592 0.396282 0.663713 0.411847 0.663314 0.416936 0.661917 0.412446 0.656529 0.410351 0.647949 0.406759 0.641164 0.413344 0.632982 0.430705 0.624601 0.436392 0.622206 0.422025 0.583094 0.415439 0.538993 0.414242 0.515046 0.413045 0.510257 0.401970 0.498084 0.387003 0.496288
1 0.363337 0.624239 0.350406 0.604124 0.335446 0.588066 0.321755 0.577248 0.305020 0.569642 0.296653 0.567613 0.282961 0.566768 0.269523 0.569811 0.266481 0.574882 0.276369 0.573698 0.286258 0.571839 0.297160 0.573191 0.318458 0.583164 0.326065 0.590095 0.339249 0.605984 0.346095 0.618154 0.359280 0.635903 0.364097 0.640467 0.363844 0.637762 0.361815 0.632015 0.361562 0.628634
2 0.478863 0.332808 0.485908 0.335848 0.489846 0.345104 0.493369 0.368037 0.495234 0.367899 0.497099 0.362373 0.497306 0.359195 0.500829 0.356018 0.505388 0.356571 0.512019 0.362373 0.515542 0.368590 0.521966 0.380471 0.529012 0.377846 0.528390 0.380471 0.531913 0.380471 0.531291 0.384477 0.525696 0.388345 0.522381 0.390280 0.519065 0.393595 0.511812 0.397878 0.511812 0.401055 0.507253 0.402161 0.501036 0.400779 0.495027 0.398292 0.491711 0.396635 0.489017 0.394286 0.486323 0.390003 0.481764 0.390003 0.473889 0.383510 0.466429 0.376879 0.464150 0.373149 0.463113 0.365136 0.463113 0.360577 0.464978 0.359195 0.467880 0.360853 0.468087 0.359195 0.466429 0.354913 0.465600 0.351597 0.466636 0.347452 0.468501 0.343999 0.470574 0.340821 0.473889 0.336815 0.475754 0.334466
2 0.453166 0.303658 0.455653 0.300619 0.458969 0.300066 0.469330 0.300066 0.481764 0.302691 0.497513 0.310566 0.500829 0.316230 0.501036 0.319131 0.499586 0.322032 0.491504 0.327144 0.480935 0.329769 0.485287 0.335157 0.478448 0.332532 0.474718 0.335295 0.468709 0.342479 0.456689 0.343446 0.445913 0.342617 0.441354 0.340683 0.434309 0.338058 0.427677 0.336124 0.422911 0.336815 0.417109 0.338058 0.403224 0.335433 0.387475 0.330322 0.381880 0.327006 0.378979 0.323000 0.377321 0.318441 0.379600 0.316368 0.380222 0.315125 0.375870 0.310980 0.371933 0.307803 0.368203 0.301448 0.368203 0.297441 0.373176 0.293297 0.378564 0.291225 0.384988 0.290672 0.390376 0.290672 0.398458 0.290948 0.403846 0.290948 0.406747 0.291086 0.410685 0.292744 0.413793 0.290948 0.416073 0.289152 0.420839 0.287494 0.422289 0.287218 0.424776 0.287080 0.433894 0.287633 0.440111 0.288462 0.444048 0.292053 0.449851 0.297994
2 0.403846 0.226431 0.399287 0.226569 0.390998 0.228365 0.388097 0.231819 0.389133 0.238865 0.389755 0.246601 0.387061 0.247845 0.382502 0.248950 0.377114 0.252128 0.372762 0.254752 0.368825 0.259311 0.366960 0.265943 0.365716 0.270364 0.368203 0.274923 0.376078 0.278791 0.376078 0.283903 0.376078 0.286251 0.377735 0.288323 0.385610 0.290948 0.394106 0.291915 0.405297 0.290258 0.414622 0.286113 0.418145 0.282935 0.421253 0.276166 0.422704 0.280311 0.426227 0.282107 0.432029 0.280863 0.437832 0.279205 0.443841 0.275613 0.452752 0.267048 0.453166 0.262074 0.452545 0.256134 0.451716 0.252818 0.450472 0.247707 0.445913 0.241766 0.442183 0.239003 0.438868 0.236516 0.433894 0.236102 0.431200 0.236102 0.428299 0.238036 0.425398 0.238865 0.411721 0.239556 0.403846 0.234997 0.401981 0.231405 0.402810 0.230023 0.404882 0.228227
2 0.510998 0.254918 0.518108 0.254621 0.527217 0.257139 0.534549 0.266027 0.537882 0.276543 0.537882 0.283061 0.541881 0.278617 0.544992 0.278173 0.556546 0.278173 0.567432 0.281876 0.582985 0.294466 0.584541 0.302465 0.584318 0.307205 0.580541 0.311648 0.565433 0.314314 0.560989 0.315796 0.564100 0.320239 0.560767 0.321572 0.551880 0.322313 0.539437 0.320980 0.520996 0.316092 0.516553 0.311945 0.512776 0.307205 0.511220 0.309278 0.501000 0.307797 0.494112 0.304983 0.484114 0.301576 0.478337 0.297725 0.473894 0.292392 0.472783 0.286764 0.472560 0.282172 0.474116 0.279950 0.471227 0.278173 0.470561 0.274173 0.467895 0.267064 0.468339 0.262620 0.472783 0.259213 0.478782 0.259065 0.484558 0.258621 0.492335 0.258621 0.499000 0.259806 0.501666 0.260546 0.503444 0.259509 0.506332 0.257584 0.508554 0.256399
1 0.541487 0.098150 0.534303 0.093211 0.519935 0.092313 0.511404 0.092313 0.502874 0.094558 0.496139 0.097252 0.492547 0.100245 0.490302 0.103089 0.486934 0.108627 0.486934 0.112518 0.489179 0.116709 0.493445 0.118355 0.503098 0.118355 0.514323 0.115511 0.537222 0.112668 0.542834 0.111021 0.547773 0.109076 0.548895 0.106531 0.548895 0.104586 0.544181 0.102640 0.541263 0.100395
1 0.695941 0.122396 0.685390 0.120600 0.653736 0.120899 0.634429 0.121947 0.623878 0.128831 0.629939 0.132872 0.648123 0.133920 0.668777 0.133920 0.685165 0.131675 0.695268 0.128233 0.697962 0.125988
1 0.643858 0.109974 0.636674 0.102041 0.625449 0.098300 0.606816 0.093062 0.577182 0.085578 0.561916 0.085578 0.556753 0.090218 0.562141 0.094858 0.573141 0.102640 0.593795 0.113266 0.611530 0.116858 0.627469 0.119552 0.644307 0.118505 0.652164 0.116858 0.652389 0.114164 0.647899 0.112069
1 0.771883 0.137268 0.793269 0.136273 0.797580 0.134615 0.794927 0.131189 0.793103 0.126768 0.793103 0.123121 0.797082 0.122126 0.802553 0.122569 0.816976 0.126879 0.817308 0.123453 0.822447 0.115053 0.822281 0.108974 0.822281 0.101901 0.812168 0.100243 0.805703 0.098364 0.795093 0.099027 0.781499 0.103006 0.776194 0.106985 0.769562 0.116158 0.766081 0.121132 0.763926 0.125774 0.763263 0.128979 0.765252 0.131300 0.767573 0.134947