1 0.337500 0.454454 0.325862 0.461351 0.319612 0.468678 0.312500 0.470402 0.298491 0.482328 0.293534 0.484914 0.278448 0.501149 0.271767 0.512356 0.268966 0.525000 0.270690 0.545402 0.277371 0.561351 0.280172 0.564511 0.280819 0.568247 0.289871 0.578448 0.294828 0.580891 0.297414 0.586063 0.306250 0.593391 0.311207 0.594971 0.314871 0.599282 0.324784 0.604598 0.329095 0.608190 0.353448 0.618391 0.384698 0.627155 0.412284 0.631178 0.443534 0.631897 0.458621 0.630891 0.462500 0.629167 0.477586 0.626437 0.482112 0.624569 0.486207 0.625575 0.492241 0.624569 0.493966 0.623563 0.496121 0.618247 0.504095 0.607328 0.507543 0.598851 0.513793 0.591667 0.516164 0.584195 0.516810 0.575431 0.515948 0.560345 0.510129 0.540805 0.503448 0.525431 0.486207 0.503017 0.472629 0.489655 0.457328 0.478305 0.428233 0.462787 0.400216 0.451868 0.381466 0.448994 0.369612 0.450287 0.364440 0.449282 0.356466 0.451006 0.345474 0.451868
1 0.656034 0.625575 0.653448 0.623994 0.649353 0.623132 0.646336 0.620259 0.642457 0.618966 0.638578 0.616092 0.634914 0.614943 0.623922 0.608908 0.610345 0.607759 0.599569 0.605029 0.595474 0.605172 0.584267 0.603161 0.557328 0.602586 0.540302 0.603161 0.520043 0.605747 0.507759 0.608764 0.499569 0.615948 0.498060 0.623276 0.501078 0.626868 0.500000 0.629310 0.493966 0.630316 0.483621 0.628448 0.474784 0.628305 0.461853 0.630747 0.451293 0.634195 0.441164 0.641523 0.436853 0.646121 0.435560 0.648994 0.426509 0.656897 0.421552 0.666236 0.420905 0.678305 0.423922 0.689224 0.431034 0.697845 0.433405 0.703305 0.435991 0.704598 0.437069 0.707471 0.446552 0.712931 0.451078 0.712931 0.458621 0.715230 0.473922 0.716092 0.521336 0.713793 0.540948 0.710776 0.568534 0.709339 0.576940 0.707759 0.621315 0.707175 0.616449 0.702076 0.609914 0.696839 0.615517 0.693822 0.634483 0.678161 0.638578 0.676149 0.651078 0.664511 0.654526 0.662356 0.656681 0.658046 0.662069 0.654310 0.664871 0.650287 0.667026 0.642098 0.664224 0.638506 0.663578 0.634483 0.661853 0.632615 0.657543 0.631178
1 0.282974 0.470402 0.279310 0.471408 0.275216 0.471408 0.263362 0.473420 0.244828 0.478448 0.232759 0.485345 0.220474 0.487931 0.204526 0.492529 0.198276 0.497989 0.196767 0.501437 0.195474 0.508908 0.195474 0.519109 0.197198 0.527155 0.200862 0.537356 0.210991 0.552586 0.215302 0.555747 0.218534 0.560920 0.221983 0.564224 0.243103 0.581034 0.251940 0.586494 0.274784 0.596983 0.305603 0.607328 0.314224 0.609483 0.344619 0.614943 0.325848 0.607063 0.326509 0.607328 0.308836 0.597126 0.306681 0.594397 0.300216 0.590086 0.298491 0.587644 0.292672 0.582902 0.290086 0.579167 0.285129 0.574425 0.275000 0.560201 0.269181 0.544684 0.267888 0.526293 0.269397 0.517672 0.271121 0.513649 0.270905 0.509770 0.276293 0.503448 0.277802 0.500431 0.280603 0.497989 0.283405 0.492672 0.287284 0.491236 0.292457 0.485057 0.297198 0.482328 0.298707 0.479885 0.305819 0.474569 0.308468 0.472191 0.298707 0.470259
1 0.418944 0.684329 0.414214 0.696944 0.410534 0.705355 0.410534 0.714116 0.423150 0.722526 0.436817 0.726030 0.459945 0.730936 0.479920 0.730936 0.505151 0.732338 0.511985 0.733039 0.503049 0.716218 0.473612 0.715868 0.462048 0.715167 0.449958 0.713415 0.441022 0.710611 0.436817 0.707808 0.432611 0.705355 0.427355 0.694842
0 0.632965 0.344765 0.647783 0.341544 0.659202 0.341642 0.667166 0.345077 0.674194 0.345702 0.676537 0.349450 0.677942 0.352261 0.680285 0.356009 0.680285 0.359758 0.677474 0.364755 0.674194 0.368816 0.669509 0.372564 0.662481 0.375062 0.656859 0.375062 0.650300 0.374438 0.645615 0.373813 0.641867 0.373501 0.639055 0.372251 0.630622 0.365692 0.624063 0.360070 0.623594 0.354448 0.626406 0.351012 0.627811 0.347576
0 0.581897 0.317591 0.565967 0.313843 0.558939 0.314468 0.552849 0.316654 0.549569 0.318841 0.547226 0.322589 0.545821 0.327586 0.545821 0.331022 0.549100 0.335707 0.554723 0.340705 0.561750 0.342579 0.572058 0.342579 0.577211 0.341642 0.583302 0.338518 0.588456 0.334458 0.589393 0.329148 0.589393 0.324775 0.587519 0.321027
0 0.658559 0.325123 0.669027 0.323276 0.677340 0.323276 0.682574 0.323276 0.685653 0.323276 0.690887 0.325328 0.692734 0.328407 0.693966 0.330870 0.694581 0.333539 0.694889 0.338875 0.693658 0.340517 0.686884 0.344622 0.679187 0.346059 0.673030 0.346059 0.666872 0.345238 0.659791 0.340517 0.658251 0.337233 0.656712 0.332307 0.656712 0.329433
0 0.638855 0.300698 0.633313 0.297209 0.622229 0.294335 0.621305 0.293103 0.625924 0.288793 0.632697 0.287562 0.640086 0.285714 0.645320 0.285714 0.651478 0.287356 0.653017 0.288998 0.656096 0.291872 0.657020 0.294540 0.658251 0.297824 0.658251 0.299466 0.653017 0.301314 0.649631 0.303161 0.643473 0.303982 0.639778 0.303366
0 0.664101 0.306856 0.667796 0.303982 0.672414 0.303161 0.676108 0.303161 0.682882 0.304598 0.691810 0.307266 0.700739 0.311987 0.704741 0.319376 0.703202 0.324507 0.701663 0.328818 0.698892 0.331691 0.695197 0.333128 0.690887 0.326765 0.686884 0.324507 0.682266 0.322865 0.676416 0.323276 0.667180 0.323686 0.659483 0.325944 0.657020 0.325944 0.653325 0.324097 0.649015 0.321634 0.649323 0.319787 0.652094 0.316502 0.653633 0.315066 0.655788 0.313218 0.658559 0.312603 0.661638 0.309934
0 0.386807 0.349700 0.381372 0.348076 0.380435 0.348076 0.376687 0.349450 0.374438 0.352824 0.372376 0.355197 0.370690 0.358071 0.371252 0.359820 0.375000 0.360570 0.378936 0.361444 0.380997 0.361444 0.385120 0.360945 0.387181 0.360570 0.391679 0.358946 0.392429 0.356947 0.392991 0.353823 0.392241 0.351949 0.389993 0.349950
0 0.344828 0.339205 0.341267 0.336332 0.339393 0.336332 0.336394 0.336582 0.333958 0.337331 0.332271 0.338081 0.331522 0.339080 0.329835 0.340705 0.329648 0.342579 0.333021 0.344453 0.335645 0.345952 0.339018 0.346577 0.343141 0.346577 0.348763 0.345952 0.349700 0.345702 0.349888 0.344578 0.349888 0.343078 0.348951 0.342204 0.348013 0.341454
0 0.619374 0.298179 0.613496 0.296686 0.609438 0.296126 0.607759 0.295940 0.606079 0.296593 0.604540 0.298459 0.603700 0.299672 0.602441 0.301071 0.601881 0.302657 0.601741 0.304523 0.602441 0.307602 0.605100 0.309375 0.606779 0.310961 0.609158 0.312173 0.612797 0.312173 0.616295 0.312360 0.619654 0.312267 0.621054 0.310494 0.622873 0.306109 0.623013 0.304150 0.621193 0.302750 0.619794 0.301071
0 0.645949 0.304527 0.639468 0.303523 0.636303 0.304829 0.633440 0.307743 0.633892 0.310053 0.636002 0.312565 0.641729 0.316986 0.644140 0.317689 0.647305 0.316082 0.650169 0.313771 0.650922 0.312063 0.650169 0.308948 0.648360 0.306637
2 0.580478 0.316638 0.583752 0.312636 0.583479 0.306635 0.583479 0.304634 0.579932 0.302815 0.575840 0.299542 0.568474 0.294995 0.560017 0.290448 0.554834 0.289539 0.549378 0.289175 0.548014 0.289175 0.540921 0.288811 0.536283 0.288811 0.528372 0.289539 0.526189 0.290266 0.525371 0.284628 0.524280 0.275898 0.521825 0.274625 0.513368 0.264804 0.502182 0.257711 0.490725 0.254801 0.482268 0.254801 0.475175 0.255165 0.467536 0.256256 0.460716 0.257893 0.458806 0.260076 0.453623 0.264804 0.452532 0.268442 0.451986 0.275535 0.454441 0.283901 0.459079 0.292631 0.469446 0.302997 0.455533 0.302270 0.441347 0.302633 0.430162 0.305725 0.414612 0.311000 0.407519 0.317365 0.403699 0.321912 0.401790 0.326095 0.400153 0.331733 0.404518 0.334643 0.409428 0.339008 0.415703 0.340645 0.421704 0.340645 0.427706 0.341190 0.426615 0.346646 0.426069 0.350284 0.425797 0.352830 0.428525 0.356649 0.432344 0.358286 0.442165 0.359559 0.453896 0.359377 0.462625 0.356285 0.470537 0.356285 0.475993 0.356649 0.487724 0.353194 0.481449 0.360287 0.481176 0.363924 0.484723 0.364106 0.487178 0.363742 0.496999 0.361742 0.500546 0.363560 0.506820 0.362469 0.506820 0.361014 0.515004 0.363197 0.518824 0.363742 0.520733 0.363742 0.521552 0.362833 0.526462 0.361378 0.529736 0.359923 0.533828 0.356467 0.533010 0.354467 0.527553 0.343554 0.522370 0.343191 0.526462 0.340463 0.533555 0.342645 0.541467 0.344828 0.548287 0.347192 0.563564 0.347192 0.582388 0.346828 0.590572 0.344464 0.595482 0.342281 0.596574 0.339917 0.598210 0.337189 0.594664 0.327186 0.591117 0.326277 0.589753 0.330824 0.586753 0.335552 0.582115 0.339735 0.576113 0.342463 0.567383 0.342463 0.559745 0.342463 0.554289 0.339735 0.548014 0.335552 0.546104 0.330642 0.545832 0.324276 0.550469 0.317183 0.557562 0.314637 0.564655 0.314637 0.569838 0.314637
2 0.686054 0.305725 0.698330 0.300997 0.710607 0.298996 0.719337 0.299542 0.726430 0.301542 0.736796 0.304998 0.745526 0.313910 0.744980 0.320275 0.744708 0.323003 0.742798 0.326095 0.738433 0.332824 0.747436 0.335734 0.758621 0.338644 0.765986 0.341736 0.771170 0.345373 0.777717 0.348101 0.783719 0.355194 0.788902 0.362287 0.787538 0.369562 0.785901 0.371563 0.785356 0.373018 0.782628 0.376291 0.773079 0.379929 0.765441 0.381384 0.760530 0.390113 0.750709 0.395388 0.735159 0.397206 0.719064 0.394660 0.711425 0.392478 0.699967 0.388659 0.699694 0.390477 0.701331 0.394297 0.699967 0.396843 0.697239 0.397934 0.695057 0.397934 0.690965 0.397570 0.686327 0.395388 0.681416 0.394660 0.678688 0.395388 0.675687 0.395388 0.675415 0.393751 0.670777 0.393751 0.668322 0.393751 0.665048 0.393023 0.659592 0.391205 0.657137 0.389750 0.654954 0.386840 0.654136 0.385385 0.654954 0.382293 0.657682 0.378110 0.659046 0.375564 0.671323 0.371017 0.675415 0.367198 0.679780 0.361560 0.678961 0.358832 0.680325 0.355194 0.677597 0.352466 0.676233 0.350647 0.675960 0.348829 0.675142 0.345555 0.684144 0.345373 0.687145 0.344828 0.690146 0.342463 0.695057 0.338644 0.695602 0.333006 0.699149 0.331915 0.702695 0.327550 0.704878 0.319729 0.700786 0.311363 0.695330 0.308817