0 0.465566 0.043087 0.460423 0.041291 0.457974 0.042924 0.454301 0.046516 0.452341 0.048802 0.457239 0.049455 0.462382 0.049618 0.465566 0.049618 0.466546 0.047332
0 0.499363 0.057455 0.497404 0.060067 0.496914 0.061047 0.494465 0.061210 0.489322 0.059904 0.487608 0.058598 0.487608 0.055332 0.490057 0.052557 0.492996 0.051904 0.497404 0.053536 0.501567 0.055822
0 0.567202 0.117049 0.563039 0.115579 0.558141 0.112477 0.556916 0.110844 0.555937 0.108232 0.556671 0.103987 0.559365 0.101865 0.565243 0.100558 0.566467 0.098926 0.570631 0.098926 0.575284 0.101865 0.576754 0.107579 0.576998 0.110844 0.573815 0.114763
0 0.533405 0.062516 0.533650 0.060067 0.530711 0.056312 0.527283 0.054843 0.523119 0.054843 0.521895 0.057128 0.521405 0.061537 0.521405 0.064639 0.525323 0.064802 0.528262 0.064802 0.531936 0.064639
0 0.529242 0.092232 0.522874 0.091905 0.520425 0.091089 0.516996 0.087497 0.516752 0.084884 0.517241 0.082272 0.519446 0.079823 0.526058 0.078843 0.528997 0.079170 0.532426 0.082925 0.534140 0.087007 0.533160 0.089293
0 0.545406 0.145458 0.542222 0.146764 0.537813 0.147907 0.533160 0.147907 0.528262 0.145621 0.524344 0.142682 0.523854 0.139907 0.525078 0.135988 0.526058 0.134029 0.528997 0.133213 0.534385 0.132559 0.537079 0.131580 0.540752 0.131417 0.545406 0.131417 0.548344 0.134029
0 0.585325 0.188725 0.578468 0.191174 0.571855 0.190357 0.565488 0.186602 0.563774 0.184969 0.563774 0.180561 0.564018 0.177132 0.568182 0.170601 0.575774 0.165377 0.579447 0.163744 0.584346 0.163744 0.590713 0.163907 0.595366 0.165703 0.602224 0.169948 0.602469 0.173704 0.600020 0.182520 0.596346 0.187092 0.592183 0.189214
0 0.515282 0.182357 0.521405 0.182030 0.531201 0.180561 0.536834 0.177949 0.537569 0.175989 0.537569 0.172887 0.536344 0.168642 0.532915 0.163581 0.526303 0.160805 0.521895 0.160805 0.518956 0.160805 0.516262 0.161132 0.510874 0.164234 0.508180 0.169295 0.507690 0.176153 0.513323 0.178602
2 0.521336 0.345259 0.513578 0.342960 0.509698 0.343103 0.499138 0.347989 0.490086 0.350287 0.486638 0.348994 0.482328 0.348851 0.474569 0.340948 0.469612 0.337356 0.464009 0.334914 0.458621 0.333333 0.451078 0.332328 0.446552 0.332328 0.438793 0.334052 0.435129 0.336494 0.431466 0.337787 0.427155 0.343678 0.424353 0.354310 0.424569 0.365517 0.421336 0.366236 0.412069 0.365805 0.406897 0.366810 0.403879 0.368678 0.400216 0.369109 0.386853 0.376149 0.380603 0.382040 0.375862 0.389368 0.376293 0.396264 0.378448 0.400287 0.384698 0.405747 0.389871 0.406753 0.392457 0.408190 0.395905 0.408621 0.404095 0.412213 0.407974 0.418822 0.411853 0.421695 0.422629 0.423707 0.430388 0.424138 0.446552 0.422989 0.459483 0.420402 0.468750 0.415805 0.473707 0.411925 0.477802 0.406322 0.481034 0.404310 0.477371 0.398132 0.474138 0.396408 0.471336 0.392385 0.467026 0.388506 0.467672 0.384483 0.472198 0.384483 0.474353 0.386351 0.476293 0.389799 0.482543 0.392098 0.483405 0.395690 0.486207 0.396552 0.490517 0.399713 0.492026 0.402586 0.496552 0.406034 0.501078 0.407615 0.507328 0.406609 0.521336 0.399569 0.530172 0.393822 0.535991 0.384914 0.535991 0.376437 0.534914 0.374713 0.531897 0.372989 0.531681 0.361207 0.526724 0.349569
2 0.534698 0.315517 0.532543 0.318534 0.531897 0.321695 0.532543 0.329167 0.539224 0.339224 0.545474 0.345259 0.548276 0.353736 0.553879 0.358477 0.562931 0.362500 0.582974 0.366523 0.587716 0.366667 0.592026 0.365086 0.597198 0.354598 0.598922 0.306034 0.600000 0.304310 0.602586 0.302874 0.609267 0.303305 0.611207 0.305891 0.611853 0.360632 0.619181 0.366092 0.626509 0.369397 0.634698 0.370690 0.646983 0.370977 0.664009 0.369540 0.678664 0.366667 0.681466 0.364799 0.683836 0.361207 0.684267 0.357040 0.681250 0.349569 0.683405 0.346552 0.691810 0.341667 0.696336 0.337644 0.701293 0.329310 0.701724 0.326149 0.700431 0.322414 0.693103 0.312213 0.684483 0.308333 0.669828 0.304310 0.650216 0.302730 0.642241 0.303736 0.637931 0.305172 0.630603 0.309339 0.620043 0.298707 0.616595 0.297270 0.614224 0.294828 0.604095 0.290086 0.595905 0.288218 0.587500 0.288793 0.579741 0.290948 0.573922 0.296552 0.571121 0.304167 0.569181 0.305891 0.556466 0.306609 0.541595 0.310489
2 0.483836 0.244684 0.479095 0.243247 0.477155 0.243247 0.474138 0.244253 0.470690 0.242672 0.466379 0.244253 0.464224 0.242529 0.462716 0.242241 0.459052 0.247414 0.456897 0.249138 0.455388 0.252730 0.452586 0.254741 0.451293 0.257471 0.446121 0.260345 0.442672 0.260776 0.435991 0.258908 0.430819 0.258908 0.427586 0.258333 0.421983 0.258908 0.415948 0.260489 0.407974 0.263793 0.398707 0.266092 0.388578 0.274569 0.385991 0.279167 0.384914 0.283190 0.387500 0.294971 0.392241 0.301724 0.399138 0.306609 0.398060 0.314799 0.399353 0.318103 0.400431 0.319109 0.404957 0.320546 0.407759 0.322557 0.415948 0.323994 0.428448 0.324713 0.439655 0.324425 0.450000 0.322126 0.458836 0.315517 0.462284 0.314368 0.462931 0.317816 0.469397 0.322701 0.474569 0.322701 0.484914 0.321839 0.457759 0.296408 0.453879 0.294828 0.454957 0.293534 0.466810 0.293247 0.470690 0.297414 0.473276 0.299138 0.475216 0.302874 0.481466 0.306753 0.484267 0.309339 0.486422 0.310201 0.492241 0.315661 0.497629 0.318391 0.500000 0.316523 0.502155 0.315948 0.505819 0.312644 0.508836 0.306609 0.510129 0.296695 0.514009 0.291667 0.515517 0.287069 0.515948 0.282328 0.515086 0.275144 0.513793 0.273132 0.509698 0.269684 0.502586 0.267960 0.497845 0.265517 0.495690 0.261063 0.493750 0.259483 0.492026 0.254885 0.485776 0.248563 0.484914 0.245690
2 0.554741 0.265517 0.559483 0.271264 0.568103 0.274425 0.582328 0.274425 0.592241 0.270690 0.601293 0.261494 0.601724 0.256034 0.609914 0.252299 0.619397 0.245690 0.620690 0.234483 0.611207 0.226437 0.600862 0.218678 0.590517 0.215805 0.591379 0.205460 0.582759 0.201437 0.569828 0.196839 0.562931 0.194253 0.558621 0.197701 0.553448 0.201149 0.547845 0.203736 0.536638 0.226724 0.515086 0.247414 0.506034 0.258908 0.522845 0.262644 0.539224 0.266954
2 0.460345 0.238506 0.450862 0.226149 0.433190 0.216092 0.420690 0.216092 0.409052 0.219828 0.403879 0.220977 0.403448 0.227874 0.411638 0.234770 0.395259 0.241954 0.387931 0.247989 0.381466 0.256609 0.396983 0.264943 0.402155 0.266092 0.423707 0.256609 0.444397 0.260345 0.448276 0.261782 0.455603 0.250862 0.464655 0.245402 0.477586 0.243678 0.490517 0.237931 0.474569 0.235057 0.454741 0.227299
2 0.525862 0.227011 0.526724 0.221264 0.535776 0.216379 0.541379 0.209770 0.548276 0.199138 0.548276 0.187069 0.543103 0.183046 0.531034 0.200287 0.527586 0.197989 0.521121 0.187069 0.508190 0.195402 0.500000 0.206897 0.493966 0.215230 0.488793 0.217529 0.490086 0.226437 0.494828 0.232184 0.487069 0.239655 0.488362 0.247701 0.490086 0.256322 0.498707 0.261782 0.505172 0.256609 0.512931 0.252586
1 0.498060 0.544684 0.481897 0.544253 0.474138 0.545546 0.466810 0.544828 0.454957 0.545546 0.439224 0.548420 0.421983 0.556609 0.409052 0.568247 0.401293 0.579885 0.396121 0.594684 0.392457 0.611063 0.391164 0.625287 0.396121 0.653879 0.396336 0.667098 0.400216 0.683477 0.407759 0.698132 0.411422 0.701868 0.418103 0.706322 0.422629 0.714655 0.433405 0.720690 0.451078 0.725144 0.459914 0.725287 0.470690 0.720115 0.476940 0.718678 0.486207 0.713506 0.494181 0.710776 0.499138 0.710057 0.501724 0.708046 0.505819 0.707615 0.509698 0.705029 0.521121 0.701437 0.530388 0.694828 0.533190 0.689511 0.538147 0.687213 0.549353 0.675862 0.559052 0.671121 0.564871 0.666667 0.572629 0.663937 0.583836 0.662069 0.585129 0.655316 0.584483 0.650287 0.591164 0.642385 0.592457 0.630747 0.587931 0.619109 0.585560 0.617098 0.572629 0.595259 0.566810 0.587931 0.552586 0.573851 0.527371 0.556466 0.512284 0.548707
1 0.290948 0.583477 0.291379 0.587213 0.294828 0.592385 0.298707 0.591667 0.300216 0.593391 0.306466 0.610345 0.311207 0.618678 0.314224 0.627011 0.324784 0.643391 0.326078 0.646552 0.331466 0.652443 0.337931 0.661351 0.342026 0.664224 0.345474 0.668391 0.352586 0.674713 0.355819 0.676437 0.365086 0.685201 0.373276 0.690948 0.379095 0.693966 0.383405 0.697414 0.400216 0.706466 0.403017 0.707184 0.404957 0.708908 0.413362 0.711782 0.415948 0.713362 0.420043 0.713506 0.421121 0.712787 0.417241 0.711925 0.415302 0.710489 0.414871 0.708764 0.410991 0.704598 0.405172 0.696408 0.398276 0.681609 0.395043 0.665948 0.395043 0.653592 0.390517 0.626580 0.389440 0.624856 0.385776 0.621983 0.374353 0.616092 0.368966 0.612500 0.360129 0.609052 0.353664 0.605747 0.345474 0.603017 0.337716 0.601580 0.332759 0.599569 0.326293 0.598707 0.312931 0.594253 0.310345 0.591667 0.298707 0.583764 0.294828 0.582759
1 0.502802 0.763649 0.503879 0.764943 0.504526 0.767529 0.511422 0.772270 0.513793 0.773276 0.517241 0.775575 0.525216 0.778161 0.537500 0.778448 0.542672 0.779167 0.552586 0.778879 0.559914 0.779741 0.563793 0.779023 0.572198 0.779023 0.583190 0.780029 0.587716 0.780029 0.591595 0.781034 0.598922 0.781753 0.607112 0.783477 0.611638 0.783621 0.615733 0.784626 0.626940 0.785920 0.630603 0.786925 0.638147 0.786782 0.647414 0.783764 0.654957 0.783046 0.654095 0.782615 0.649353 0.782471 0.642672 0.780891 0.638362 0.777874 0.630388 0.774856 0.626940 0.774425 0.622845 0.772126 0.615517 0.770259 0.607328 0.770690 0.595690 0.767816 0.591379 0.768966 0.587716 0.768678 0.583836 0.767672 0.572198 0.767529 0.561207 0.766092 0.556681 0.766236 0.552802 0.765374 0.548276 0.765517 0.518534 0.764511 0.515517 0.764224 0.513147 0.763506 0.507543 0.763075 0.505819 0.762500
1 0.586422 0.664799 0.583836 0.663218 0.579957 0.663793 0.575862 0.663362 0.565302 0.667385 0.558836 0.671552 0.555819 0.672701 0.544828 0.680316 0.532974 0.692529 0.528233 0.695402 0.524138 0.699856 0.501078 0.709195 0.491810 0.711925 0.480388 0.716523 0.478448 0.717960 0.470474 0.720115 0.467672 0.722270 0.455603 0.727874 0.450000 0.734052 0.446336 0.736351 0.443103 0.741954 0.439871 0.744684 0.438362 0.750575 0.439224 0.753305 0.447629 0.754023 0.451293 0.753592 0.458836 0.751437 0.470474 0.749713 0.475216 0.749713 0.477802 0.749138 0.482759 0.749425 0.485991 0.748420 0.489224 0.748851 0.493534 0.748276 0.497845 0.748563 0.500216 0.749282 0.503879 0.752299 0.506681 0.760057 0.509698 0.763075 0.515733 0.764368 0.517457 0.766236 0.521336 0.765374 0.525216 0.766667 0.527586 0.765805 0.532112 0.765517 0.533190 0.762931 0.535345 0.764511 0.536853 0.764799 0.537500 0.762931 0.535991 0.759626 0.539009 0.757328 0.539655 0.754167 0.541164 0.752443 0.539871 0.749282 0.540086 0.746839 0.544828 0.740948 0.548491 0.732759 0.550647 0.730460 0.554095 0.725287 0.554957 0.722701 0.559483 0.716667 0.562716 0.709052 0.563147 0.705172 0.565086 0.702874 0.568103 0.701006 0.568750 0.696983 0.573707 0.688937 0.576940 0.685776 0.577586 0.681466 0.580603 0.673707 0.586422 0.669828 0.587716 0.666379