1 0.635129 0.423563 0.626509 0.422845 0.621552 0.423994 0.602371 0.423851 0.588147 0.425575 0.565517 0.431897 0.548922 0.439655 0.533405 0.448132 0.529526 0.451724 0.516379 0.460201 0.502155 0.472126 0.498276 0.477874 0.486422 0.486351 0.472414 0.502443 0.467672 0.513649 0.462500 0.517529 0.453664 0.540230 0.451078 0.560057 0.452371 0.575718 0.454957 0.583046 0.458836 0.587931 0.462716 0.596264 0.468750 0.601580 0.474569 0.603448 0.480819 0.607471 0.490086 0.615374 0.493319 0.615086 0.493966 0.613075 0.494828 0.616523 0.497845 0.618966 0.501724 0.616954 0.509267 0.615805 0.530172 0.615805 0.544828 0.613649 0.549569 0.611063 0.560991 0.608477 0.578448 0.600287 0.591595 0.591810 0.596983 0.586063 0.600647 0.583908 0.623491 0.560345 0.629310 0.552443 0.635991 0.539368 0.638793 0.536782 0.646552 0.517529 0.655172 0.505603 0.661638 0.482759 0.662931 0.473132 0.662716 0.454885 0.657974 0.440661 0.654526 0.435489 0.643534 0.427443
1 0.652586 0.603448 0.650431 0.602155 0.648276 0.602586 0.632543 0.610345 0.625647 0.612500 0.618966 0.613075 0.615302 0.614080 0.584483 0.617098 0.567026 0.616954 0.556466 0.616236 0.537069 0.616954 0.517457 0.616954 0.512284 0.616379 0.507328 0.617098 0.493750 0.621839 0.485991 0.616810 0.480388 0.609195 0.474353 0.605316 0.470259 0.603448 0.462500 0.602874 0.459052 0.604310 0.451078 0.606034 0.443750 0.609339 0.440302 0.612356 0.437500 0.617098 0.434483 0.626868 0.437716 0.638218 0.439224 0.640661 0.447198 0.648563 0.450647 0.649856 0.453664 0.653161 0.457759 0.655603 0.470474 0.657902 0.486853 0.658477 0.506897 0.655891 0.518319 0.651724 0.529526 0.648851 0.532974 0.646983 0.537284 0.647270 0.540517 0.646408 0.541164 0.644971 0.544181 0.644109 0.545259 0.642385 0.548707 0.641236 0.552586 0.642672 0.556034 0.641379 0.560129 0.641523 0.567672 0.642960 0.578017 0.642098 0.589655 0.642241 0.603448 0.641236 0.610776 0.639943 0.615086 0.640086 0.623276 0.638075 0.626940 0.635632 0.630819 0.635489 0.634698 0.637500 0.638793 0.634626 0.646552 0.624138 0.651078 0.612500
1 0.451370 0.565503 0.427608 0.580607 0.418767 0.602343 0.421530 0.616342 0.424293 0.627763 0.434240 0.627763 0.437555 0.617448 0.446397 0.607132 0.465186 0.604922 0.460765 0.599396 0.458554 0.583923
0 0.659194 0.019256 0.657639 0.024144 0.655861 0.026218 0.650529 0.027995 0.645196 0.025033 0.644752 0.023699 0.645641 0.019256 0.648974 0.016293 0.653862 0.016293 0.657639 0.017034
0 0.691855 0.023107 0.689189 0.028291 0.682967 0.028291 0.676302 0.027254 0.678968 0.024292 0.685189 0.022218 0.689189 0.022070
0 0.641419 0.052139 0.650751 0.052139 0.653639 0.048140 0.654750 0.044140 0.650973 0.041178 0.645641 0.039697 0.642530 0.039697 0.638531 0.043696 0.638753 0.046806 0.638975 0.050806
0 0.623200 0.059397 0.618534 0.065766 0.614757 0.070210 0.612313 0.070358 0.606314 0.067692 0.604315 0.065025 0.604759 0.061026 0.608536 0.057175 0.610314 0.055249 0.614091 0.054064 0.617868 0.055101 0.622312 0.057323 0.624311 0.058064
0 0.621423 0.088577 0.621867 0.096724 0.617201 0.100130 0.611647 0.101463 0.605648 0.101019 0.600315 0.099686 0.597205 0.097020 0.596094 0.093021 0.596983 0.088725 0.601426 0.085614 0.604315 0.084429 0.608536 0.084281 0.613202 0.084726
0 0.645419 0.131236 0.650307 0.131977 0.652306 0.129162 0.655861 0.122497 0.653195 0.119386 0.645419 0.114943 0.641419 0.114794 0.631421 0.119831 0.626311 0.125904 0.626977 0.129310 0.633199 0.132717 0.637642 0.132717 0.643641 0.133013
0 0.595205 0.123534 0.594761 0.127237 0.592317 0.133013 0.589651 0.134791 0.583430 0.134791 0.577208 0.134495 0.570543 0.133013 0.565211 0.128866 0.562767 0.126644 0.562767 0.122497 0.563211 0.117905 0.566988 0.114054 0.570765 0.109906 0.578542 0.109758 0.584763 0.109462 0.591650 0.111980 0.593650 0.116572
2 0.586638 0.280891 0.584698 0.282328 0.581897 0.287069 0.580819 0.295977 0.578017 0.304310 0.577802 0.306753 0.578879 0.311207 0.583836 0.317098 0.592457 0.322414 0.604310 0.327011 0.610129 0.328161 0.615086 0.332902 0.623060 0.332615 0.624569 0.333908 0.633621 0.336494 0.642026 0.341810 0.653879 0.345690 0.659052 0.346695 0.669828 0.347701 0.678017 0.347557 0.681897 0.346264 0.685560 0.342816 0.687931 0.341523 0.701940 0.338506 0.709267 0.335632 0.712500 0.333764 0.716810 0.330029 0.718966 0.326149 0.719397 0.322126 0.716595 0.314511 0.713147 0.310632 0.705603 0.304310 0.697414 0.300718 0.689224 0.299713 0.686207 0.298707 0.690517 0.287356 0.690948 0.279167 0.689655 0.275000 0.685345 0.270402 0.681897 0.269971 0.676940 0.268247 0.669397 0.267960 0.658190 0.268534 0.654095 0.270115 0.647198 0.273851 0.640948 0.278592 0.638578 0.281609 0.623922 0.280460 0.611207 0.275431 0.605819 0.274569 0.602802 0.274569 0.595474 0.276149
2 0.573098 0.218763 0.569003 0.216176 0.565124 0.215027 0.561029 0.215314 0.556934 0.214452 0.553270 0.215314 0.549391 0.217038 0.545727 0.217757 0.542063 0.219194 0.540124 0.221492 0.533012 0.226377 0.530210 0.229826 0.527624 0.231119 0.525900 0.233130 0.524607 0.228964 0.522020 0.224797 0.512538 0.220343 0.503055 0.219625 0.498745 0.220056 0.494219 0.219768 0.485382 0.220343 0.479132 0.221636 0.470727 0.227814 0.466201 0.232556 0.465339 0.238159 0.465555 0.241607 0.467279 0.246923 0.474176 0.256119 0.474176 0.259998 0.471158 0.263734 0.471158 0.267900 0.475038 0.271636 0.479132 0.273504 0.484089 0.274510 0.486460 0.275803 0.505857 0.278389 0.510382 0.279538 0.514693 0.282699 0.517710 0.283849 0.523098 0.283418 0.526331 0.280257 0.529132 0.279826 0.540770 0.284567 0.549391 0.285860 0.553270 0.286004 0.556072 0.284854 0.561891 0.283992 0.565124 0.282699 0.569865 0.279682 0.572882 0.276952 0.576331 0.272642 0.584520 0.265889 0.588400 0.261579 0.591201 0.256406 0.593141 0.248217 0.590986 0.244194 0.588400 0.241751 0.584089 0.238734 0.578917 0.236435 0.575038 0.232699 0.575900 0.229682 0.576115 0.224797 0.575038 0.220918
2 0.629310 0.157615 0.622629 0.154454 0.614655 0.152299 0.609267 0.151437 0.596767 0.150431 0.591379 0.150575 0.588793 0.150000 0.587284 0.149282 0.584914 0.146408 0.580603 0.143247 0.576078 0.141667 0.568319 0.141092 0.560129 0.142241 0.552155 0.145259 0.544612 0.150287 0.540733 0.154167 0.536638 0.160920 0.532759 0.161638 0.528879 0.160489 0.521983 0.161063 0.516810 0.162069 0.512284 0.164080 0.503448 0.165948 0.500431 0.167816 0.495905 0.169684 0.492241 0.173276 0.489224 0.177730 0.488578 0.181034 0.489009 0.185632 0.490086 0.187644 0.493966 0.191954 0.499138 0.195690 0.501724 0.198994 0.504095 0.200718 0.505819 0.206034 0.509698 0.210057 0.513147 0.211207 0.515302 0.213075 0.517241 0.213793 0.528879 0.215230 0.545259 0.215230 0.556250 0.213362 0.560776 0.213075 0.564440 0.213506 0.567672 0.211063 0.571983 0.209626 0.576078 0.210345 0.580388 0.209339 0.587716 0.210920 0.591810 0.211063 0.595474 0.208333 0.605603 0.206322 0.612069 0.203736 0.615302 0.203017 0.623707 0.197126 0.628017 0.189655 0.628664 0.185776 0.630388 0.180460 0.632112 0.177874 0.632328 0.175144 0.633836 0.172701 0.635129 0.165805 0.632328 0.160920
2 0.727802 0.216667 0.724569 0.210345 0.720474 0.206466 0.714009 0.202443 0.711422 0.201437 0.707974 0.198851 0.703448 0.197126 0.704957 0.194828 0.708836 0.195115 0.712069 0.193103 0.713362 0.189655 0.712931 0.188937 0.710560 0.187500 0.708836 0.185489 0.702802 0.183621 0.700431 0.182615 0.699138 0.181609 0.694181 0.180891 0.689871 0.180747 0.681897 0.182328 0.680172 0.183621 0.674353 0.185489 0.672629 0.187356 0.669828 0.188937 0.664655 0.189224 0.658190 0.192098 0.655172 0.191523 0.646336 0.192098 0.642672 0.194109 0.638362 0.194253 0.634914 0.195690 0.632759 0.197989 0.629957 0.199713 0.628017 0.202730 0.626078 0.204167 0.623922 0.209483 0.622629 0.216810 0.625216 0.217816 0.626940 0.218966 0.634052 0.220690 0.638147 0.220833 0.641810 0.221552 0.646552 0.221264 0.650216 0.221983 0.652586 0.223420 0.653448 0.224425 0.654310 0.228448 0.658621 0.230747 0.659698 0.232328 0.661207 0.233333 0.666810 0.234770 0.670043 0.235201 0.673491 0.236638 0.679095 0.237213 0.682974 0.237069 0.689224 0.235057 0.701078 0.234195 0.704957 0.234626 0.709267 0.233621 0.716595 0.229310 0.718103 0.227299 0.720690 0.225000 0.723060 0.224569 0.724569 0.223707 0.727371 0.220546
2 0.634483 0.132902 0.632328 0.134339 0.631897 0.135776 0.629095 0.139368 0.625216 0.142241 0.623491 0.145402 0.623276 0.147126 0.623922 0.150144 0.624138 0.154167 0.629095 0.155891 0.632543 0.158333 0.634052 0.160057 0.635776 0.163793 0.636638 0.169828 0.634698 0.173420 0.633621 0.177730 0.633405 0.181609 0.634483 0.185489 0.633621 0.189655 0.634698 0.191954 0.635991 0.193103 0.637284 0.193678 0.639009 0.193822 0.640517 0.193391 0.642457 0.192098 0.645043 0.191667 0.646336 0.191092 0.652155 0.190805 0.656466 0.189799 0.662069 0.189080 0.670043 0.186925 0.671767 0.185489 0.671767 0.181466 0.671121 0.179310 0.670474 0.174282 0.669828 0.172557 0.667241 0.168678 0.666164 0.165948 0.664224 0.164368 0.662069 0.160632 0.660345 0.159626 0.659483 0.158190 0.657974 0.157184 0.655819 0.156897 0.653879 0.156034 0.650216 0.155316 0.649138 0.156466 0.646336 0.158190 0.644397 0.157759 0.643103 0.157040 0.642457 0.156178 0.641810 0.154023 0.641595 0.150287 0.640733 0.147126 0.639871 0.140517 0.639440 0.139368 0.638578 0.138506 0.638147 0.134483 0.636853 0.133477
2 0.678708 0.236932 0.696497 0.234195 0.706418 0.234195 0.712233 0.232827 0.717707 0.229634 0.724206 0.222564 0.732417 0.219600 0.737890 0.225985 0.737890 0.230318 0.739943 0.234195 0.738574 0.240581 0.719417 0.254949 0.721128 0.260650 0.710865 0.266124 0.698550 0.267492 0.691708 0.269089 0.684524 0.270913 0.678024 0.268404 0.666393 0.268404 0.662972 0.268404 0.658867 0.266124 0.653394 0.262931 0.654762 0.259966 0.653394 0.259282 0.650315 0.262019 0.634579 0.265440 0.626026 0.265440 0.618500 0.263615 0.610290 0.260194 0.604132 0.255177 0.602764 0.250160 0.603106 0.244686 0.603106 0.241037 0.598317 0.235564 0.598317 0.231915 0.598317 0.226441 0.602764 0.222336 0.608580 0.218003 0.614737 0.214810 0.622263 0.212986 0.624316 0.219143 0.636289 0.219828 0.646210 0.221652 0.651683 0.223477 0.656814 0.227354 0.659209 0.232143 0.665025 0.234652 0.671182 0.235792