2 0.481546 0.275054 0.487383 0.272959 0.496588 0.271462 0.510506 0.274605 0.523752 0.280142 0.531385 0.288075 0.531385 0.291966 0.530711 0.294211 0.526895 0.298701 0.519262 0.303490 0.520833 0.307531 0.521058 0.309776 0.518588 0.313368 0.507812 0.318157 0.492547 0.320552 0.480648 0.320702 0.473464 0.319504 0.468077 0.317708 0.458423 0.312320 0.457974 0.314416 0.457301 0.316960 0.451015 0.320552 0.442484 0.318457 0.431034 0.314865 0.421157 0.308728 0.418687 0.307082 0.417565 0.297953 0.416667 0.293762 0.414422 0.287027 0.415993 0.278945 0.419810 0.273857 0.426320 0.270414 0.436422 0.269666 0.439341 0.266224 0.443606 0.258441 0.446974 0.255747 0.453709 0.253053 0.459770 0.252604 0.463138 0.253053 0.468750 0.255298 0.474587 0.258591 0.479526 0.265924 0.480424 0.270564
2 0.364655 0.233333 0.360991 0.233046 0.358405 0.232040 0.356897 0.231897 0.353664 0.232759 0.350000 0.235920 0.347845 0.239368 0.345690 0.244253 0.344181 0.251868 0.344181 0.260057 0.343319 0.261782 0.342026 0.262644 0.338147 0.262069 0.336067 0.259193 0.329957 0.258477 0.325862 0.258477 0.321767 0.258908 0.314224 0.261207 0.306466 0.264511 0.303233 0.267529 0.300216 0.271408 0.299138 0.275287 0.300000 0.278161 0.301724 0.280316 0.307156 0.284074 0.306280 0.288162 0.309692 0.291025 0.313793 0.293103 0.317026 0.293966 0.320690 0.295546 0.321983 0.295833 0.346121 0.295690 0.349569 0.294971 0.351293 0.293822 0.353233 0.293247 0.361207 0.289655 0.365086 0.289368 0.367888 0.287644 0.370259 0.285057 0.373060 0.283046 0.374784 0.280029 0.379095 0.274856 0.380819 0.271408 0.380603 0.267098 0.377944 0.259544 0.376542 0.257324 0.374353 0.248132 0.371336 0.244109 0.369612 0.239511 0.366810 0.235057
0 0.354852 0.207158 0.356606 0.205933 0.359362 0.205098 0.364542 0.204207 0.369136 0.204430 0.373897 0.205376 0.379244 0.207325 0.382418 0.209386 0.385174 0.211725 0.386427 0.215567 0.386511 0.217461 0.384506 0.219466 0.379494 0.224923 0.377155 0.226482 0.374566 0.228097 0.371642 0.228487 0.364959 0.226872 0.357942 0.223921 0.355186 0.221972 0.349840 0.214788 0.350007 0.212672 0.350257 0.210611 0.351844 0.208940 0.353849 0.207214
0 0.331629 0.188057 0.349338 0.201367 0.352262 0.200865 0.353682 0.199974 0.357274 0.195074 0.357942 0.192512 0.357024 0.190841 0.355353 0.188335 0.350508 0.185105 0.346415 0.183323 0.337644 0.182766 0.334302 0.183713 0.333133 0.185217 0.333383 0.186275
0 0.293948 0.191312 0.292977 0.192283 0.289968 0.193059 0.287055 0.193189 0.281231 0.191830 0.276377 0.189888 0.274047 0.188464 0.272008 0.185293 0.272008 0.182898 0.273173 0.179921 0.275406 0.177656 0.277930 0.176944 0.281425 0.176491 0.283366 0.176426 0.288317 0.177333 0.293754 0.180180 0.297540 0.181992 0.300549 0.184840 0.300355 0.186652 0.297637 0.189370
0 0.289195 0.144908 0.295654 0.147105 0.299015 0.149083 0.299345 0.151148 0.299609 0.154135 0.298093 0.154311 0.298620 0.155585 0.297038 0.157255 0.292754 0.158661 0.289854 0.158178 0.282341 0.155102 0.280825 0.153564 0.277266 0.151236 0.276739 0.150049 0.280429 0.146798 0.283857 0.145172 0.286757 0.144821
0 0.251957 0.145084 0.266787 0.152642 0.262041 0.154619 0.259405 0.155234 0.256835 0.154619 0.253737 0.153608 0.250705 0.151367 0.249387 0.149698 0.248728 0.148511 0.248728 0.147193 0.249123 0.146534 0.250573 0.146183
0 0.224446 0.121980 0.222904 0.123725 0.223698 0.126717 0.217200 0.125346 0.216031 0.123258 0.215938 0.120671 0.216078 0.119954 0.220379 0.119923 0.222015 0.119954 0.223465 0.120702
0 0.202367 0.121946 0.203608 0.124068 0.202303 0.124493 0.198196 0.124875 0.197241 0.123601 0.197369 0.122625 0.199183 0.122370 0.201953 0.121946
0 0.237178 0.133993 0.234699 0.135101 0.234535 0.136627 0.233827 0.137608 0.231320 0.138116 0.228459 0.137717 0.226552 0.137226 0.224890 0.136536 0.223555 0.135010 0.222955 0.133830 0.223092 0.132504 0.223664 0.130469 0.225844 0.129052 0.228650 0.128326 0.233827 0.129597 0.236061 0.131305 0.237123 0.132068 0.237178 0.133757
0 0.287552 0.280686 0.288462 0.283395 0.286804 0.284536 0.283862 0.285321 0.281616 0.285891 0.279477 0.284572 0.278835 0.283253 0.278835 0.281328 0.279263 0.279652 0.281082 0.279295 0.283809 0.279438 0.286483 0.279830
0 0.317147 0.294725 0.317187 0.295526 0.315985 0.296354 0.314823 0.296541 0.313902 0.296647 0.311499 0.296701 0.309976 0.296514 0.308134 0.295606 0.307613 0.294644 0.306892 0.293229 0.306171 0.292428 0.305490 0.290932 0.305169 0.289944 0.305610 0.289116 0.306651 0.288849 0.306892 0.288822 0.309175 0.290959 0.312901 0.292935
0 0.318765 0.316020 0.321750 0.323149 0.320719 0.324018 0.319633 0.324524 0.314096 0.324271 0.312250 0.323801 0.310676 0.321955 0.309590 0.319856 0.309536 0.318842 0.309645 0.317721 0.310513 0.316707 0.311490 0.315802 0.312305 0.315006 0.312847 0.314717 0.313607 0.314717 0.315073 0.314861 0.317027 0.315115 0.317842 0.315368
1 0.446733 0.669930 0.459770 0.663367 0.471211 0.655740 0.501277 0.648467 0.530545 0.646161 0.556620 0.645629 0.607971 0.645984 0.648148 0.652547 0.691252 0.664254 0.725043 0.681105 0.717593 0.681105 0.717060 0.685008 0.703757 0.688733 0.666241 0.688023 0.653470 0.687314 0.615421 0.683766 0.567529 0.686249 0.512718 0.687314 0.484515 0.686072 0.465092 0.681105
1 0.452320 0.637292 0.480258 0.624344 0.549170 0.598446 0.609036 0.574855 0.652937 0.558713 0.682471 0.552859 0.697371 0.554278 0.699234 0.557649 0.689921 0.558713 0.657195 0.570243 0.622339 0.587803 0.587484 0.602526 0.558748 0.615652 0.534536 0.629488 0.470679 0.653079
1 0.318455 0.504159 0.325261 0.505861 0.334335 0.518905 0.334335 0.535730 0.337455 0.557660 0.341141 0.565979 0.360991 0.585073 0.391334 0.607381 0.413169 0.625907 0.434154 0.648972 0.452019 0.638952 0.446915 0.631390 0.433303 0.609460 0.414020 0.587719 0.361275 0.541591 0.351066 0.530437 0.342843 0.516258 0.333485 0.503403 0.327246 0.497542 0.321858 0.499433
1 0.441337 0.619498 0.447014 0.616835 0.458999 0.613751 0.471510 0.612139 0.478553 0.613541 0.481392 0.615854 0.476871 0.617396 0.474138 0.620690 0.470879 0.627839 0.452586 0.637300 0.451009 0.637020
1 0.231971 0.500463 0.225482 0.499691 0.219225 0.501622 0.219804 0.497760 0.225482 0.493666 0.234983 0.492275 0.244485 0.493202 0.258737 0.496910 0.276580 0.505562 0.302072 0.524796 0.331271 0.555617 0.361932 0.585637 0.388273 0.605706 0.389984 0.646529 0.358169 0.632617 0.329091 0.615513 0.308908 0.602969 0.300356 0.594987 0.289409 0.581304 0.274699 0.563743 0.264778 0.550515 0.243227 0.519043