0 0.811787 0.195153 0.816036 0.212027 0.814391 0.224709 0.787254 0.216848 0.777660 0.209197 0.772726 0.205319 0.767381 0.205738 0.759020 0.208463 0.757787 0.202804 0.762172 0.194000 0.768340 0.189179 0.780127 0.186454 0.790954 0.186454 0.800137 0.187921 0.808223 0.192428
0 0.904839 0.225656 0.905850 0.231621 0.904839 0.236703 0.901950 0.241895 0.900650 0.244767 0.900650 0.247970 0.898628 0.251174 0.893572 0.256366 0.889094 0.259348 0.883460 0.261116 0.876381 0.262441 0.869881 0.261668 0.858035 0.258575 0.845034 0.254930 0.833333 0.246424 0.825388 0.237918 0.824666 0.230848 0.825533 0.227534 0.832756 0.222452 0.841278 0.214499 0.845468 0.210853 0.857458 0.205882 0.863814 0.205772 0.879270 0.209086 0.895161 0.214720 0.901950 0.222673
0 0.691739 0.262814 0.668786 0.262814 0.657903 0.268262 0.656122 0.273406 0.646822 0.295498 0.650779 0.305939 0.664037 0.318044 0.677492 0.323643 0.694509 0.323492 0.710339 0.317288 0.714098 0.314110 0.710932 0.305183 0.698466 0.292926
2 0.156654 0.793557 0.157631 0.775630 0.164469 0.759570 0.179121 0.734547 0.199145 0.724090 0.222100 0.720355 0.239194 0.722222 0.258730 0.730812 0.282662 0.756583 0.301709 0.792437 0.316090 0.786994 0.346642 0.788702 0.397924 0.798039 0.431136 0.815219 0.439927 0.830159 0.438462 0.849206 0.432112 0.865640 0.422833 0.879085 0.392552 0.902988 0.392552 0.914566 0.379365 0.926144 0.361783 0.935481 0.315385 0.951541 0.289011 0.951914 0.282662 0.956022 0.266056 0.953408 0.259707 0.958637 0.246520 0.957143 0.235287 0.953408 0.229426 0.953408 0.215263 0.953035 0.201587 0.958263 0.185470 0.960878 0.167888 0.963119 0.124420 0.961251 0.089255 0.947806 0.077045 0.940710 0.072650 0.932120 0.068254 0.910458 0.048718 0.893651 0.036508 0.871989 0.038950 0.854809 0.049695 0.836881 0.070208 0.820822 0.096093 0.807003 0.112210 0.800654 0.125885 0.797292 0.142491 0.793931 0.150794 0.793931
2 0.740724 0.130796 0.748869 0.132526 0.742534 0.139792 0.740271 0.164706 0.742081 0.210727 0.742986 0.238408 0.748869 0.244637 0.757014 0.211765 0.764253 0.208651 0.771493 0.205882 0.792760 0.221799 0.799095 0.239792 0.803167 0.242215 0.803167 0.247405 0.802262 0.251211 0.804525 0.273010 0.804977 0.288235 0.809955 0.296886 0.807240 0.312457 0.823077 0.310381 0.842534 0.299308 0.857014 0.293080 0.852036 0.302076 0.858824 0.302422 0.852941 0.310381 0.846154 0.318339 0.830769 0.327682 0.827149 0.331488 0.819005 0.333564 0.798643 0.326644 0.786425 0.328720 0.781900 0.334602 0.772851 0.345675 0.761086 0.344637 0.739367 0.341522 0.731222 0.334602 0.723982 0.323183 0.717647 0.316263 0.714027 0.309689 0.711312 0.304844 0.699095 0.293426 0.691403 0.262976 0.694118 0.224221 0.705430 0.231142 0.710407 0.214533 0.698190 0.200692 0.694118 0.168166 0.699548 0.157093 0.717647 0.143253
0 0.238462 0.682913 0.248352 0.678852 0.255311 0.678852 0.264103 0.674650 0.273810 0.671148 0.278571 0.671429 0.290293 0.678852 0.302564 0.692017 0.303114 0.706022 0.298352 0.713305 0.291026 0.721709 0.274542 0.727171 0.262088 0.725210 0.249451 0.720308 0.240659 0.712185 0.235897 0.703922 0.235714 0.698319 0.234799 0.690756
0 0.441313 0.703097 0.451474 0.706322 0.457800 0.712773 0.463743 0.717317 0.467769 0.727139 0.466810 0.738135 0.458184 0.752062 0.444572 0.761884 0.435754 0.764083 0.422909 0.762030 0.411598 0.758805 0.404122 0.750742 0.403547 0.742239 0.406422 0.733736 0.407189 0.729632 0.409298 0.724061 0.411790 0.718783 0.416966 0.712626 0.423484 0.708228 0.431728 0.705003
2 0.471358 0.662495 0.498854 0.666834 0.497109 0.675177 0.473104 0.698874 0.456956 0.712557 0.453464 0.705882 0.441680 0.701544 0.426405 0.705549 0.414621 0.713225 0.407638 0.724239 0.405019 0.736254 0.403273 0.749604 0.403710 0.752607 0.364430 0.756279 0.282815 0.737255 0.259684 0.733250 0.253137 0.729579 0.238734 0.723905 0.212548 0.714894 0.198145 0.701210 0.195526 0.697872 0.196399 0.693867 0.200764 0.689862 0.204692 0.688861 0.215603 0.688527 0.244845 0.716229 0.255756 0.724572 0.270595 0.727576 0.282379 0.725907 0.299836 0.711890 0.305510 0.705549 0.302019 0.688861 0.284124 0.673509 0.274959 0.669170 0.264484 0.672841 0.253137 0.657489 0.248336 0.630121 0.252264 0.617105 0.244408 0.598081 0.247027 0.576387 0.252700 0.561368 0.263175 0.551690 0.282815 0.547351 0.295472 0.552691 0.333006 0.577055 0.336498 0.589403 0.327769 0.612098 0.323841 0.633458 0.338243 0.655152 0.368794 0.677180 0.393672 0.685857 0.427714 0.686859 0.443863 0.680851 0.439498 0.671506 0.429896 0.663830 0.464812 0.665165
0 0.079205 0.554182 0.092002 0.554902 0.102541 0.564256 0.103293 0.572603 0.089367 0.581957 0.083157 0.586418 0.063585 0.581813 0.058316 0.574474 0.059821 0.565264 0.067161 0.559075 0.072054 0.554758
0 0.139802 0.580950 0.188544 0.607142 0.194566 0.598651 0.193437 0.589441 0.185533 0.578935 0.175559 0.572459 0.169725 0.570732 0.162762 0.569725 0.158245 0.570588 0.150341 0.573035 0.142625 0.576776 0.139802 0.579367
2 0.611782 0.362398 0.616456 0.375205 0.618793 0.394862 0.617624 0.414520 0.610613 0.434177 0.615287 0.436560 0.618014 0.429412 0.627361 0.407074 0.635930 0.386523 0.648783 0.375503 0.662804 0.372226 0.671762 0.372226 0.692016 0.380268 0.705648 0.394862 0.720058 0.418392 0.723564 0.433879 0.724343 0.448176 0.725122 0.458004 0.718500 0.469918 0.710321 0.477960 0.709542 0.481534 0.709542 0.483321 0.718111 0.481534 0.727848 0.480343 0.727848 0.483917 0.723564 0.492554 0.719279 0.503574 0.713437 0.511318 0.706816 0.517275 0.704869 0.519062 0.686173 0.514892 0.678384 0.515786 0.675657 0.517573 0.672541 0.523827 0.664362 0.531273 0.658909 0.533954 0.628919 0.534847 0.621908 0.533060 0.603992 0.522636 0.607498 0.529188 0.584129 0.528295 0.555307 0.508637 0.526485 0.463961 0.523759 0.450856 0.525316 0.438347 0.527264 0.430603 0.527653 0.409754 0.529601 0.400521 0.538559 0.395756 0.554138 0.392480 0.568160 0.387714 0.583207 0.385004 0.586076 0.381459 0.600542 0.370423
2 0.194908 0.525518 0.178440 0.530820 0.154605 0.532809 0.137703 0.533803 0.111268 0.533803 0.083099 0.527175 0.070531 0.521872 0.061863 0.517564 0.059263 0.508616 0.051463 0.500663 0.038028 0.492046 0.021993 0.469511 0.009859 0.446976 0.012893 0.430075 0.018093 0.415493 0.031094 0.404557 0.052763 0.393952 0.083099 0.382684 0.119935 0.375394 0.139870 0.376388 0.152438 0.383679 0.162405 0.395609 0.167172 0.383016 0.176273 0.368103 0.185807 0.355841 0.199242 0.344905 0.213109 0.337945 0.227844 0.332643 0.235645 0.331649 0.256446 0.332643 0.268581 0.335626 0.278982 0.340265 0.287216 0.347556 0.294583 0.357167 0.297183 0.365783 0.319718 0.370091 0.347887 0.379039 0.369556 0.391632 0.376923 0.401574 0.380823 0.413505 0.379090 0.422452 0.363922 0.446976 0.361755 0.433389 0.337920 0.433057 0.337486 0.493703 0.302817 0.514582 0.264680 0.527838 0.236945 0.533471 0.220910 0.525186
2 0.362959 0.468490 0.370407 0.457999 0.376286 0.451405 0.390397 0.451105 0.405683 0.456800 0.419402 0.480779 0.428417 0.505058 0.432729 0.523642 0.428809 0.563207 0.435865 0.561409 0.436649 0.525141 0.439000 0.514050 0.446448 0.500262 0.455463 0.492169 0.463694 0.488273 0.475845 0.487973 0.497403 0.491870 0.518569 0.501461 0.533856 0.517347 0.536600 0.530536 0.537776 0.544024 0.535816 0.559311 0.529544 0.585088 0.523273 0.602773 0.517393 0.610266 0.515434 0.630049 0.513082 0.642338 0.522097 0.644436 0.531504 0.643837 0.545223 0.627051 0.559726 0.621656 0.560902 0.633646 0.550318 0.646834 0.530328 0.658224 0.518569 0.663320 0.511122 0.666317 0.470750 0.662121 0.461734 0.664818 0.431553 0.664219 0.441744 0.674110 0.442920 0.678007 0.438609 0.682503 0.421362 0.685800 0.400196 0.686100 0.383341 0.682803 0.365311 0.676208 0.338658 0.654028 0.322195 0.631547 0.326507 0.617460 0.337090 0.602473 0.363743 0.591982
2 0.441101 0.166939 0.436609 0.150107 0.438855 0.134307 0.450983 0.122284 0.460415 0.114727 0.482426 0.106140 0.501291 0.098240 0.519259 0.094461 0.543964 0.100644 0.550253 0.085187 0.560584 0.068356 0.569118 0.057020 0.577653 0.051524 0.594273 0.046028 0.602358 0.045341 0.614037 0.045341 0.623021 0.046715 0.633801 0.050837 0.638293 0.053929 0.643234 0.058394 0.652667 0.066638 0.659405 0.075569 0.660303 0.084500 0.665693 0.087591 0.693094 0.089996 0.727681 0.102018 0.740707 0.111979 0.749691 0.123315 0.749691 0.130528 0.742953 0.131902 0.710612 0.147016 0.693992 0.165908 0.695340 0.185831 0.702527 0.206441 0.689949 0.218463 0.635598 0.231859 0.610444 0.229798 0.592925 0.238729 0.568669 0.229455 0.552049 0.227737 0.532285 0.228768 0.516115 0.235638 0.513419 0.217776 0.501291 0.187548 0.482875 0.172435 0.458170 0.166939
2 0.379368 0.255512 0.379776 0.238683 0.383036 0.227464 0.392817 0.210323 0.403413 0.199416 0.423383 0.193806 0.433571 0.193806 0.444982 0.198169 0.461691 0.211570 0.480031 0.233385 0.490219 0.260499 0.491442 0.290728 0.494702 0.275458 0.497962 0.261122 0.506113 0.246786 0.513449 0.241800 0.527305 0.238683 0.555018 0.236190 0.597809 0.242423 0.625115 0.256447 0.637341 0.269848 0.641824 0.277639 0.638563 0.293222 0.634080 0.308804 0.625115 0.325010 0.615741 0.339657 0.616964 0.347137 0.611666 0.363031 0.581915 0.383600 0.555425 0.390144 0.522415 0.395754 0.510596 0.397935 0.471065 0.384223 0.472695 0.394819 0.467804 0.404168 0.459246 0.407285 0.443352 0.408531 0.417677 0.404480 0.392410 0.392949 0.371625 0.381106 0.364289 0.360538 0.326796 0.328750 0.326796 0.321270 0.327611 0.306934 0.326388 0.299455 0.334131 0.282937 0.343097 0.271718 0.363474 0.260810
2 0.325166 0.329373 0.312532 0.319400 0.306826 0.303506 0.306826 0.294780 0.303974 0.286054 0.288079 0.273899 0.274631 0.254266 0.271778 0.242423 0.271778 0.233385 0.276261 0.220919 0.305604 0.209077 0.332094 0.204714 0.359399 0.203779 0.382221 0.211258 0.391187 0.200039 0.407081 0.183833 0.420122 0.175730 0.434386 0.168874 0.444982 0.167939 0.456393 0.167628 0.483291 0.173549 0.502038 0.188196 0.514264 0.212193 0.515894 0.234944 0.532603 0.229022 0.556240 0.229334 0.568874 0.229957 0.603923 0.243670 0.558278 0.236190 0.517117 0.240242 0.506113 0.243981 0.502038 0.251461 0.492257 0.288235 0.486551 0.248656 0.474325 0.225594 0.453133 0.205960 0.439684 0.197234 0.427458 0.193494 0.406673 0.198792 0.395670 0.207207 0.381406 0.228399 0.380183 0.253954 0.363067 0.261434 0.347173 0.270783 0.334131 0.283872 0.328833 0.298208 0.327203 0.312855