1 0.454459 0.676288 0.452551 0.670172 0.447783 0.663197 0.437053 0.655794 0.419886 0.648712 0.402718 0.643991 0.383643 0.641953 0.362423 0.641309 0.349070 0.643240 0.338340 0.646352 0.331664 0.649249 0.328088 0.654614 0.328803 0.656116 0.332380 0.656330 0.333095 0.658906 0.341679 0.664163 0.354077 0.667811 0.371722 0.671567 0.393896 0.675751 0.423701 0.680579 0.439914 0.681974 0.443729 0.682189 0.454936 0.677361
1 0.379085 0.641912 0.356618 0.632537 0.315768 0.621140 0.284722 0.614338 0.249183 0.609559 0.218954 0.608824 0.193627 0.609375 0.164216 0.613419 0.151144 0.619301 0.148693 0.628676 0.160539 0.640074 0.188317 0.654779 0.232026 0.675184 0.281046 0.688235 0.311275 0.694118 0.346405 0.699265 0.388072 0.702757 0.419935 0.700735 0.424837 0.697059 0.402369 0.687868 0.370098 0.671140 0.341912 0.665257 0.332925 0.657904 0.332925 0.656801 0.328023 0.655331 0.332108 0.648529 0.341912 0.643934 0.358252 0.641728
1 0.235515 0.675920 0.216087 0.681902 0.203817 0.691411 0.203817 0.695859 0.194956 0.700153 0.201772 0.706288 0.225631 0.714417 0.249489 0.716871 0.283231 0.721319 0.329243 0.726227 0.358896 0.726534 0.384458 0.724847 0.407294 0.721626 0.425358 0.715184 0.418200 0.710736 0.412065 0.706595 0.414451 0.701227 0.384458 0.702607 0.332311 0.696779 0.291411 0.690337 0.258010 0.682362
1 0.474444 0.702750 0.473333 0.705000 0.437500 0.719504 0.460249 0.718750 0.473420 0.718534 0.478333 0.718750 0.480603 0.719181 0.487222 0.719750 0.490000 0.719750 0.495690 0.720797 0.498563 0.721228 0.500479 0.721983 0.511015 0.722737 0.526111 0.725250 0.531111 0.725750 0.536111 0.725750 0.545556 0.727000 0.553889 0.727500 0.560000 0.729000 0.563333 0.729000 0.570556 0.730250 0.575000 0.730500 0.579444 0.731750 0.586667 0.733000 0.590556 0.733000 0.591111 0.733250 0.592222 0.733000 0.604444 0.733000 0.605000 0.732750 0.610556 0.732500 0.615000 0.731750 0.618333 0.729250 0.618889 0.728250 0.615000 0.724000 0.612778 0.723000 0.610556 0.720250 0.607222 0.718250 0.603333 0.715000 0.600556 0.713750 0.599444 0.712500 0.595000 0.710500 0.589444 0.706750 0.586111 0.705250 0.580556 0.701250 0.577222 0.699750 0.575000 0.698000 0.570556 0.695750 0.567778 0.693750 0.561111 0.690750 0.556667 0.689500 0.553889 0.688250 0.541111 0.685000 0.537356 0.684806 0.534004 0.684052 0.528333 0.683250 0.523333 0.682750 0.517778 0.682750 0.513889 0.681750 0.511667 0.682000 0.505556 0.684500 0.502778 0.686500 0.498889 0.688250 0.497222 0.690000 0.494444 0.691750 0.492222 0.692500 0.491111 0.693500 0.484444 0.697000 0.479444 0.700500
0 0.694444 0.238848 0.694308 0.242586 0.696895 0.245098 0.700436 0.245282 0.702887 0.244914 0.705610 0.244363 0.712963 0.240993 0.714733 0.239154 0.713916 0.236458 0.708606 0.234988 0.703704 0.234681 0.696759 0.235784 0.695806 0.236887 0.694444 0.238113
0 0.691040 0.240809 0.690087 0.244179 0.690087 0.246569 0.684368 0.250245 0.677832 0.250245 0.673611 0.249632 0.671569 0.248591 0.669935 0.246752 0.669526 0.244914 0.670207 0.243137 0.671841 0.241667 0.675926 0.239890 0.680419 0.239154 0.685730 0.239583 0.688589 0.239828
1 0.448357 0.662676 0.482786 0.640845 0.498826 0.627817 0.523474 0.606514 0.535211 0.590669 0.540297 0.584507 0.553991 0.575528 0.562989 0.575352 0.571596 0.576408 0.571987 0.578521 0.560250 0.582746 0.550078 0.589261 0.546948 0.599120 0.541862 0.610563 0.506651 0.654754 0.453443 0.689965 0.428013 0.693310 0.430360 0.689085 0.445618 0.680810 0.456182 0.676585 0.451878 0.664613
0 0.712694 0.265237 0.718997 0.266425 0.724861 0.268931 0.727353 0.271042 0.727646 0.272691 0.724861 0.276121 0.718264 0.279024 0.699355 0.281332 0.688361 0.276979 0.687482 0.274934 0.690413 0.272098 0.695837 0.268931 0.700821 0.266689 0.704632 0.265831 0.709030 0.265369
0 0.621225 0.277836 0.622252 0.280673 0.622984 0.282586 0.621812 0.288456 0.618734 0.290699 0.611111 0.292810 0.600117 0.292414 0.587511 0.288918 0.587658 0.283971 0.588391 0.280805 0.591762 0.278364 0.595866 0.276385 0.600264 0.275594 0.605834 0.275396 0.610671 0.275528 0.615655 0.275989 0.619320 0.277111
0 0.642187 0.308575 0.642040 0.310356 0.640281 0.312731 0.636030 0.316623 0.636324 0.318470 0.638229 0.320053 0.649370 0.323813 0.659484 0.326253 0.670624 0.326055 0.677807 0.324604 0.681911 0.322823 0.682791 0.320449 0.683670 0.318404 0.684990 0.315897 0.684550 0.313654 0.677074 0.308773 0.671357 0.307322 0.662269 0.306332 0.655086 0.306266 0.650982 0.306464 0.647024 0.307322
0 0.594108 0.317803 0.586869 0.325303 0.588047 0.327879 0.590741 0.335000 0.592593 0.336591 0.598990 0.337348 0.601178 0.337121 0.604209 0.334773 0.605892 0.333485 0.608418 0.332348 0.610438 0.331515 0.614141 0.330758 0.616835 0.330379 0.620539 0.330379 0.623064 0.330379 0.626768 0.330833 0.630808 0.332500 0.636700 0.335303 0.638215 0.334621 0.641414 0.332348 0.642761 0.330227 0.642761 0.328030 0.639731 0.324091 0.635522 0.321288 0.630303 0.319848 0.624747 0.318712 0.617677 0.318030 0.608754 0.317955 0.598316 0.317803
2 0.544335 0.308990 0.553366 0.306404 0.567323 0.305665 0.577449 0.305665 0.586207 0.307389 0.591954 0.309483 0.593049 0.312069 0.594143 0.314039 0.594143 0.316626 0.588670 0.324261 0.589765 0.329433 0.589491 0.332266 0.577176 0.337685 0.558840 0.345074 0.539683 0.348030 0.531472 0.348030 0.524631 0.346798 0.520252 0.346798 0.517515 0.347414 0.507389 0.350123 0.501916 0.351232 0.500547 0.351232 0.500547 0.350616 0.498632 0.348399 0.496169 0.346798 0.490969 0.344089 0.486043 0.342857 0.477833 0.341749 0.470991 0.341502 0.463328 0.341502 0.454570 0.342857 0.451286 0.343596 0.445813 0.344212 0.443623 0.344212 0.438971 0.342734 0.435961 0.341133 0.436234 0.338300 0.436782 0.335837 0.427477 0.332512 0.423098 0.330788 0.418993 0.328448 0.416804 0.325739 0.416256 0.323399 0.416804 0.321675 0.420361 0.319212 0.425287 0.317488 0.430761 0.315887 0.436782 0.314901 0.457854 0.313300 0.468801 0.312562 0.472085 0.312562 0.475643 0.313300 0.479748 0.309729 0.484401 0.305542 0.489600 0.303079 0.495074 0.301355 0.501095 0.299384 0.503831 0.298276 0.509579 0.298030 0.515326 0.298030 0.527337 0.299537 0.534392 0.302050 0.542693 0.306527 0.544609 0.307759
2 0.550553 0.460782 0.541074 0.467654 0.535545 0.471682 0.533702 0.473697 0.538968 0.471919 0.541338 0.472038 0.540811 0.480213 0.544760 0.489455 0.547657 0.491588 0.548183 0.495972 0.547393 0.502607 0.546867 0.507701 0.545024 0.511493 0.541338 0.516943 0.539231 0.519194 0.548183 0.518365 0.554502 0.517536 0.549500 0.521801 0.542917 0.524408 0.533175 0.525000 0.528436 0.525711 0.521064 0.527133 0.516324 0.527488 0.507636 0.525711 0.507636 0.527725 0.505793 0.529502 0.500527 0.529739 0.494471 0.527251 0.490521 0.523697 0.485519 0.518839 0.483939 0.514929 0.483412 0.511848 0.484202 0.507938 0.485255 0.505095 0.488678 0.501896 0.492628 0.499645 0.500000 0.497749 0.503949 0.496209 0.504739 0.493009 0.505003 0.489336 0.506319 0.486611 0.508952 0.483294 0.511058 0.480687 0.511322 0.478199 0.511058 0.475948 0.511848 0.473341 0.514481 0.471445 0.517904 0.468957 0.521590 0.466114 0.525803 0.464692 0.536072 0.462441 0.541601 0.461374 0.546340 0.460782
2 0.496577 0.480569 0.493418 0.492299 0.486572 0.495616 0.479726 0.501896 0.472354 0.508294 0.458399 0.509123 0.449974 0.508175 0.444708 0.506517 0.438125 0.505687 0.422854 0.505687 0.419958 0.505450 0.414429 0.503555 0.408110 0.501422 0.400211 0.499408 0.393892 0.498578 0.387572 0.496564 0.382833 0.494668 0.380200 0.491232 0.378094 0.488981 0.378094 0.487441 0.382043 0.486848 0.373881 0.483649 0.367299 0.479265 0.362559 0.473934 0.362559 0.470735 0.365719 0.469550 0.374934 0.468365 0.382570 0.468365 0.391259 0.469076 0.394155 0.469787 0.397578 0.472038 0.399684 0.470853 0.402317 0.467891 0.404687 0.466588 0.409953 0.464573 0.415745 0.463152 0.421011 0.462915 0.427857 0.463863 0.432596 0.464929 0.439968 0.466114 0.457346 0.476185 0.460506 0.479621 0.461822 0.482583 0.466035 0.480924 0.473670 0.479739 0.484466 0.479739 0.490258 0.479739 0.493681 0.479858
2 0.571260 0.393993 0.577150 0.402208 0.576561 0.411837 0.577150 0.420406 0.579309 0.420583 0.576953 0.423498 0.573616 0.426590 0.576561 0.435159 0.581076 0.438339 0.585984 0.438693 0.590891 0.438516 0.606203 0.435954 0.612485 0.432509 0.607774 0.440901 0.600903 0.444081 0.594817 0.446378 0.587554 0.446820 0.584413 0.447261 0.583039 0.447880 0.565371 0.448763 0.573812 0.452562 0.575775 0.455477 0.566745 0.456714 0.557126 0.454770 0.550648 0.453092 0.545936 0.448940 0.542207 0.444876 0.538673 0.440901 0.536710 0.438781 0.536317 0.427827 0.536710 0.421908 0.535532 0.418905 0.527483 0.413869 0.522379 0.410689 0.519435 0.404770 0.519435 0.402739 0.520416 0.401148 0.522968 0.397350 0.524735 0.394876 0.529446 0.391873 0.534354 0.389134 0.542207 0.386131 0.545151 0.385601 0.547507 0.385777 0.542599 0.400795 0.542599 0.409541 0.544366 0.409541 0.546525 0.405742 0.550452 0.398852 0.552022 0.395848 0.555948 0.392756 0.560856 0.391343 0.563604 0.391343 0.567727 0.391961
2 0.420198 0.405614 0.422316 0.402542 0.424435 0.400530 0.426083 0.399364 0.427495 0.398305 0.431733 0.396292 0.434087 0.395339 0.438089 0.394386 0.442326 0.394280 0.446563 0.394280 0.451036 0.394492 0.453625 0.394809 0.458333 0.396610 0.461394 0.398835 0.462571 0.399364 0.471516 0.405297 0.479991 0.411441 0.479520 0.420551 0.483992 0.418856 0.484934 0.416419 0.488701 0.414513 0.499529 0.413453 0.506356 0.413347 0.535075 0.418856 0.536959 0.425953 0.536959 0.438453 0.531309 0.441843 0.537429 0.443750 0.535311 0.445975 0.527072 0.447775 0.516949 0.449364 0.491996 0.449258 0.477401 0.448623 0.466337 0.445657 0.454802 0.445445 0.443267 0.446292 0.434557 0.444492 0.420904 0.440784 0.411252 0.437500 0.401836 0.429449 0.401601 0.426907 0.405132 0.425742 0.399953 0.421186 0.392891 0.412818 0.392655 0.410169 0.394068 0.408369 0.399482 0.406780 0.409134 0.404873 0.413136 0.404873 0.417608 0.405614
2 0.447304 0.344761 0.437500 0.350184 0.434232 0.353585 0.430147 0.350827 0.424837 0.350000 0.415645 0.349357 0.409518 0.349173 0.401552 0.349173 0.393178 0.350276 0.385008 0.351746 0.380515 0.353309 0.378881 0.354871 0.379289 0.357353 0.379902 0.359283 0.380719 0.361397 0.398489 0.370312 0.398897 0.372426 0.400531 0.376011 0.402982 0.378676 0.403595 0.380515 0.412582 0.383364 0.431168 0.386949 0.444036 0.388971 0.449346 0.388695 0.456904 0.388511 0.464257 0.387224 0.469363 0.385937 0.479167 0.388143 0.499592 0.388419 0.528595 0.383456 0.537786 0.381710 0.542075 0.373254 0.553922 0.357996 0.553717 0.356710 0.547181 0.353860 0.537582 0.351930 0.524714 0.351746 0.508578 0.352665 0.501021 0.353125 0.500204 0.350827 0.496528 0.347059 0.492239 0.344393 0.479575 0.341820 0.467729 0.341636 0.463031 0.341636 0.457925 0.342739 0.452410 0.344026
2 0.640112 0.335220 0.645702 0.344340 0.645353 0.356761 0.658281 0.352987 0.670860 0.354088 0.690776 0.359434 0.709644 0.372170 0.709294 0.378931 0.706150 0.383648 0.684486 0.387736 0.686583 0.393396 0.663871 0.395440 0.638714 0.393082 0.620894 0.387736 0.613557 0.383962 0.600978 0.380975 0.583159 0.372327 0.577568 0.368082 0.575122 0.359906 0.575122 0.351572 0.575122 0.347956 0.581761 0.342138 0.585604 0.338365 0.591544 0.336792 0.597484 0.337107 0.600280 0.336792 0.607268 0.331761 0.617400 0.330346 0.626136 0.330346