1 0.391113 0.630534 0.391357 0.634766 0.392334 0.637044 0.402100 0.638021 0.412354 0.641602 0.418945 0.645508 0.424805 0.650391 0.428223 0.652018 0.431641 0.655273 0.437012 0.657552 0.438721 0.659831 0.446289 0.665690 0.450928 0.668294 0.454102 0.671875 0.458984 0.673503 0.460205 0.675456 0.463867 0.676432 0.467773 0.679362 0.476562 0.681966 0.511230 0.687174 0.525146 0.684896 0.529053 0.685221 0.531982 0.684245 0.541748 0.683919 0.551025 0.681966 0.556885 0.679036 0.558838 0.677083 0.559814 0.674154 0.559570 0.672201 0.558105 0.670898 0.554688 0.670898 0.548584 0.672852 0.544678 0.670247 0.539062 0.664062 0.532227 0.653971 0.531006 0.650391 0.525635 0.643555 0.520996 0.642904 0.512695 0.639323 0.505127 0.638997 0.474854 0.633464 0.451172 0.631185 0.440918 0.629232 0.431641 0.626302 0.422607 0.625977 0.417236 0.624349 0.404297 0.622396 0.396240 0.623372 0.392090 0.626628
1 0.562744 0.719727 0.560791 0.714518 0.559326 0.712565 0.556641 0.711263 0.554443 0.711589 0.553223 0.712240 0.551758 0.712240 0.551514 0.712565 0.548096 0.712565 0.547852 0.712240 0.541504 0.711914 0.541260 0.711589 0.540283 0.711589 0.540039 0.711914 0.534912 0.711914 0.534668 0.711589 0.531494 0.711589 0.531250 0.711263 0.529541 0.711263 0.529297 0.710938 0.528564 0.710938 0.528320 0.711263 0.522949 0.711263 0.522705 0.711589 0.514404 0.711589 0.514160 0.711914 0.512451 0.711914 0.512207 0.712240 0.509521 0.712240 0.507568 0.713216 0.504150 0.713867 0.501953 0.715169 0.500000 0.715820 0.496826 0.717773 0.495850 0.719076 0.495361 0.720703 0.493896 0.722331 0.491943 0.726237 0.491211 0.728190 0.490967 0.731771 0.490723 0.732096 0.492188 0.736328 0.493896 0.737630 0.495605 0.737956 0.497070 0.738932 0.498047 0.740234 0.500244 0.742188 0.503906 0.744466 0.505859 0.744792 0.510742 0.746745 0.514160 0.747070 0.514404 0.747396 0.516602 0.747396 0.516846 0.747721 0.522217 0.747396 0.522461 0.747070 0.525879 0.746745 0.526123 0.746419 0.528564 0.746419 0.528809 0.746094 0.530029 0.746094 0.531738 0.745443 0.533203 0.745443 0.533447 0.745117 0.534912 0.745117 0.535156 0.744792 0.536621 0.744792 0.536865 0.744466 0.539062 0.744141 0.541260 0.743164 0.544189 0.741211 0.551514 0.738281 0.553711 0.736654 0.554199 0.736654 0.554688 0.736003 0.558594 0.734049 0.561279 0.729818 0.561768 0.728516 0.562256 0.723307 0.562744 0.721354
0 0.505618 0.050108 0.508087 0.051352 0.510117 0.053546 0.510281 0.056692 0.508800 0.059106 0.506112 0.060861 0.504192 0.061739 0.502216 0.061886 0.500680 0.061081 0.500241 0.059984 0.499748 0.057277 0.499912 0.054863 0.500955 0.052010 0.501668 0.050620 0.503588 0.049962
0 0.486361 0.056619 0.488830 0.059764 0.492122 0.066567 0.492286 0.070883 0.491024 0.074541 0.488556 0.075418 0.485483 0.075565 0.483069 0.075565 0.479832 0.074248 0.479229 0.073736 0.477693 0.071029 0.476979 0.068542 0.476595 0.066933 0.476760 0.063422 0.477418 0.060715 0.478461 0.059325 0.480820 0.057423 0.483344 0.056546 0.484989 0.056326
0 0.506770 0.086610 0.510336 0.086025 0.515000 0.089975 0.517962 0.095827 0.517468 0.101533 0.516042 0.105776 0.514945 0.107385 0.513134 0.108336 0.509788 0.108409 0.506331 0.108044 0.504356 0.107605 0.502601 0.106581 0.502216 0.105703 0.502162 0.101021 0.502710 0.096193 0.503588 0.092828 0.505947 0.088878
0 0.544475 0.075886 0.547308 0.081930 0.549368 0.085638 0.549059 0.091407 0.548132 0.096420 0.545814 0.100403 0.541590 0.104455 0.539170 0.107065 0.536337 0.109812 0.533864 0.111597 0.530001 0.111803 0.528405 0.110361 0.527375 0.106035 0.527117 0.100747 0.527066 0.096214 0.526860 0.092574 0.526963 0.089621 0.528302 0.085775 0.529435 0.083509 0.533143 0.079595 0.536800 0.076848 0.539942 0.075131 0.542260 0.075062
0 0.620917 0.273890 0.622545 0.277597 0.622477 0.282751 0.622409 0.287001 0.622138 0.288719 0.621189 0.289261 0.617798 0.289352 0.614746 0.289352 0.613322 0.288990 0.611966 0.287543 0.611016 0.284288 0.611152 0.281485 0.614814 0.280943 0.617052 0.279586 0.619154 0.278592 0.620714 0.275788
0 0.643497 0.265113 0.646018 0.266955 0.648435 0.267922 0.649610 0.269257 0.649713 0.273124 0.648677 0.275703 0.647158 0.277452 0.645915 0.279202 0.643946 0.280952 0.642323 0.281826 0.640873 0.282287 0.639146 0.281550 0.638249 0.279985 0.637558 0.278465 0.637213 0.275979 0.637454 0.273769 0.638145 0.271006 0.638939 0.268566 0.640148 0.266724 0.642289 0.265159 0.643601 0.264653
0 0.645293 0.307979 0.645328 0.312353 0.645086 0.316404 0.642876 0.320963 0.639595 0.324692 0.637972 0.325797 0.635451 0.325337 0.632931 0.324692 0.630755 0.323909 0.629995 0.322574 0.629339 0.319766 0.629270 0.317602 0.630341 0.314471 0.631273 0.311892 0.633000 0.309314 0.635382 0.306874 0.637834 0.305078 0.638870 0.304710 0.640838 0.304710 0.642876 0.305308 0.644430 0.306413
2 0.489990 0.101888 0.487061 0.100586 0.484375 0.100586 0.478027 0.102214 0.474609 0.098633 0.471191 0.097656 0.469482 0.097982 0.467041 0.099609 0.463867 0.103841 0.463867 0.104818 0.462402 0.110677 0.461670 0.124349 0.461182 0.126302 0.460449 0.127279 0.455322 0.128906 0.453369 0.130208 0.449463 0.134115 0.444336 0.140951 0.442871 0.143880 0.440430 0.150391 0.439941 0.153646 0.440186 0.158529 0.441162 0.162109 0.442139 0.163411 0.444580 0.165365 0.446289 0.169271 0.446533 0.173503 0.447021 0.174805 0.448242 0.175781 0.450439 0.178711 0.452881 0.180339 0.455322 0.181315 0.455566 0.180990 0.458252 0.180990 0.458496 0.180664 0.461182 0.180664 0.461426 0.180339 0.464844 0.180013 0.467041 0.179362 0.470215 0.177734 0.474609 0.173177 0.477295 0.169596 0.480225 0.164388 0.481689 0.163411 0.483643 0.163086 0.484863 0.162435 0.486084 0.160807 0.487793 0.159831 0.490479 0.155599 0.490967 0.154297 0.490479 0.150391 0.492188 0.146810 0.492676 0.143880 0.493896 0.139974 0.495117 0.134115 0.495361 0.129557 0.493896 0.119792 0.493652 0.108398 0.493408 0.107422 0.491699 0.104818 0.491455 0.103516
2 0.517513 0.111700 0.512695 0.117362 0.513512 0.123567 0.518311 0.127930 0.514410 0.132603 0.514648 0.145833 0.515381 0.153971 0.517578 0.157227 0.519287 0.161133 0.520264 0.162435 0.521484 0.163086 0.523926 0.166341 0.527588 0.168620 0.529297 0.170247 0.533691 0.172201 0.539551 0.172526 0.540283 0.171549 0.540283 0.169596 0.541016 0.168294 0.544922 0.167969 0.546143 0.168620 0.548584 0.168945 0.552002 0.172526 0.555908 0.175130 0.562012 0.175781 0.568359 0.174805 0.570557 0.173503 0.577881 0.170898 0.579590 0.169596 0.582031 0.164714 0.583984 0.162435 0.584961 0.158529 0.587891 0.154622 0.592529 0.146159 0.593018 0.142253 0.594238 0.138672 0.592529 0.130534 0.588623 0.124674 0.583984 0.120768 0.577637 0.117513 0.575928 0.117188 0.572998 0.118164 0.570068 0.118164 0.568359 0.118815 0.567627 0.117188 0.566650 0.111654 0.562988 0.103516 0.561035 0.101562 0.556885 0.098633 0.552734 0.098307 0.548096 0.099935 0.546631 0.100911 0.543213 0.106445 0.540771 0.109049 0.536133 0.109701 0.533691 0.110677 0.529924 0.111374 0.528128 0.110830 0.527556 0.107672
2 0.506592 0.149740 0.505615 0.149740 0.504883 0.153646 0.504639 0.161784 0.502930 0.169271 0.501953 0.170573 0.501465 0.169922 0.500977 0.166341 0.499512 0.162109 0.496582 0.158203 0.494385 0.156576 0.492432 0.156576 0.491211 0.157227 0.488037 0.162109 0.486572 0.166016 0.485352 0.172526 0.485352 0.177409 0.485840 0.181966 0.488037 0.193034 0.489502 0.195964 0.491699 0.204753 0.492432 0.210286 0.492432 0.213216 0.490967 0.215495 0.489746 0.216471 0.490479 0.220703 0.488770 0.222982 0.485840 0.224935 0.482178 0.226237 0.480225 0.227865 0.479980 0.228516 0.481445 0.232422 0.481445 0.235026 0.482666 0.235677 0.488233 0.236653 0.490710 0.236760 0.493587 0.237825 0.490590 0.242940 0.483078 0.238944 0.478271 0.236328 0.477044 0.236813 0.477244 0.237985 0.478763 0.239157 0.480225 0.244141 0.482422 0.248047 0.486328 0.249674 0.489502 0.248047 0.490234 0.247070 0.493896 0.247070 0.496094 0.250977 0.497803 0.252930 0.501709 0.251953 0.504639 0.248698 0.506592 0.245443 0.508301 0.244466 0.510498 0.244141 0.511767 0.245231 0.513428 0.242513 0.514893 0.240234 0.516846 0.235352 0.517578 0.232422 0.516357 0.222331 0.516357 0.219401 0.516846 0.217448 0.516602 0.208659 0.513428 0.199544 0.512207 0.197266 0.513916 0.193034 0.514160 0.189128 0.516113 0.183268 0.517578 0.169596 0.514893 0.158203 0.513428 0.156250 0.511719 0.154948 0.509521 0.151042
2 0.554443 0.213867 0.553223 0.216471 0.552979 0.220703 0.553955 0.227865 0.555420 0.233073 0.555908 0.236328 0.555664 0.241211 0.555176 0.243164 0.555664 0.249674 0.556641 0.252930 0.561035 0.258464 0.562256 0.261719 0.564453 0.264648 0.572021 0.270833 0.572998 0.270833 0.575195 0.272135 0.576416 0.272135 0.579346 0.269531 0.583984 0.267578 0.589600 0.276042 0.592041 0.277995 0.597168 0.279948 0.604248 0.280924 0.607178 0.281901 0.610352 0.281901 0.615087 0.280832 0.617823 0.278797 0.619296 0.277535 0.620401 0.276131 0.621338 0.275391 0.619385 0.270508 0.618896 0.267253 0.620605 0.265299 0.623535 0.263346 0.626709 0.259440 0.628662 0.255208 0.629395 0.251953 0.629639 0.247721 0.629150 0.243815 0.627930 0.241211 0.620361 0.231120 0.614990 0.226562 0.611328 0.224609 0.608154 0.223958 0.602051 0.224609 0.599609 0.223958 0.598145 0.216146 0.595703 0.209310 0.591797 0.203451 0.588135 0.201823 0.584229 0.201823 0.579834 0.203776 0.576660 0.208333 0.575928 0.210286 0.573730 0.212240 0.572021 0.212565 0.568115 0.209961 0.564453 0.209635 0.560303 0.210286 0.555420 0.212565
2 0.533203 0.277995 0.532227 0.279297 0.531982 0.281576 0.533742 0.284803 0.532715 0.286784 0.533512 0.287567 0.533512 0.289717 0.533972 0.303843 0.531439 0.305378 0.530287 0.304150 0.531093 0.292941 0.529297 0.288086 0.527588 0.285156 0.525146 0.284180 0.523682 0.286133 0.522461 0.291016 0.521973 0.304036 0.521729 0.304362 0.521973 0.310872 0.521996 0.320887 0.516357 0.321940 0.515625 0.326172 0.516602 0.328451 0.518066 0.330404 0.522705 0.333984 0.523193 0.337565 0.520996 0.341146 0.519287 0.342773 0.515137 0.343750 0.510010 0.346354 0.508545 0.346029 0.506104 0.344401 0.505127 0.344401 0.501953 0.345703 0.502686 0.347331 0.502930 0.349284 0.507080 0.354818 0.509521 0.357422 0.514404 0.357747 0.517090 0.355794 0.518311 0.355794 0.522341 0.353285 0.521484 0.359049 0.524902 0.361003 0.529827 0.348218 0.533512 0.347911 0.532590 0.356663 0.526855 0.365234 0.529053 0.367188 0.533203 0.365234 0.534180 0.363281 0.534912 0.359375 0.535889 0.357422 0.536133 0.352539 0.537842 0.346354 0.536967 0.342383 0.537197 0.338391 0.536621 0.336589 0.535889 0.333659 0.535645 0.328451 0.536133 0.326172 0.534912 0.324544 0.534424 0.321940 0.536865 0.317383 0.537842 0.313802 0.539795 0.309896 0.540039 0.308268 0.541992 0.302409 0.541992 0.300130 0.542236 0.299805 0.541748 0.290690 0.540527 0.286458 0.537109 0.280599 0.535889 0.280273
1 0.525627 0.616873 0.535166 0.625172 0.538480 0.629268 0.549475 0.633364 0.562248 0.637029 0.566290 0.641341 0.566452 0.645544 0.563784 0.652874 0.556508 0.663761 0.549071 0.671953 0.544220 0.669258 0.533711 0.655461 0.530396 0.649101 0.525142 0.639293 0.523444 0.635628 0.519806 0.633472 0.515279 0.632286 0.513905 0.630562 0.515683 0.629376 0.518593 0.628406 0.517543 0.626789 0.514471 0.624634 0.512045 0.624634 0.509782 0.626358 0.507842 0.623663 0.506548 0.621292 0.506386 0.619460 0.506629 0.616981 0.508407 0.614070 0.511318 0.612453 0.515036 0.612022 0.518432 0.613531
1 0.542208 0.628994 0.536772 0.626125 0.540087 0.590760 0.543403 0.537712 0.546115 0.509581 0.550034 0.486674 0.557870 0.469393 0.568118 0.461355 0.574749 0.460150 0.593135 0.469795 0.594642 0.477029 0.606397 0.508777 0.605493 0.548965 0.587107 0.620097 0.574749 0.653453 0.565104 0.666313 0.557870 0.665911 0.556662 0.663489 0.560792 0.657497 0.565772 0.649238 0.567817 0.641397 0.563899 0.637780 0.559679 0.635368
1 0.563221 0.668348 0.570874 0.657497 0.575975 0.651667 0.586421 0.622516 0.594073 0.600976 0.617394 0.583486 0.631484 0.569072 0.643144 0.561946 0.645695 0.568424 0.645573 0.573930 0.648367 0.576846 0.642658 0.577979 0.630026 0.581542 0.616787 0.592231 0.611199 0.617009 0.606458 0.634836 0.601118 0.643083 0.586907 0.653286 0.580712 0.658631 0.572210 0.666242 0.562736 0.683085 0.562979 0.675150
1 0.581684 0.658793 0.567230 0.690049 0.566380 0.695232 0.565772 0.704625 0.575246 0.713694 0.579133 0.714504 0.586421 0.710941 0.596259 0.703329 0.604033 0.694260 0.615455 0.667668 0.618139 0.656163 0.618718 0.648937 0.618852 0.648266 0.616981 0.641220 0.614929 0.638764 0.613614 0.638203 0.613143 0.637253 0.611720 0.637432 0.611404 0.635888 0.610228 0.634500 0.608649 0.634014 0.607798 0.634014 0.607458 0.634766 0.606458 0.635046 0.606098 0.636605 0.602301 0.641921 0.599053 0.645675 0.588000 0.652477