1 0.325716 0.591222 0.328969 0.574957 0.337915 0.557878 0.350520 0.539444 0.374919 0.523178 0.404603 0.505557 0.409483 0.501762 0.417615 0.502846 0.429815 0.516672 0.416396 0.522636 0.415989 0.534835 0.420462 0.560860 0.424935 0.583632 0.415176 0.604234 0.399723 0.619416 0.384271 0.630259 0.354180 0.639747 0.341253 0.638982 0.334255 0.636765 0.328007 0.633305 0.322463 0.622398 0.346675 0.613939 0.345922 0.602810 0.336686 0.594964
1 0.421275 0.506371 0.431441 0.495798 0.447707 0.486581 0.467225 0.479533 0.484710 0.475466 0.505449 0.477364 0.519681 0.485497 0.519681 0.490376 0.512768 0.490647 0.517241 0.501491 0.512362 0.525347 0.502602 0.555167 0.481457 0.590138 0.466818 0.608030 0.441200 0.625651 0.408256 0.637971 0.387602 0.642760 0.369941 0.643958 0.350186 0.641962 0.355341 0.639473 0.383411 0.630587 0.414541 0.605444 0.426215 0.582695 0.416038 0.523827 0.429807 0.515845
1 0.072198 0.571983 0.072198 0.576293 0.076078 0.578736 0.083836 0.590086 0.093319 0.599425 0.098922 0.603448 0.126509 0.620115 0.130172 0.621121 0.134698 0.623994 0.150431 0.628592 0.157974 0.633477 0.162069 0.633908 0.165517 0.635632 0.175431 0.636925 0.182974 0.639799 0.196336 0.641810 0.201078 0.641810 0.204957 0.643391 0.224353 0.646552 0.228664 0.646552 0.235776 0.647989 0.267888 0.648994 0.283405 0.648420 0.302155 0.646264 0.305819 0.644540 0.310560 0.643822 0.314224 0.641810 0.321983 0.640517 0.326293 0.637931 0.329095 0.634770 0.323922 0.626580 0.323381 0.625526 0.323171 0.622652 0.319386 0.622372 0.313362 0.618966 0.311638 0.616379 0.304095 0.609483 0.297845 0.607471 0.292666 0.605007 0.292361 0.603177 0.295043 0.599425 0.296767 0.595833 0.298707 0.594397 0.302371 0.593247 0.308627 0.591656 0.313793 0.591667 0.309698 0.590517 0.305388 0.587069 0.299353 0.583908 0.275431 0.575000 0.265733 0.572126 0.255819 0.570833 0.249569 0.568247 0.234914 0.564368 0.220474 0.562213 0.215733 0.560489 0.208621 0.559770 0.193750 0.556466 0.165948 0.552299 0.130603 0.551868 0.098491 0.557184 0.091595 0.560489 0.087716 0.560920 0.079741 0.564080
1 0.312027 0.591253 0.321384 0.591253 0.326220 0.592164 0.334209 0.593916 0.338940 0.596580 0.345458 0.602888 0.347351 0.610948 0.346720 0.613050 0.344512 0.614732 0.322225 0.622512 0.319491 0.622512 0.312553 0.618727 0.311782 0.616493 0.310482 0.615399 0.303301 0.608705 0.302750 0.608922 0.296468 0.606812 0.292262 0.604359 0.292788 0.602397 0.296573 0.597351 0.297309 0.594757 0.301829 0.593426 0.307506 0.591814
2 0.212500 0.274138 0.208836 0.275718 0.205388 0.279454 0.203448 0.287069 0.203017 0.291523 0.202371 0.293103 0.202550 0.296354 0.196983 0.294253 0.192457 0.293534 0.181250 0.294397 0.169828 0.298420 0.164655 0.301580 0.159914 0.306609 0.158836 0.310345 0.159052 0.314224 0.160776 0.317672 0.161853 0.318966 0.171552 0.326006 0.173491 0.330603 0.177371 0.334483 0.181466 0.337069 0.185991 0.338506 0.201078 0.342241 0.204957 0.343966 0.208621 0.343247 0.212716 0.343391 0.220043 0.345690 0.225431 0.345690 0.230819 0.343103 0.232974 0.339224 0.234483 0.338218 0.236207 0.337787 0.241379 0.340805 0.245043 0.342385 0.248707 0.342672 0.257328 0.342098 0.264655 0.338506 0.268750 0.334052 0.270905 0.329885 0.271336 0.327299 0.270905 0.322126 0.271767 0.317241 0.270259 0.310489 0.268319 0.306897 0.264224 0.302586 0.257974 0.298707 0.245905 0.293822 0.244397 0.292098 0.242457 0.286925 0.240517 0.284339 0.232328 0.277299 0.228448 0.275287 0.221121 0.273420 0.216164 0.273276
0 0.328577 0.203579 0.331033 0.207488 0.333331 0.209707 0.335787 0.211608 0.335628 0.213933 0.334995 0.216996 0.334915 0.216891 0.333410 0.218739 0.332301 0.221381 0.325249 0.223969 0.317167 0.224391 0.311937 0.222912 0.307500 0.219162 0.305995 0.216257 0.305916 0.213352 0.308451 0.209707 0.312888 0.206220 0.315978 0.204636 0.319227 0.204002 0.322396 0.203579 0.324298 0.203579 0.327071 0.203526
0 0.388795 0.187310 0.389587 0.189423 0.391568 0.191536 0.391409 0.193384 0.390459 0.195497 0.388557 0.198191 0.386655 0.200093 0.383644 0.201255 0.380634 0.202628 0.375880 0.203632 0.370967 0.202312 0.364311 0.199670 0.363519 0.196871 0.365341 0.192909 0.369224 0.188842 0.373899 0.185989 0.378573 0.184827 0.381981 0.184669 0.384199 0.184933 0.385546 0.185567 0.387685 0.185831
0 0.305666 0.215824 0.299311 0.214780 0.293140 0.216745 0.286877 0.220859 0.282088 0.224789 0.281536 0.227797 0.282457 0.231666 0.285220 0.233631 0.290193 0.237315 0.291575 0.239586 0.297009 0.241183 0.300785 0.241490 0.309995 0.227552 0.304100 0.225034 0.303916 0.223008 0.305850 0.220798 0.307877 0.219754 0.307600 0.219017
0 0.407026 0.153990 0.407709 0.155316 0.410552 0.155961 0.412144 0.156833 0.412542 0.158084 0.411917 0.160358 0.410495 0.162747 0.407311 0.165021 0.402875 0.166841 0.401340 0.167334 0.399577 0.166993 0.393265 0.164377 0.392355 0.160662 0.394914 0.157591 0.396734 0.155847 0.399691 0.154520 0.401453 0.153838 0.403557 0.153724 0.405150 0.153762
0 0.371827 0.156757 0.380868 0.160624 0.380641 0.162595 0.378310 0.164491 0.375125 0.166348 0.372964 0.169078 0.369609 0.170670 0.367676 0.171769 0.365003 0.171883 0.361136 0.170935 0.356587 0.168016 0.355450 0.164794 0.357668 0.160472 0.363980 0.158084 0.369780 0.156302
0 0.427831 0.134514 0.421948 0.136184 0.420666 0.138164 0.422763 0.144299 0.424977 0.145387 0.428938 0.145193 0.431733 0.144843 0.434122 0.143600 0.436393 0.141542 0.435636 0.139096 0.432665 0.137193
0 0.433889 0.129543 0.435403 0.133737 0.436510 0.134591 0.438898 0.134281 0.440471 0.133815 0.442102 0.132766 0.442509 0.131796 0.442801 0.130048 0.442742 0.128262 0.442626 0.127136 0.441985 0.126243 0.439306 0.126359 0.436859 0.127175 0.433947 0.129039
0 0.457202 0.127653 0.465098 0.127274 0.464793 0.130183 0.463092 0.131608 0.459732 0.131783 0.456460 0.131085 0.455457 0.130357 0.455500 0.129514 0.456155 0.128496 0.456722 0.127682
2 0.306897 0.258764 0.306034 0.259339 0.303664 0.262644 0.301940 0.266954 0.301509 0.271121 0.300000 0.275718 0.300000 0.282184 0.301078 0.285201 0.309483 0.294828 0.311487 0.297281 0.311853 0.298707 0.311638 0.301293 0.313824 0.302186 0.318103 0.302155 0.322845 0.305029 0.326078 0.307615 0.328017 0.308333 0.330603 0.310489 0.341810 0.313506 0.348491 0.314368 0.358190 0.314511 0.361853 0.313793 0.365517 0.313649 0.368750 0.313075 0.372845 0.313218 0.373922 0.312787 0.373594 0.310989 0.373648 0.307153 0.375223 0.305741 0.379783 0.304873 0.380868 0.304873 0.381248 0.304800 0.381303 0.303317 0.382388 0.302665 0.383746 0.302122 0.387708 0.300638 0.390302 0.298420 0.391379 0.294684 0.389009 0.290948 0.387069 0.289224 0.381897 0.285489 0.376724 0.283190 0.372845 0.281897 0.369305 0.280547 0.364009 0.279167 0.357328 0.278448 0.353233 0.279023 0.349569 0.281609 0.345690 0.280316 0.343534 0.277586 0.341595 0.271408 0.336638 0.262500 0.333621 0.259483 0.329957 0.257040 0.326078 0.255891 0.322629 0.255603 0.319612 0.255747 0.314224 0.257040 0.310345 0.257471
0 0.380651 0.305054 0.385266 0.306103 0.385320 0.309179 0.384940 0.311061 0.382768 0.313450 0.381086 0.314029 0.379185 0.314319 0.376688 0.314282 0.375168 0.313993 0.374137 0.313305 0.373974 0.312509 0.373540 0.310808 0.373648 0.306972 0.375440 0.305669
0 0.384397 0.329012 0.386786 0.331473 0.388414 0.333427 0.387328 0.335599 0.385754 0.338060 0.384126 0.339218 0.379891 0.339688 0.376471 0.339471 0.375494 0.338024 0.374191 0.333246 0.378208 0.331437 0.378860 0.330641 0.383094 0.328505
0 0.411638 0.299237 0.413296 0.301614 0.414125 0.303382 0.412301 0.306200 0.408737 0.306919 0.404261 0.306698 0.401691 0.305758 0.401525 0.304653 0.402105 0.303161 0.403763 0.301614 0.405007 0.300950 0.406830 0.300453 0.408654 0.300122
1 0.124123 0.620495 0.110243 0.631940 0.095266 0.648987 0.100745 0.649230 0.100745 0.656780 0.102206 0.663355 0.112800 0.673096 0.131064 0.679914 0.153711 0.683811 0.188413 0.685759 0.231882 0.685515 0.269141 0.683324 0.293980 0.677966 0.314071 0.669199 0.338179 0.656293 0.339641 0.651666 0.318089 0.642655 0.290327 0.648013 0.256721 0.648743 0.227133 0.646795 0.200102 0.641438 0.188778 0.639977 0.168323 0.635350 0.158095 0.633889 0.150789 0.628288 0.133621 0.622687