0 0.574472 0.046379 0.576992 0.049279 0.577486 0.053496 0.577486 0.057120 0.576943 0.058438 0.575015 0.059031 0.572841 0.059295 0.571358 0.059031 0.570222 0.057713 0.569678 0.056132 0.569431 0.053694 0.569431 0.051915 0.570123 0.049806 0.571605 0.047763 0.573039 0.046511
0 0.576449 0.040844 0.576844 0.044600 0.576350 0.046577 0.574917 0.046907 0.573780 0.046050 0.571556 0.048159 0.570271 0.050531 0.568492 0.051058 0.567009 0.050992 0.565971 0.048488 0.565724 0.046248 0.565724 0.043810 0.566070 0.041569 0.568393 0.037879 0.570716 0.035968 0.572544 0.035902 0.574324 0.036956 0.575905 0.039197
0 0.526750 0.079885 0.532029 0.088155 0.533744 0.094225 0.533150 0.098712 0.529785 0.100384 0.526222 0.102847 0.522659 0.103991 0.520086 0.102231 0.518700 0.099680 0.517248 0.096249 0.516786 0.092905 0.516654 0.089738 0.516984 0.088067 0.517842 0.085779 0.519228 0.083404 0.520943 0.081380 0.523253 0.080149 0.525100 0.079709
0 0.565746 0.089826 0.566010 0.097128 0.569112 0.100296 0.571685 0.101351 0.574918 0.100648 0.576964 0.099592 0.577953 0.098800 0.578679 0.095633 0.579273 0.091762 0.579339 0.088594 0.578415 0.086395 0.577228 0.085867 0.574522 0.085075 0.573071 0.085163 0.569442 0.085339 0.567792 0.086219 0.566406 0.087451
0 0.557709 0.095672 0.565338 0.101776 0.565203 0.105904 0.562601 0.112427 0.558606 0.115239 0.555734 0.115538 0.553086 0.115718 0.550663 0.115718 0.549227 0.115359 0.548105 0.114820 0.546444 0.112905 0.545906 0.110093 0.546040 0.107879 0.547072 0.105426 0.548553 0.102733 0.550887 0.100160 0.554433 0.097048 0.556093 0.095852
0 0.519741 0.121838 0.522042 0.128627 0.521136 0.136626 0.516392 0.149089 0.513044 0.154762 0.509556 0.156715 0.504953 0.156250 0.501883 0.153832 0.499233 0.149926 0.497070 0.145182 0.495257 0.140904 0.494629 0.135696 0.494629 0.132626 0.495187 0.129557 0.496931 0.125744 0.503906 0.117746 0.507115 0.116071 0.512416 0.115885 0.516811 0.119420
0 0.538416 0.151900 0.543263 0.155490 0.544998 0.161315 0.546076 0.168416 0.543143 0.174160 0.540630 0.177351 0.536083 0.179665 0.532672 0.180064 0.528663 0.178708 0.525970 0.175915 0.523995 0.170969 0.523576 0.166102 0.524235 0.161395 0.526269 0.158283 0.530218 0.155171 0.533928 0.153895 0.537399 0.151820
2 0.453369 0.269857 0.450684 0.270833 0.447021 0.273112 0.444580 0.275716 0.443115 0.278646 0.441895 0.285482 0.441895 0.291992 0.442871 0.297526 0.443359 0.298503 0.442383 0.301758 0.440674 0.304036 0.437012 0.306315 0.432129 0.310547 0.429443 0.314128 0.428467 0.316406 0.427246 0.318034 0.426025 0.321615 0.425781 0.323568 0.425781 0.330404 0.426514 0.333659 0.427490 0.335938 0.431396 0.340169 0.437012 0.344076 0.438477 0.345703 0.444092 0.347331 0.451416 0.347005 0.458496 0.342773 0.458984 0.342773 0.462891 0.348633 0.465820 0.349609 0.467041 0.349609 0.470459 0.347331 0.472168 0.347331 0.475586 0.346354 0.477051 0.345378 0.478271 0.343750 0.479004 0.341471 0.478760 0.336914 0.473182 0.333234 0.481934 0.333659 0.487549 0.332682 0.490479 0.331055 0.492432 0.328776 0.494629 0.327148 0.498184 0.321860 0.498870 0.319115 0.498535 0.313477 0.500488 0.307292 0.501322 0.301205 0.500977 0.294596 0.499512 0.289714 0.495850 0.285156 0.492920 0.283529 0.487061 0.282227 0.479248 0.282552 0.476074 0.283529 0.470459 0.286458 0.468750 0.283854 0.467529 0.278971 0.465820 0.277344 0.463867 0.274414 0.458496 0.270182 0.455566 0.269531
2 0.537393 0.151863 0.538672 0.142318 0.540527 0.137630 0.543848 0.132552 0.546973 0.130208 0.551270 0.129297 0.553027 0.129557 0.555469 0.131641 0.556641 0.134766 0.556738 0.147135 0.555566 0.157292 0.559863 0.153906 0.563574 0.152214 0.572852 0.154948 0.575098 0.161458 0.576758 0.167318 0.576465 0.172266 0.575098 0.177604 0.569629 0.187891 0.567969 0.192578 0.561816 0.201563 0.557520 0.204427 0.557813 0.207292 0.564746 0.206510 0.563672 0.209505 0.561621 0.212370 0.560449 0.213021 0.558594 0.212370 0.558105 0.212240 0.552832 0.213932 0.549609 0.213932 0.546973 0.210807 0.543848 0.205990 0.542285 0.201432 0.540234 0.199219 0.540039 0.194531 0.539160 0.200391 0.538281 0.203516 0.537305 0.205729 0.535742 0.207031 0.533691 0.208203 0.530664 0.209505 0.529102 0.209896 0.528320 0.209766 0.526855 0.207422 0.525000 0.204036 0.523438 0.200260 0.523242 0.198177 0.523242 0.196224 0.523438 0.192318 0.523633 0.189714 0.524023 0.184245 0.524414 0.181901 0.525488 0.178776 0.526465 0.176693 0.528809 0.178906 0.532129 0.180469 0.538086 0.179297 0.541211 0.176693 0.545703 0.170313 0.546484 0.168359 0.543457 0.154818 0.541797 0.153516 0.539355 0.151302
2 0.487415 0.180457 0.492168 0.187802 0.494221 0.195004 0.499514 0.193420 0.506860 0.194140 0.513341 0.195868 0.518743 0.200766 0.522632 0.207103 0.523820 0.213297 0.524144 0.217762 0.521767 0.227412 0.518527 0.233174 0.517878 0.236054 0.516366 0.240231 0.513233 0.245129 0.508696 0.248586 0.500378 0.251034 0.497245 0.251466 0.492924 0.252475 0.494653 0.254059 0.494977 0.257948 0.494113 0.262557 0.493680 0.263853 0.491520 0.264141 0.489899 0.264141 0.489035 0.264141 0.487631 0.264430 0.486227 0.264862 0.484822 0.264574 0.484174 0.264430 0.483094 0.264862 0.481581 0.265726 0.479961 0.266302 0.479097 0.266302 0.477476 0.264430 0.476612 0.262845 0.475424 0.260973 0.474020 0.258812 0.473263 0.258668 0.470023 0.259244 0.465053 0.261405 0.461704 0.261405 0.457924 0.261549 0.454899 0.261117 0.451658 0.258812 0.449497 0.257084 0.447985 0.254923 0.447661 0.252042 0.446473 0.249162 0.444204 0.246857 0.441936 0.243256 0.440531 0.240087 0.439775 0.237351 0.439775 0.234038 0.440207 0.228565 0.441071 0.224099 0.442044 0.221363 0.444528 0.216610 0.447337 0.213009 0.454143 0.206671 0.460948 0.204079 0.462893 0.203790 0.462893 0.200622 0.463217 0.195292 0.463757 0.191691 0.464837 0.189099 0.466998 0.185354 0.469266 0.183337 0.472075 0.181609 0.477476 0.178152 0.480933 0.177288 0.484174 0.178152
2 0.514617 0.243652 0.518008 0.244707 0.521851 0.249379 0.523433 0.252242 0.524111 0.248324 0.527276 0.242296 0.530780 0.239734 0.534623 0.240035 0.541517 0.246214 0.544795 0.251338 0.547395 0.260380 0.547395 0.267011 0.544569 0.277862 0.543891 0.280726 0.548525 0.288864 0.550899 0.297604 0.552142 0.306044 0.552142 0.311771 0.551125 0.316593 0.548525 0.321717 0.547056 0.322923 0.545360 0.324128 0.544343 0.324731 0.543326 0.326238 0.542083 0.326690 0.540613 0.329102 0.539257 0.329403 0.535979 0.329554 0.532588 0.327745 0.530215 0.325485 0.527050 0.322471 0.524563 0.319306 0.521738 0.312675 0.520720 0.308003 0.520155 0.303934 0.518573 0.303180 0.518347 0.304386 0.519251 0.308154 0.518460 0.312976 0.517329 0.314785 0.513826 0.317045 0.511678 0.317196 0.509983 0.317045 0.508400 0.315990 0.506931 0.313730 0.504331 0.310264 0.503427 0.307551 0.500940 0.306496 0.500827 0.303783 0.501279 0.299564 0.501279 0.295796 0.502975 0.293988 0.511339 0.295193 0.504783 0.289466 0.498341 0.281630 0.494159 0.271533 0.490542 0.264450 0.493481 0.264450 0.494950 0.260230 0.495063 0.257819 0.494724 0.254503 0.493368 0.252393 0.500262 0.251188 0.509757 0.248475
0 0.596752 0.246207 0.597818 0.249824 0.597236 0.252193 0.596138 0.253484 0.593846 0.253312 0.593038 0.252623 0.593006 0.250944 0.593652 0.249092 0.594201 0.248059 0.595234 0.247026
0 0.590358 0.249566 0.590422 0.250944 0.589970 0.253743 0.589583 0.255207 0.588420 0.255852 0.587451 0.255852 0.585901 0.254690 0.585578 0.253570 0.585578 0.252106 0.585998 0.250556 0.586483 0.249222 0.587193 0.248619 0.588872 0.248360 0.589712 0.248360
0 0.579119 0.264792 0.577642 0.265474 0.576337 0.266685 0.575769 0.268199 0.576507 0.271984 0.577586 0.273877 0.578494 0.274179 0.580311 0.274104 0.581390 0.272968 0.582639 0.271681 0.583093 0.269940 0.583093 0.267896 0.582525 0.266912 0.581446 0.266079
0 0.554273 0.270874 0.556620 0.276712 0.557145 0.279701 0.556444 0.281710 0.555499 0.283157 0.554483 0.283764 0.552872 0.283531 0.551295 0.283064 0.550140 0.282363 0.549439 0.281523 0.548563 0.278721 0.548528 0.275965 0.548879 0.274144 0.550069 0.272369 0.551295 0.271575 0.553993 0.270407
0 0.569264 0.280215 0.569264 0.282270 0.568984 0.284885 0.568354 0.286847 0.567513 0.288155 0.565797 0.289462 0.564326 0.289789 0.563170 0.288855 0.561979 0.287547 0.561453 0.286333 0.561453 0.285119 0.561383 0.283111 0.562014 0.280682 0.562925 0.278954 0.563940 0.278020 0.565096 0.277833 0.566462 0.277833 0.568109 0.278861 0.568879 0.279421 0.569089 0.279795
0 0.561212 0.307354 0.563441 0.308975 0.565822 0.310663 0.566024 0.313094 0.565467 0.316201 0.563948 0.319443 0.562631 0.321334 0.561314 0.321739 0.559693 0.322009 0.558579 0.322009 0.557515 0.321401 0.556401 0.320388 0.555995 0.319308 0.555539 0.316809 0.556097 0.314040 0.556654 0.312486 0.557616 0.310190 0.558528 0.308772 0.559744 0.307827 0.560706 0.307489
1 0.396484 0.419922 0.395020 0.423177 0.395020 0.424154 0.398438 0.429688 0.399414 0.432292 0.401611 0.435221 0.402832 0.443034 0.405518 0.448242 0.407715 0.455078 0.409180 0.457357 0.411865 0.465820 0.415527 0.474609 0.419434 0.482422 0.420654 0.486654 0.422119 0.488932 0.422852 0.491211 0.425781 0.495768 0.427246 0.499023 0.429199 0.501302 0.431396 0.506185 0.433105 0.508464 0.434814 0.512044 0.440430 0.517904 0.442871 0.522135 0.444824 0.524089 0.449463 0.530924 0.451172 0.531901 0.452637 0.533854 0.454834 0.534831 0.458008 0.537435 0.464844 0.541667 0.466553 0.543620 0.471924 0.543620 0.474609 0.542969 0.475830 0.540690 0.474609 0.535807 0.472412 0.533529 0.473633 0.526042 0.473633 0.521484 0.473145 0.516927 0.471436 0.512044 0.465820 0.503906 0.457764 0.493815 0.452393 0.488607 0.443115 0.477865 0.441406 0.476562 0.439453 0.473307 0.437256 0.472005 0.429199 0.462891 0.427490 0.459310 0.423828 0.455078 0.421143 0.448893 0.418213 0.444987 0.415283 0.438802 0.408936 0.429362 0.408203 0.426758 0.403320 0.420898 0.402100 0.420247
1 0.476866 0.550394 0.473145 0.547526 0.472656 0.546549 0.471917 0.545643 0.468994 0.543620 0.466309 0.542652 0.465088 0.541341 0.460693 0.539714 0.458740 0.537760 0.455322 0.536458 0.453613 0.534831 0.450868 0.531743 0.449219 0.530863 0.448242 0.529622 0.445801 0.527018 0.444468 0.523649 0.440707 0.518458 0.438721 0.516602 0.436035 0.515299 0.430420 0.515625 0.428467 0.516276 0.424316 0.516276 0.420166 0.517904 0.415771 0.518880 0.409668 0.522786 0.405518 0.524414 0.401611 0.527344 0.397217 0.528971 0.393555 0.531250 0.389160 0.532552 0.379883 0.540365 0.378174 0.542643 0.375732 0.544922 0.376221 0.546224 0.377441 0.547201 0.384766 0.547526 0.386719 0.546875 0.390625 0.546875 0.390869 0.547201 0.405029 0.546875 0.409180 0.547526 0.423584 0.547201 0.427002 0.547852 0.432373 0.548177 0.436279 0.549805 0.446533 0.550456 0.454590 0.553060 0.466309 0.552734 0.468262 0.551432 0.471191 0.550456
1 0.550781 0.537109 0.548828 0.532878 0.548828 0.532227 0.546143 0.529297 0.544922 0.528646 0.534668 0.528971 0.534424 0.529297 0.532715 0.529297 0.532471 0.529622 0.528809 0.529948 0.528564 0.530273 0.525635 0.530273 0.525391 0.530599 0.523926 0.530599 0.523682 0.530924 0.521240 0.531250 0.520996 0.531576 0.517578 0.531901 0.517334 0.532227 0.515137 0.532227 0.514893 0.532552 0.512695 0.532878 0.505859 0.536133 0.504883 0.537109 0.502441 0.538737 0.501953 0.538737 0.500488 0.540365 0.500000 0.541667 0.498291 0.543945 0.497559 0.544271 0.493652 0.548177 0.492920 0.549154 0.491699 0.552409 0.489990 0.554688 0.489014 0.556966 0.488281 0.557943 0.487549 0.559896 0.487549 0.562826 0.487305 0.563151 0.487305 0.564128 0.488525 0.566732 0.489990 0.568685 0.490479 0.568685 0.492432 0.569987 0.494141 0.571940 0.496826 0.572917 0.498047 0.573893 0.501465 0.573893 0.501709 0.574219 0.509766 0.574219 0.513184 0.572266 0.517822 0.571615 0.520020 0.570638 0.520996 0.570638 0.525391 0.568685 0.528809 0.566732 0.532715 0.566081 0.534424 0.564453 0.536377 0.563151 0.536865 0.563151 0.539551 0.559245 0.541504 0.557617 0.543457 0.555013 0.544678 0.554036 0.545654 0.552409 0.548828 0.548503 0.550537 0.544271 0.551270 0.541016
1 0.520555 0.407124 0.518548 0.408908 0.521391 0.416265 0.528247 0.436109 0.531591 0.449486 0.530755 0.461972 0.528080 0.477579 0.521892 0.493186 0.514033 0.507233 0.506007 0.515928 0.494134 0.530421 0.479753 0.538893 0.474402 0.535549 0.474569 0.525070 0.474235 0.510577 0.480087 0.489619 0.497813 0.456398 0.512026 0.422508 0.512026 0.415151 0.513364 0.408016 0.515538 0.404003 0.516709 0.403780 0.518882 0.404003
1 0.487947 0.535772 0.488114 0.540008 0.506341 0.534434 0.533765 0.527968 0.560855 0.526184 0.585101 0.529083 0.600318 0.530421 0.607509 0.534434 0.615535 0.540677 0.624732 0.548034 0.628913 0.557399 0.629247 0.552494 0.628746 0.545359 0.626739 0.541346 0.620886 0.537555 0.611689 0.532427 0.596305 0.521502 0.575904 0.510354 0.555671 0.500990 0.544300 0.500098 0.530755 0.502551 0.509853 0.515036 0.502829 0.518604 0.493465 0.531312