0 0.669847 0.286404 0.674518 0.286852 0.678394 0.287746 0.676009 0.292352 0.671934 0.294857 0.667064 0.295528 0.662691 0.295751 0.659312 0.295036 0.657921 0.294141 0.657921 0.292487 0.659809 0.290787 0.662294 0.288953 0.665375 0.287299 0.667661 0.286404
0 0.677667 0.289925 0.682056 0.288550 0.688444 0.288825 0.693667 0.289300 0.694833 0.291050 0.693556 0.292925 0.684556 0.295350 0.682111 0.295600 0.677889 0.294100 0.677056 0.291975
0 0.648983 0.312807 0.635853 0.321277 0.638889 0.323087 0.645416 0.323053 0.652550 0.322029 0.656800 0.321380 0.658015 0.319228 0.658394 0.316701 0.657559 0.315266 0.653081 0.313388 0.651260 0.313046
0 0.641773 0.330840 0.643519 0.333333 0.646554 0.335861 0.644885 0.338559 0.641166 0.340813 0.637675 0.342145 0.633349 0.342725 0.629478 0.342999 0.626518 0.342964 0.624393 0.342350 0.619611 0.339993 0.618321 0.338593 0.618321 0.336510 0.619080 0.334426 0.621129 0.332240 0.624393 0.329986 0.629022 0.329713 0.635701 0.329781
0 0.566384 0.347373 0.564501 0.351780 0.562053 0.356144 0.556497 0.357034 0.548117 0.355805 0.542373 0.353475 0.539454 0.350169 0.539642 0.348305 0.544256 0.346271 0.548493 0.344831 0.551883 0.344788 0.558004 0.345042 0.561394 0.345466 0.564595 0.346186
0 0.606780 0.349237 0.609510 0.351949 0.612806 0.353983 0.614313 0.355720 0.611488 0.358644 0.609699 0.361610 0.606026 0.363771 0.600753 0.364449 0.592090 0.364449 0.584746 0.363898 0.578249 0.362585 0.577684 0.360805 0.577589 0.357839 0.578437 0.356017 0.582203 0.352966 0.586347 0.351017 0.590866 0.349831 0.596234 0.349492 0.603861 0.349322
2 0.521790 0.355830 0.521790 0.364311 0.527876 0.370936 0.530232 0.363604 0.536710 0.359099 0.544955 0.357332 0.549274 0.357244 0.552218 0.359541 0.553985 0.364134 0.556341 0.373145 0.554378 0.376060 0.559874 0.377915 0.559089 0.379947 0.554967 0.381890 0.554770 0.384452 0.556733 0.388251 0.559089 0.389399 0.565567 0.390283 0.574009 0.390548 0.588928 0.386661 0.589713 0.388339 0.587358 0.391608 0.583039 0.394170 0.580487 0.396290 0.577346 0.398233 0.572634 0.399735 0.562819 0.401237 0.554574 0.401413 0.545347 0.400530 0.543581 0.401413 0.558893 0.409276 0.561641 0.410866 0.554967 0.410954 0.543581 0.407862 0.533569 0.401855 0.530035 0.395141 0.526502 0.390459 0.525717 0.386042 0.521987 0.380477 0.516490 0.375265 0.513349 0.371996 0.510601 0.369258 0.509619 0.360071 0.512956 0.357332 0.515901 0.356007 0.519435 0.355654
2 0.474676 0.369788 0.478013 0.383039 0.480369 0.386307 0.481351 0.381890 0.486455 0.379505 0.493325 0.378710 0.501374 0.380654 0.513938 0.389046 0.509619 0.406714 0.516294 0.406184 0.531998 0.401590 0.534747 0.403269 0.528465 0.406184 0.521594 0.409452 0.512171 0.411396 0.508638 0.413074 0.501570 0.413163 0.492737 0.412986 0.485866 0.412456 0.483117 0.411307 0.480173 0.409717 0.480173 0.406449 0.480369 0.403092 0.476443 0.398852 0.475461 0.392491 0.464861 0.385424 0.459168 0.380742 0.459560 0.376855 0.461523 0.374823 0.464861 0.372527 0.470161 0.370760 0.471143 0.370495
0 0.478232 0.408954 0.481571 0.412380 0.483173 0.412620 0.482505 0.414303 0.480502 0.415565 0.477698 0.415745 0.473291 0.414123 0.471688 0.411659 0.473024 0.410156 0.476896 0.409014
0 0.461672 0.422596 0.454995 0.428966 0.452190 0.427945 0.450588 0.425841 0.451790 0.424099 0.455529 0.422596 0.459802 0.422476
0 0.538061 0.425481 0.544071 0.427945 0.540865 0.430829 0.538061 0.432873 0.534054 0.433173 0.528312 0.431791 0.526709 0.429688 0.527110 0.427704 0.529781 0.426082 0.532719 0.425361 0.536191 0.425361
1 0.474444 0.637500 0.464444 0.638750 0.455000 0.638500 0.449444 0.631750 0.442778 0.629250 0.432222 0.629250 0.412778 0.630750 0.403889 0.629750 0.395556 0.631500 0.376667 0.633750 0.372778 0.635250 0.368889 0.635250 0.338333 0.641750 0.331667 0.645000 0.326111 0.646250 0.317778 0.649750 0.315000 0.649750 0.310556 0.651500 0.306667 0.652000 0.295556 0.656500 0.284444 0.662500 0.275000 0.665500 0.272222 0.668000 0.259444 0.673250 0.235556 0.688500 0.220556 0.701000 0.211667 0.712250 0.204444 0.732250 0.204444 0.739250 0.206667 0.743750 0.210556 0.747750 0.210000 0.756000 0.211667 0.756750 0.222222 0.757250 0.236111 0.755750 0.246667 0.754000 0.250556 0.752500 0.263889 0.749750 0.312778 0.742000 0.326111 0.739000 0.330556 0.736500 0.350000 0.733000 0.368889 0.727250 0.407778 0.712250 0.428333 0.702000 0.438889 0.694250 0.442778 0.692500 0.450000 0.687000 0.462778 0.674500 0.474444 0.657500 0.477222 0.651000 0.478333 0.641500
1 0.697222 0.517000 0.685000 0.517500 0.666111 0.516250 0.661667 0.516750 0.655000 0.516250 0.642222 0.516750 0.623333 0.519500 0.598889 0.525250 0.568889 0.535250 0.557778 0.540750 0.540000 0.547250 0.529444 0.553750 0.519444 0.556750 0.513889 0.561250 0.508889 0.562250 0.501667 0.564750 0.494444 0.570250 0.488889 0.572250 0.482778 0.578250 0.478333 0.580000 0.477778 0.583750 0.482778 0.585000 0.485556 0.588250 0.491667 0.591500 0.493889 0.594000 0.498333 0.594750 0.502222 0.599500 0.506667 0.601750 0.512222 0.607750 0.516111 0.610500 0.520000 0.615500 0.528333 0.622750 0.527222 0.625250 0.522778 0.626750 0.525000 0.628000 0.528333 0.627500 0.531667 0.625500 0.541111 0.624750 0.545000 0.623750 0.552222 0.623000 0.555556 0.621750 0.576111 0.617250 0.580000 0.615750 0.583333 0.615500 0.595556 0.611000 0.614444 0.607500 0.624444 0.604250 0.626667 0.602750 0.638333 0.599500 0.641667 0.596250 0.647778 0.594750 0.653889 0.592250 0.657222 0.589250 0.667222 0.583250 0.671667 0.578500 0.676667 0.576500 0.682778 0.570500 0.686667 0.568000 0.688333 0.564000 0.692778 0.560750 0.695000 0.555750 0.699444 0.550250 0.703333 0.542000 0.705000 0.529750 0.702778 0.521750
1 0.380556 0.575750 0.380556 0.576500 0.384444 0.579750 0.387778 0.580250 0.391111 0.582500 0.398333 0.586000 0.404444 0.590250 0.408333 0.592250 0.415000 0.599500 0.418889 0.602250 0.421111 0.606000 0.433889 0.617000 0.437778 0.623500 0.440556 0.625500 0.446111 0.628000 0.448889 0.628500 0.451667 0.629500 0.456111 0.630000 0.461667 0.630000 0.462222 0.629750 0.467778 0.630000 0.468333 0.629750 0.476667 0.629750 0.477222 0.629500 0.483333 0.630000 0.483889 0.629750 0.490000 0.629750 0.495000 0.628750 0.506667 0.628750 0.507222 0.629000 0.516111 0.628750 0.519444 0.628250 0.521111 0.627500 0.522222 0.628000 0.526111 0.628250 0.529444 0.627250 0.530000 0.626500 0.528889 0.624500 0.528889 0.622750 0.526111 0.621000 0.517778 0.613750 0.516111 0.611250 0.507222 0.603750 0.505556 0.601500 0.499444 0.597500 0.496111 0.594500 0.491667 0.592500 0.486111 0.588500 0.479444 0.585250 0.476111 0.582000 0.470000 0.579250 0.466667 0.578750 0.462222 0.577000 0.458333 0.577000 0.455000 0.576000 0.449444 0.576000 0.448889 0.575750 0.446111 0.575750 0.443889 0.576250 0.435000 0.576250 0.427222 0.575250 0.426667 0.575500 0.410556 0.575500 0.400000 0.574250 0.396667 0.574750 0.392222 0.574750 0.388333 0.574000 0.384444 0.574250
1 0.677778 0.576500 0.673889 0.579750 0.669444 0.581750 0.665000 0.585750 0.661111 0.587750 0.656111 0.591500 0.640556 0.598750 0.619444 0.606250 0.601111 0.610500 0.591111 0.613750 0.586111 0.614500 0.564444 0.620500 0.560000 0.621000 0.557222 0.622000 0.547778 0.624000 0.539444 0.625250 0.535556 0.626750 0.533889 0.628250 0.529444 0.629750 0.526111 0.630250 0.520556 0.630250 0.515000 0.630750 0.499444 0.630250 0.492778 0.630750 0.490000 0.632500 0.488889 0.634500 0.490556 0.636250 0.501111 0.639250 0.505556 0.639250 0.510000 0.640250 0.514444 0.640250 0.516667 0.640750 0.523889 0.641250 0.535556 0.641000 0.550000 0.641250 0.560000 0.640000 0.564444 0.640000 0.571667 0.638000 0.587778 0.635500 0.599444 0.631500 0.604444 0.629250 0.608889 0.628250 0.612778 0.626250 0.616667 0.625250 0.623333 0.622250 0.626667 0.621500 0.630000 0.618750 0.634444 0.617000 0.641667 0.612750 0.650000 0.608750 0.659444 0.602500 0.666111 0.599250 0.675556 0.590750 0.678333 0.586500 0.679444 0.582750 0.679444 0.578750