0 0.012931 0.155003 0.014452 0.151538 0.016734 0.150524 0.023834 0.150609 0.026116 0.150524 0.030426 0.151454 0.034356 0.154158 0.034483 0.156778 0.034610 0.159652 0.033342 0.161511 0.028398 0.163201 0.023073 0.164131 0.018509 0.164469 0.014452 0.163032 0.012551 0.161511 0.011410 0.159567 0.011156 0.158469 0.011537 0.157370 0.012551 0.156356
0 0.129860 0.142370 0.128781 0.142741 0.128519 0.143656 0.128519 0.144659 0.129304 0.145401 0.127669 0.145662 0.126459 0.146316 0.125543 0.146643 0.123515 0.145793 0.121749 0.144158 0.120801 0.143111 0.120964 0.142719 0.121749 0.142217 0.123090 0.141563 0.124464 0.141411 0.125641 0.141345 0.126851 0.141345 0.127440 0.141367 0.128290 0.141651
0 0.125281 0.146316 0.122567 0.146818 0.120408 0.147668 0.124594 0.150110 0.125150 0.149761 0.125870 0.147886 0.125477 0.146643
0 0.125935 0.147668 0.126132 0.146905 0.126720 0.146185 0.128486 0.145488 0.129958 0.145422 0.132607 0.145531 0.136368 0.147058 0.137905 0.148278 0.138101 0.149892 0.136858 0.152116 0.134569 0.152748 0.132901 0.152922 0.130383 0.152835 0.129598 0.152770 0.128225 0.152399 0.127178 0.152029 0.126230 0.151701 0.125674 0.151396 0.125314 0.150917 0.125249 0.150241 0.125379 0.149674 0.125739 0.148802 0.125903 0.148104
0 0.152928 0.150484 0.154901 0.150122 0.157762 0.150583 0.159833 0.151372 0.161855 0.157553 0.159537 0.158934 0.156726 0.159394 0.153816 0.159460 0.151153 0.159032 0.149131 0.158506 0.147306 0.157553 0.147109 0.156468 0.147553 0.155843 0.148391 0.154824 0.149230 0.153969
0 0.159932 0.147821 0.159438 0.149925 0.160129 0.151174 0.160918 0.152457 0.163828 0.153575 0.167921 0.154364 0.171324 0.154725 0.174332 0.154528 0.177045 0.153443 0.177045 0.152128 0.177538 0.149432 0.177735 0.147525 0.175664 0.145815 0.173149 0.144500 0.168661 0.143941 0.167231 0.143908 0.166293 0.143908 0.165307 0.144040 0.164863 0.144106 0.164419 0.144237 0.163433 0.144566 0.162693 0.144796 0.161608 0.145256 0.160819 0.145684 0.160227 0.146144 0.159389 0.147229
0 0.191289 0.176006 0.193954 0.177032 0.195730 0.178887 0.194901 0.181058 0.192118 0.184453 0.190046 0.186190 0.185901 0.187216 0.182467 0.187295 0.177316 0.186347 0.172994 0.184650 0.171159 0.182795 0.171159 0.179124 0.171751 0.176953 0.174119 0.175611 0.176191 0.174822 0.180099 0.174111 0.181342 0.174072 0.184184 0.174308 0.186316 0.174664 0.188033 0.175137 0.189809 0.175650
0 0.250851 0.177879 0.250789 0.181689 0.251596 0.185746 0.250851 0.187693 0.248615 0.190177 0.239361 0.191460 0.230728 0.189721 0.225511 0.186989 0.223461 0.184836 0.223337 0.182310 0.224082 0.178583 0.228430 0.175519 0.233274 0.173987 0.239299 0.174070 0.245447 0.174733 0.248863 0.175892
0 0.238985 0.173865 0.241075 0.171137 0.241423 0.170150 0.242250 0.169656 0.245646 0.168989 0.250305 0.168234 0.253048 0.168408 0.256313 0.169743 0.258447 0.171630 0.260798 0.173981 0.261102 0.176390 0.261102 0.178538 0.259883 0.179990 0.256661 0.180889 0.254223 0.180773 0.251698 0.179757 0.250914 0.177929 0.248868 0.175810 0.245167 0.174823
2 0.302371 0.174713 0.299569 0.177586 0.297845 0.181322 0.298276 0.183908 0.300216 0.187213 0.301078 0.189943 0.301293 0.194540 0.300862 0.198132 0.301724 0.201580 0.312716 0.208908 0.318319 0.210345 0.321304 0.210812 0.326078 0.211782 0.329755 0.211939 0.334483 0.211638 0.336638 0.211207 0.337716 0.210345 0.341595 0.210489 0.343966 0.211638 0.349353 0.212500 0.351724 0.214080 0.355388 0.215517 0.357112 0.216667 0.361422 0.216236 0.365302 0.217672 0.373276 0.217672 0.377371 0.216379 0.380819 0.216236 0.382328 0.215230 0.388635 0.214569 0.392241 0.211925 0.394181 0.210057 0.396121 0.208908 0.397845 0.203448 0.404095 0.197414 0.406034 0.193534 0.406034 0.189368 0.404310 0.186207 0.399784 0.182471 0.395474 0.180603 0.390086 0.179023 0.388147 0.177730 0.381250 0.176724 0.376509 0.176437 0.373707 0.175575 0.372845 0.175000 0.369181 0.169540 0.366164 0.167529 0.364871 0.166092 0.361422 0.164080 0.358836 0.163506 0.357328 0.162644 0.348707 0.162069 0.345474 0.162931 0.338147 0.165805 0.335776 0.168822 0.332112 0.171264 0.330172 0.171839 0.322845 0.170977 0.314009 0.171408 0.306034 0.172989 0.303879 0.173707
2 0.329741 0.268247 0.322414 0.267385 0.316379 0.268966 0.311853 0.271695 0.308621 0.275000 0.306681 0.278448 0.305388 0.285057 0.304741 0.286207 0.302586 0.287356 0.301940 0.286925 0.295259 0.285201 0.286853 0.285489 0.280388 0.287069 0.278233 0.288362 0.274569 0.289655 0.272414 0.291092 0.267457 0.295977 0.265948 0.299569 0.265739 0.302534 0.267457 0.306034 0.274138 0.310776 0.276078 0.311494 0.278233 0.312931 0.280388 0.316810 0.282112 0.318534 0.287069 0.320402 0.289871 0.320977 0.290948 0.321695 0.296767 0.322845 0.302155 0.323276 0.309052 0.323132 0.315733 0.322126 0.322198 0.318822 0.325000 0.318247 0.326293 0.317241 0.329957 0.316379 0.331250 0.317241 0.331897 0.318247 0.333836 0.318966 0.337931 0.319684 0.342839 0.320240 0.348060 0.318534 0.349138 0.318247 0.351794 0.317812 0.353448 0.317385 0.357561 0.316800 0.361207 0.313937 0.362069 0.312069 0.364224 0.310489 0.363793 0.306466 0.356681 0.294828 0.367882 0.293731 0.368641 0.289987 0.368489 0.288267 0.367730 0.286041 0.361963 0.281994 0.346121 0.281753 0.344397 0.280460 0.342026 0.277299 0.337716 0.273276 0.336422 0.272557 0.334914 0.270690 0.333405 0.269684
2 0.473922 0.298851 0.466810 0.293966 0.457759 0.291667 0.456034 0.290948 0.451078 0.290805 0.449784 0.289368 0.446767 0.283333 0.440948 0.279310 0.435776 0.278017 0.430819 0.278017 0.427802 0.278448 0.423707 0.279885 0.419612 0.282902 0.414655 0.289080 0.412500 0.290805 0.411638 0.290948 0.408836 0.290086 0.404526 0.289655 0.392457 0.289943 0.388147 0.291379 0.385129 0.291954 0.377586 0.294684 0.374353 0.296983 0.373060 0.298707 0.371676 0.300409 0.374569 0.304454 0.375431 0.307328 0.378233 0.310345 0.379957 0.314655 0.382112 0.317385 0.384483 0.322270 0.386207 0.323994 0.388362 0.327874 0.391810 0.330460 0.400431 0.331609 0.409052 0.331897 0.416379 0.331466 0.419828 0.330460 0.422845 0.330316 0.425216 0.329167 0.427802 0.328879 0.429310 0.330029 0.431466 0.330172 0.435560 0.331897 0.439822 0.332686 0.443319 0.332759 0.451078 0.332040 0.459267 0.330029 0.461422 0.328161 0.463499 0.328031 0.466595 0.326006 0.469114 0.319734 0.467672 0.314368 0.468966 0.312500 0.471552 0.310632 0.475000 0.306178 0.475647 0.302586
2 0.369660 0.234827 0.372406 0.231258 0.374190 0.228329 0.378171 0.225218 0.383387 0.223388 0.389015 0.222289 0.392310 0.222655 0.398350 0.224760 0.401919 0.228055 0.404527 0.233088 0.403704 0.238854 0.406586 0.240592 0.410293 0.242423 0.414685 0.245626 0.417843 0.249652 0.418804 0.255052 0.417019 0.258895 0.415646 0.261458 0.411940 0.264935 0.408920 0.268230 0.406586 0.273263 0.402880 0.277381 0.399448 0.279486 0.394918 0.280401 0.389565 0.280493 0.386545 0.280401 0.382701 0.279212 0.379681 0.278113 0.377896 0.277015 0.375700 0.275368 0.372680 0.273721 0.371856 0.274361 0.369797 0.275459 0.367601 0.276466 0.363620 0.277107 0.360051 0.277198 0.356894 0.275276 0.352364 0.274910 0.350991 0.274178 0.347697 0.272165 0.344539 0.271433 0.342068 0.270335 0.340558 0.268138 0.337127 0.265301 0.333969 0.263562 0.333008 0.260176 0.333008 0.256699 0.329302 0.248463 0.329714 0.241690 0.331636 0.238213 0.340558 0.233088 0.349618 0.230800 0.359090 0.230251 0.365954 0.231990
2 0.279534 0.215730 0.282088 0.209877 0.283046 0.200511 0.282886 0.195296 0.285600 0.194444 0.292305 0.200617 0.296616 0.204768 0.298052 0.209557 0.294860 0.214559 0.288155 0.220413 0.289432 0.220626 0.291507 0.219242 0.294381 0.218604 0.295498 0.219455 0.295658 0.223925 0.296137 0.230524 0.295179 0.232865 0.292625 0.238719 0.288155 0.243295 0.283365 0.246275 0.281609 0.246488 0.278416 0.250745 0.271871 0.253086 0.267880 0.253725 0.265326 0.251171 0.265645 0.249361 0.266603 0.246807 0.265485 0.246062 0.262612 0.246488 0.256705 0.247126 0.253352 0.247552 0.249361 0.247446 0.244413 0.244785 0.241699 0.242550 0.239304 0.238293 0.241539 0.237761 0.241539 0.236590 0.244253 0.237016 0.250639 0.240741 0.257024 0.242656 0.256226 0.239038 0.257184 0.232652 0.259100 0.226266 0.263250 0.219774 0.267401 0.214666 0.270115 0.212112 0.272190 0.211473 0.274425 0.211367 0.275702 0.211367 0.278895 0.212750
2 0.271392 0.191252 0.273148 0.187527 0.276501 0.180609 0.280971 0.177203 0.285920 0.178267 0.290230 0.181673 0.294061 0.185611 0.295338 0.187739 0.295658 0.190932 0.292944 0.197850 0.291826 0.199553 0.286558 0.194657 0.283525 0.194977 0.282088 0.210622 0.280332 0.213921 0.278416 0.212112 0.273946 0.211473 0.271392 0.211579 0.267720 0.213814 0.262771 0.220519 0.258940 0.225202 0.253672 0.223499 0.251117 0.222861 0.245849 0.223499 0.243614 0.222648 0.242337 0.220307 0.241858 0.217752 0.241379 0.216156 0.242976 0.216049 0.246807 0.216582 0.244732 0.212431 0.244093 0.209770 0.241379 0.203384 0.240262 0.199234 0.240262 0.193061 0.240262 0.191571 0.248883 0.189762 0.252714 0.185611 0.258301 0.185611 0.261654 0.186037 0.266762 0.188272
1 0.292693 0.532293 0.301160 0.535372 0.308857 0.529215 0.324507 0.526478 0.348625 0.526820 0.377104 0.532122 0.408662 0.541701 0.425082 0.550253 0.465363 0.576765 0.487941 0.597120 0.505901 0.625855 0.512059 0.642960 0.510263 0.650144 0.494612 0.652880 0.491533 0.651854 0.489737 0.649973 0.485119 0.645868 0.463311 0.634579 0.443298 0.623803 0.416359 0.615250 0.383518 0.605159 0.355552 0.593870 0.332974 0.581897 0.314501 0.566331 0.299107 0.553161 0.288331 0.543411 0.287305 0.538451 0.287305 0.536056 0.289614 0.533662
1 0.483181 0.663823 0.464342 0.660809 0.428472 0.653575 0.402851 0.648451 0.384766 0.647044 0.368188 0.646341 0.361858 0.646642 0.359296 0.648853 0.361255 0.648752 0.364571 0.647546 0.374518 0.651063 0.407524 0.660407 0.435857 0.668445 0.455902 0.671861 0.472631 0.671861 0.493429 0.673067 0.495087 0.670957 0.488003 0.670756 0.485743 0.667139
1 0.526736 0.659503 0.571347 0.650762 0.590487 0.648853 0.620027 0.651766 0.675036 0.652269 0.693122 0.652168 0.719496 0.656288 0.732608 0.662115 0.719044 0.664728 0.696136 0.669249 0.682873 0.670655 0.670967 0.670655 0.664336 0.670354 0.649867 0.668043 0.643688 0.668546 0.629823 0.664527 0.615807 0.661211 0.599982 0.660407 0.575265 0.661914 0.559441 0.663120 0.537286 0.666335 0.527339 0.668546 0.521913 0.668345 0.521311 0.664527 0.523421 0.662919 0.524626 0.659704
0 0.252710 0.316567 0.256196 0.320027 0.255523 0.321453 0.254255 0.322299 0.252670 0.322668 0.251284 0.322827 0.250055 0.322668 0.248748 0.322167 0.247678 0.321929 0.246609 0.320872 0.245539 0.319129 0.245499 0.318363 0.245935 0.318073 0.246213 0.317862 0.246252 0.317254 0.246886 0.316647 0.247678 0.316171 0.249461 0.316013 0.250610 0.315960 0.251838 0.316039 0.252432 0.316303
0 0.245539 0.325917 0.248748 0.326340 0.252076 0.327343 0.253819 0.328479 0.254255 0.329932 0.253898 0.332282 0.253344 0.333259 0.251521 0.334501 0.248867 0.335108 0.246411 0.335214 0.244311 0.334844 0.242687 0.334527 0.240904 0.333814 0.239913 0.332916 0.238963 0.331516 0.238448 0.330037 0.238408 0.329139 0.239200 0.328188 0.239993 0.327475 0.241023 0.326947 0.242726 0.326366 0.244311 0.326102 0.245024 0.325891
0 0.284483 0.334411 0.285868 0.336156 0.286638 0.338157 0.286638 0.339850 0.286869 0.341236 0.285329 0.342057 0.283713 0.342826 0.281404 0.343750 0.277709 0.344622 0.276170 0.344468 0.272783 0.343339 0.271321 0.342416 0.269935 0.340825 0.269089 0.338824 0.268858 0.336720 0.269704 0.335181 0.272552 0.334411 0.273630 0.333795 0.275708 0.332769 0.276786 0.332564 0.278633 0.332461 0.279942 0.332461 0.281481 0.332564 0.283559 0.333333
0 0.318764 0.334407 0.321488 0.336854 0.323146 0.337407 0.324567 0.338670 0.324448 0.339617 0.323264 0.340722 0.321961 0.342065 0.318172 0.343801 0.315212 0.344354 0.312251 0.344512 0.308817 0.344433 0.307041 0.343959 0.306094 0.343486 0.306094 0.342854 0.306094 0.341986 0.304910 0.340644 0.303370 0.339302 0.302778 0.338354 0.302541 0.335749 0.302778 0.334881 0.304317 0.333933 0.306331 0.333302 0.310238 0.332433 0.311186 0.332275 0.313435 0.332275 0.315567 0.332749 0.317698 0.333539
0 0.301485 0.353448 0.307352 0.359395 0.308489 0.362428 0.307411 0.364623 0.303580 0.365222 0.300587 0.365501 0.298611 0.366299 0.295977 0.367018 0.295259 0.366978 0.290170 0.365860 0.287656 0.364663 0.284662 0.361550 0.283345 0.358277 0.284243 0.356202 0.285201 0.354965 0.286279 0.353887 0.287296 0.353488 0.289392 0.353009 0.291307 0.352650 0.293642 0.352570 0.295738 0.352530 0.300347 0.352890
1 0.422140 0.548691 0.410509 0.528622 0.397167 0.509465 0.392036 0.499430 0.392036 0.492132 0.394431 0.482097 0.392036 0.478904 0.379379 0.474115 0.379037 0.471835 0.384852 0.471606 0.398194 0.476852 0.410851 0.475027 0.415640 0.476852 0.422824 0.489395 0.448139 0.506956 0.466612 0.528165 0.472770 0.540481 0.492611 0.561918 0.508005 0.586549 0.521346 0.610039 0.530583 0.632617 0.529899 0.637178 0.523765 0.643858 0.517992 0.649374 0.511257 0.649759 0.511449 0.642062 0.505677 0.624359 0.488166 0.596521 0.465267 0.575995
1 0.529970 0.625449 0.561288 0.604795 0.578462 0.596938 0.604054 0.577182 0.641096 0.556977 0.671067 0.526446 0.683863 0.512976 0.693292 0.506466 0.695649 0.500853 0.706425 0.497486 0.715517 0.499731 0.719895 0.499057 0.723599 0.499282 0.708782 0.506915 0.693966 0.519486 0.680159 0.539916 0.662648 0.554283 0.644127 0.570896 0.617524 0.588407 0.595973 0.607714 0.578462 0.620510 0.564318 0.631959 0.543440 0.643184 0.533675 0.647450 0.523235 0.646103 0.532664 0.634878 0.531654 0.630612
0 0.646341 0.378715 0.646157 0.379941 0.644449 0.381483 0.646184 0.382096 0.646946 0.382377 0.647840 0.382219 0.648654 0.381781 0.649732 0.381185 0.650389 0.380782 0.650599 0.380239 0.649811 0.379573 0.649311 0.379188 0.647997 0.378645 0.647366 0.378627
0 0.635382 0.386056 0.637090 0.386687 0.637064 0.388071 0.636223 0.389140 0.637642 0.390086 0.640586 0.390559 0.642688 0.390454 0.645264 0.389876 0.645632 0.388842 0.645974 0.386950 0.645238 0.385548 0.643082 0.384409 0.640218 0.384549 0.638562 0.384865 0.637616 0.385215 0.636853 0.385583
0 0.606820 0.376789 0.607042 0.378296 0.607615 0.379888 0.607743 0.382753 0.607202 0.383835 0.606055 0.384981 0.605069 0.385894 0.603318 0.386148 0.600453 0.385957 0.598606 0.385830 0.596569 0.385151 0.594404 0.383856 0.594309 0.381840 0.594532 0.379866 0.595678 0.378466 0.596728 0.377405 0.597747 0.376556 0.599816 0.376046 0.602904 0.375877 0.604496 0.375855 0.606501 0.376386 0.607106 0.376619
0 0.593195 0.408405 0.594160 0.406582 0.595768 0.403902 0.598141 0.401463 0.600392 0.400363 0.603931 0.399693 0.607027 0.400042 0.610766 0.400712 0.611450 0.402267 0.612736 0.403553 0.613058 0.405028 0.613098 0.406261 0.612937 0.407172 0.611852 0.408620 0.610163 0.410148 0.606786 0.411702 0.602202 0.412158 0.600232 0.412372 0.599025 0.411863 0.597698 0.410898 0.593477 0.408700
0 0.541787 0.412943 0.542490 0.416393 0.543377 0.418266 0.546704 0.419991 0.549218 0.420780 0.560271 0.415876 0.562896 0.414816 0.562415 0.414200 0.561971 0.413805 0.562378 0.412622 0.562859 0.411612 0.562969 0.409986 0.560862 0.409074 0.558016 0.407989 0.554208 0.407299 0.550881 0.407275 0.549698 0.407595 0.547702 0.408507 0.546408 0.409049 0.544671 0.409764 0.543340 0.411070 0.542453 0.412056