1 0.502706 0.508855 0.507217 0.513867 0.507217 0.521886 0.504210 0.518545 0.499699 0.517542 0.490678 0.517542 0.478649 0.520883 0.461608 0.528569 0.449579 0.539261 0.436548 0.557972 0.428528 0.577018 0.429531 0.596732 0.432037 0.616112 0.445068 0.641506 0.463111 0.660218 0.481155 0.673583 0.503709 0.686615 0.544671 0.702211 0.549318 0.702653 0.542803 0.680600 0.550321 0.660218 0.572374 0.652199 0.600441 0.644513 0.636528 0.644179 0.635525 0.636828 0.629010 0.613773 0.614475 0.587711 0.599940 0.561982 0.584403 0.542602 0.567362 0.527566 0.548316 0.515203 0.527767 0.508520 0.509723 0.506182
1 0.615064 0.729106 0.665839 0.719608 0.733416 0.707919 0.788574 0.700857 0.861265 0.694769 0.908022 0.693064 0.969389 0.688438 0.999708 0.685028 0.999708 0.674313 0.955143 0.674070 0.867475 0.677236 0.785652 0.677236 0.706750 0.676748 0.636616 0.685028 0.593513 0.693552 0.581823 0.703292 0.586572 0.714494 0.605567 0.724966
1 0.551140 0.660676 0.596070 0.644604 0.631137 0.642655 0.641654 0.645882 0.648021 0.641801 0.659532 0.639351 0.668593 0.640005 0.674226 0.641637 0.673736 0.645066 0.670063 0.649801 0.658552 0.658617 0.633817 0.670536 0.624755 0.686863 0.594877 0.692414 0.582631 0.702700 0.565243 0.702047 0.549814 0.702047 0.543446 0.680986
2 0.406681 0.257184 0.405388 0.259483 0.403183 0.264699 0.404310 0.270833 0.405603 0.275431 0.408405 0.279167 0.409698 0.283190 0.416611 0.289346 0.416611 0.292772 0.418103 0.297303 0.420756 0.300398 0.428216 0.304266 0.431863 0.306366 0.437003 0.308245 0.441313 0.309682 0.444397 0.310489 0.449934 0.312445 0.457560 0.314434 0.462500 0.314511 0.470822 0.315208 0.480272 0.314545 0.489721 0.313992 0.498176 0.317197 0.504741 0.317098 0.507112 0.318534 0.512500 0.320115 0.525431 0.322126 0.534317 0.322060 0.542772 0.322502 0.551558 0.321065 0.556532 0.319739 0.560345 0.318966 0.566147 0.316976 0.568137 0.315650 0.570458 0.313992 0.571950 0.313771 0.575099 0.311340 0.575763 0.307029 0.575431 0.302730 0.578017 0.300144 0.583836 0.297126 0.593534 0.287213 0.594181 0.278736 0.591810 0.274425 0.585776 0.267816 0.576078 0.262213 0.574436 0.260610 0.571784 0.260279 0.559698 0.256322 0.553017 0.255172 0.544397 0.255029 0.540733 0.255460 0.537069 0.257040 0.534177 0.257090 0.534649 0.254642 0.532543 0.247989 0.531664 0.244805 0.527371 0.240230 0.524370 0.236406 0.517672 0.232328 0.510074 0.229545 0.499834 0.228780 0.490302 0.230603 0.485991 0.232184 0.483621 0.234195 0.479095 0.236351 0.471485 0.243700 0.469904 0.247228 0.459052 0.245690 0.454741 0.245690 0.450862 0.244828 0.441810 0.245358 0.435560 0.246552 0.431366 0.246905 0.422745 0.249005 0.419927 0.250221
2 0.374569 0.290374 0.365086 0.289655 0.357328 0.292529 0.354310 0.294971 0.351078 0.298707 0.346336 0.306466 0.341595 0.319109 0.338362 0.317529 0.337819 0.315575 0.334052 0.314224 0.326811 0.312578 0.314009 0.314224 0.303448 0.318103 0.300431 0.320259 0.296121 0.322126 0.289440 0.327299 0.287069 0.330172 0.284914 0.334339 0.283621 0.340805 0.284052 0.344828 0.285991 0.350144 0.292457 0.357328 0.298707 0.361063 0.300298 0.362296 0.303664 0.364224 0.302371 0.369397 0.305172 0.372845 0.314224 0.377443 0.326078 0.379598 0.330532 0.379042 0.333836 0.379310 0.341541 0.378525 0.345690 0.377586 0.352084 0.376354 0.356681 0.372989 0.359681 0.371393 0.361542 0.369739 0.363147 0.366379 0.364871 0.365374 0.366810 0.365517 0.367888 0.366236 0.368364 0.370359 0.371552 0.372989 0.376737 0.373873 0.381698 0.373873 0.386970 0.373356 0.392888 0.369828 0.397203 0.367981 0.403017 0.363649 0.408190 0.359052 0.411853 0.354454 0.413147 0.350000 0.414413 0.345034 0.412716 0.341523 0.412069 0.340230 0.410382 0.337282 0.408621 0.337931 0.412500 0.330172 0.413328 0.321880 0.411638 0.318534 0.404095 0.312644 0.396552 0.309626 0.391311 0.308236 0.390071 0.308443 0.388210 0.308753 0.388675 0.307926 0.388793 0.308046 0.388362 0.302874 0.385345 0.296408
0 0.139825 0.143678 0.139099 0.147355 0.138954 0.149967 0.135399 0.150741 0.132206 0.151128 0.127199 0.150693 0.123788 0.149725 0.121756 0.148903 0.120595 0.147887 0.119652 0.146823 0.119652 0.144791 0.120232 0.143098 0.121901 0.141501 0.123716 0.140147 0.126110 0.139373 0.128432 0.139276 0.132061 0.139663 0.134891 0.140582 0.136560 0.141356 0.138446 0.142517
0 0.160433 0.170188 0.161885 0.171640 0.163263 0.173478 0.162030 0.175074 0.160143 0.178219 0.158039 0.180493 0.154918 0.181267 0.150347 0.181363 0.147517 0.181412 0.143889 0.180783 0.139317 0.179815 0.136705 0.178171 0.136269 0.176187 0.136705 0.174784 0.136850 0.172801 0.136850 0.171785 0.138301 0.170672 0.140405 0.169801 0.143018 0.169076 0.145267 0.168640 0.148097 0.168302 0.150637 0.168108 0.153612 0.168157 0.155862 0.168253 0.157748 0.168834 0.158909 0.169414 0.159708 0.169850
0 0.228934 0.164577 0.230023 0.166367 0.231329 0.172365 0.231111 0.173285 0.230313 0.174446 0.227773 0.175752 0.204262 0.170672 0.201940 0.168931 0.201578 0.165641 0.202521 0.164383 0.205351 0.162690 0.210285 0.161384 0.213841 0.161094 0.217397 0.160852 0.218630 0.160852 0.221533 0.161239 0.224653 0.162110 0.226830 0.163029 0.227991 0.163561 0.228572 0.163900
0 0.273562 0.174494 0.276537 0.178316 0.275739 0.182573 0.274723 0.186733 0.272401 0.188475 0.266233 0.191087 0.258904 0.192732 0.255275 0.192780 0.252881 0.192780 0.250776 0.192103 0.248745 0.190942 0.246350 0.189346 0.245044 0.187314 0.242722 0.183686 0.241416 0.180880 0.240835 0.179332 0.238513 0.174784 0.242286 0.172317 0.252300 0.168979 0.257162 0.168882 0.262750 0.169269 0.266305 0.170914 0.270514 0.172704
0 0.297902 0.216572 0.299813 0.218412 0.298964 0.221809 0.300025 0.224711 0.301830 0.228250 0.297477 0.232851 0.294293 0.233842 0.288878 0.235116 0.283782 0.236036 0.279217 0.236390 0.273696 0.235540 0.267326 0.233983 0.262549 0.230798 0.261275 0.227896 0.261169 0.225985 0.261381 0.224570 0.260426 0.220818 0.260744 0.218766 0.264460 0.216926 0.267751 0.214944 0.271254 0.213316 0.277412 0.212042 0.286224 0.211901 0.292063 0.212821 0.296734 0.215156
0 0.368966 0.186351 0.365302 0.187213 0.360560 0.188937 0.355388 0.192385 0.353233 0.194253 0.351509 0.196839 0.351078 0.198563 0.350000 0.201006 0.349569 0.205172 0.350647 0.208764 0.354095 0.212931 0.355603 0.214224 0.357328 0.215374 0.358621 0.215805 0.363362 0.219109 0.365302 0.220115 0.372845 0.222557 0.376509 0.222701 0.379310 0.223132 0.380603 0.223563 0.382112 0.223563 0.382328 0.223707 0.385129 0.223707 0.388578 0.222845 0.389224 0.222126 0.392457 0.220259 0.394181 0.217672 0.395690 0.214511 0.400431 0.207615 0.403233 0.201437 0.403233 0.199856 0.402586 0.197126 0.400000 0.194253 0.399138 0.192529 0.397414 0.190374 0.396121 0.189368 0.392457 0.187787 0.388147 0.186925 0.384914 0.186782 0.383405 0.186494 0.377155 0.186063 0.376940 0.185920
2 0.453013 0.244651 0.453013 0.241379 0.452159 0.234267 0.449812 0.228292 0.444478 0.222459 0.436582 0.218192 0.429754 0.217765 0.422499 0.218476 0.418658 0.221321 0.414177 0.228576 0.410123 0.237254 0.403081 0.233271 0.396893 0.230995 0.388785 0.230283 0.379822 0.231137 0.374061 0.238961 0.353150 0.242375 0.350376 0.245078 0.348242 0.249203 0.347388 0.253613 0.350589 0.262149 0.354430 0.270257 0.357417 0.273956 0.356350 0.277654 0.358484 0.281495 0.364672 0.286617 0.368513 0.289604 0.376835 0.290457 0.381743 0.293872 0.389211 0.295152 0.395826 0.296717 0.403295 0.296432 0.406282 0.296290 0.416311 0.291880 0.416311 0.288750 0.410550 0.283060 0.405855 0.276090 0.402654 0.268123 0.402654 0.265278 0.403081 0.260584 0.407349 0.256316 0.413750 0.252191 0.425273 0.247781 0.447038 0.245220
0 0.360445 0.387088 0.360913 0.391669 0.360601 0.392918 0.359820 0.394376 0.356853 0.396042 0.353261 0.396770 0.348420 0.395729 0.343338 0.393125 0.341916 0.392556 0.339205 0.389378 0.342173 0.386047 0.345140 0.384797 0.348420 0.384172 0.352480 0.384485 0.354979 0.385422 0.359039 0.386359
0 0.371679 0.400250 0.376272 0.402605 0.378863 0.405510 0.379687 0.407787 0.380747 0.411713 0.380394 0.413597 0.378274 0.414539 0.370737 0.417679 0.368146 0.418386 0.365790 0.418465 0.363082 0.417758 0.358253 0.414853 0.355191 0.411791 0.353660 0.408258 0.353660 0.406845 0.353778 0.405117 0.355309 0.403861 0.359549 0.402998 0.359666 0.401270 0.361197 0.400328 0.364731 0.399936 0.367557 0.399857 0.369559 0.399857 0.370501 0.399857
2 0.551006 0.337803 0.561063 0.342273 0.566092 0.348659 0.568008 0.358397 0.568247 0.362069 0.575670 0.361909 0.592193 0.366379 0.600814 0.373723 0.604885 0.378831 0.606322 0.384579 0.605125 0.389208 0.599856 0.393838 0.591236 0.399266 0.583573 0.403736 0.572557 0.411239 0.560824 0.415709 0.548851 0.417465 0.536159 0.418103 0.531849 0.417146 0.518439 0.413314 0.507423 0.411877 0.498803 0.412356 0.487787 0.412356 0.471264 0.407886 0.461925 0.404215 0.456178 0.390166 0.452586 0.376277 0.448036 0.351852 0.455699 0.348978 0.469109 0.346743 0.478448 0.346424 0.491858 0.346584 0.501916 0.348659 0.508381 0.352490 0.510057 0.354566 0.513889 0.351054 0.517241 0.346264 0.522989 0.341794 0.528496 0.340198 0.537117 0.338123 0.541906 0.337324
0 0.684837 0.374047 0.685694 0.374750 0.687144 0.375409 0.687935 0.376419 0.687474 0.378748 0.676994 0.381999 0.673765 0.379934 0.672908 0.379231 0.674819 0.376463 0.677522 0.374442 0.680026 0.373695 0.683585 0.373695
0 0.702237 0.380330 0.705532 0.378968 0.710409 0.378704 0.713112 0.378924 0.714693 0.380022 0.712518 0.383142 0.709882 0.383010
0 0.352550 0.397029 0.351413 0.399986 0.350275 0.401086 0.347546 0.401692 0.343508 0.400631 0.341689 0.399569 0.341859 0.398773 0.340438 0.397333 0.342314 0.396385 0.345101 0.395778 0.348342 0.396423 0.350673 0.396688
1 0.559408 0.714893 0.488381 0.720390 0.459895 0.717391 0.420352 0.716142 0.398988 0.716142 0.382309 0.718641 0.376874 0.721264 0.380060 0.723888 0.394303 0.728386 0.406672 0.731509 0.438343 0.729885 0.472639 0.729010 0.494378 0.728011 0.545165 0.735882 0.559970 0.735257