0 0.247596 0.184295 0.248218 0.181532 0.247182 0.177802 0.243244 0.174901 0.231018 0.173933 0.221485 0.174210 0.214025 0.176282 0.209052 0.180841 0.206565 0.183742 0.206565 0.186643 0.209466 0.191341 0.217755 0.195900 0.228946 0.198663 0.234541 0.199353 0.240136 0.198525 0.246560 0.196452 0.250083 0.193137 0.249254 0.189959
0 0.100718 0.136912 0.100460 0.139545 0.100117 0.141606 0.099258 0.142808 0.097798 0.142980 0.094106 0.143037 0.091530 0.142522 0.089298 0.141720 0.088268 0.141205 0.088268 0.138973 0.086207 0.137771 0.085778 0.136511 0.085778 0.135882 0.087581 0.135367 0.090929 0.134966 0.094106 0.134622 0.097026 0.135138 0.099001 0.136168
0 0.123300 0.132848 0.121840 0.130844 0.117976 0.129127 0.114628 0.128326 0.111794 0.128326 0.109047 0.129585 0.107415 0.130673 0.106814 0.131302 0.106986 0.132676 0.107501 0.133936 0.113769 0.137771 0.115486 0.137942 0.118320 0.138114 0.120381 0.138114 0.122012 0.138114 0.123300 0.136225 0.123300 0.134393
0 0.150433 0.158435 0.148286 0.155802 0.144422 0.153684 0.139957 0.152768 0.137983 0.152825 0.135750 0.153169 0.130856 0.154085 0.129396 0.155344 0.128709 0.157119 0.127679 0.159237 0.127507 0.160839 0.127507 0.161813 0.127593 0.162728 0.128623 0.163244 0.130770 0.164446 0.135750 0.165819 0.141417 0.166163 0.145109 0.165591 0.147084 0.164331 0.148029 0.162557
0 0.202205 0.151303 0.202205 0.149488 0.199404 0.146323 0.192713 0.144508 0.190301 0.143989 0.182443 0.144819 0.178942 0.145753 0.176996 0.147205 0.178319 0.150421 0.178241 0.152963 0.178942 0.156023 0.180575 0.157890 0.185399 0.159758 0.191001 0.160173 0.195825 0.159602 0.200260 0.158253 0.202127 0.156282 0.202361 0.153948
0 0.215120 0.159706 0.217688 0.157579 0.222123 0.155608 0.226246 0.153896 0.229748 0.153378 0.234416 0.153637 0.238617 0.154571 0.241418 0.155816 0.244141 0.158617 0.245697 0.161417 0.245931 0.163492 0.245853 0.164374 0.245308 0.165982 0.244064 0.167746 0.242507 0.168524 0.237450 0.170806 0.234416 0.172103 0.231381 0.172569 0.227491 0.172206 0.224379 0.171480 0.217921 0.167746
2 0.501812 0.353628 0.496914 0.354934 0.491281 0.356893 0.485404 0.357057 0.481240 0.357710 0.467036 0.354607 0.452831 0.349546 0.444994 0.345464 0.440586 0.321790 0.444749 0.313790 0.449402 0.310851 0.457974 0.307912 0.471444 0.305626 0.481730 0.306116 0.490792 0.309545 0.496914 0.302198 0.505731 0.295177 0.518221 0.291095 0.524589 0.291095 0.527527 0.292238 0.533650 0.294361 0.540507 0.300565 0.541732 0.308565 0.544671 0.308402 0.551528 0.309708 0.561080 0.311178 0.570876 0.316076 0.573080 0.317872 0.576019 0.322933 0.574549 0.327505 0.574304 0.329954 0.568427 0.334852 0.560835 0.340403 0.561080 0.345138 0.557406 0.350199 0.546875 0.355097 0.531446 0.357546 0.517976 0.357546 0.512833 0.357546 0.508180 0.353954
2 0.336538 0.140141 0.338362 0.136384 0.341180 0.131521 0.344496 0.127210 0.347646 0.123784 0.351127 0.120579 0.353282 0.119032 0.356267 0.119032 0.359748 0.119695 0.361903 0.121132 0.364721 0.124116 0.366379 0.129200 0.367706 0.133179 0.367706 0.137268 0.364721 0.140252 0.368037 0.144010 0.368534 0.147989 0.367871 0.151857 0.365385 0.155725 0.364887 0.158488 0.366048 0.163240 0.365385 0.169651 0.363561 0.173519 0.361572 0.177608 0.358090 0.180482 0.353614 0.183355 0.348806 0.185787 0.344496 0.187334 0.340683 0.187003 0.336207 0.185897 0.334383 0.182913 0.336704 0.179487 0.338859 0.175177 0.333057 0.178603 0.323939 0.181034 0.317142 0.180703 0.312003 0.181587 0.307361 0.179598 0.303050 0.178271 0.296585 0.177940 0.292772 0.174182 0.290451 0.169098 0.289125 0.166225 0.294595 0.169540 0.295922 0.169651 0.295756 0.166335 0.294430 0.162577 0.294264 0.156278 0.294098 0.152962 0.294761 0.150199 0.295590 0.147878 0.297580 0.143789 0.299569 0.141357 0.302885 0.138705 0.308190 0.136052 0.313826 0.133289 0.319629 0.132073 0.326592 0.132073 0.331399 0.133179 0.335710 0.137047
2 0.347639 0.187281 0.348576 0.190280 0.349138 0.194028 0.349325 0.196902 0.350825 0.198276 0.351012 0.201649 0.350075 0.205022 0.349888 0.209020 0.349325 0.215767 0.348201 0.222389 0.344078 0.226137 0.340517 0.228261 0.338643 0.228261 0.336207 0.228386 0.334895 0.227761 0.333021 0.225887 0.332271 0.224513 0.331709 0.223888 0.332459 0.219640 0.329460 0.222389 0.325900 0.224013 0.321589 0.224263 0.318591 0.224263 0.315405 0.225637 0.309595 0.227511 0.303598 0.227261 0.300787 0.226137 0.298163 0.226262 0.295915 0.226387 0.291604 0.224388 0.288043 0.222264 0.283733 0.217391 0.295165 0.220140 0.302099 0.221889 0.305285 0.221889 0.305660 0.220140 0.301537 0.219015 0.297601 0.216142 0.296664 0.213393 0.295352 0.210145 0.293478 0.207146 0.291042 0.204648 0.288606 0.200775 0.286919 0.195902 0.286357 0.193403 0.286357 0.189780 0.288981 0.184408 0.291042 0.180035 0.292916 0.176912 0.297976 0.178286 0.302286 0.178036 0.307721 0.179910 0.310720 0.181659 0.317654 0.181034 0.321589 0.180785 0.331709 0.178911 0.339205 0.174413 0.333958 0.182909 0.335082 0.184908 0.340142 0.186282
2 0.414224 0.202011 0.417457 0.196695 0.419181 0.189511 0.416810 0.182328 0.410129 0.175287 0.405388 0.173994 0.403448 0.174282 0.399138 0.177874 0.389440 0.193534 0.387069 0.198132 0.386422 0.191236 0.381034 0.185776 0.376724 0.184770 0.369181 0.184770 0.362500 0.186494 0.354095 0.192385 0.350431 0.198132 0.350000 0.208190 0.349569 0.218966 0.349353 0.223276 0.351078 0.226724 0.357112 0.232040 0.351724 0.234195 0.344828 0.231609 0.337284 0.228879 0.337931 0.232471 0.342888 0.236351 0.347414 0.237500 0.355603 0.242098 0.361853 0.243247 0.367026 0.239799 0.381250 0.236925 0.380388 0.239368 0.380603 0.242672 0.382112 0.245546 0.389871 0.245977 0.398060 0.243391 0.404095 0.240086 0.411638 0.229023 0.413793 0.223132 0.413147 0.220115 0.415733 0.212069
2 0.428448 0.272557 0.431466 0.255891 0.435345 0.256322 0.440517 0.260776 0.449569 0.267241 0.452586 0.272701 0.455819 0.273707 0.465948 0.271264 0.480603 0.266810 0.484698 0.264511 0.489224 0.254310 0.492457 0.249282 0.494397 0.244397 0.495474 0.239799 0.495474 0.234914 0.491595 0.231034 0.485776 0.228161 0.478879 0.226868 0.478017 0.221552 0.476293 0.214943 0.469397 0.210920 0.464440 0.208764 0.456681 0.208764 0.453017 0.209052 0.445905 0.211782 0.439655 0.218247 0.434267 0.227011 0.428664 0.224282 0.418103 0.223132 0.415302 0.223132 0.408190 0.234483 0.404095 0.240374 0.397414 0.243966 0.389655 0.245690 0.389655 0.250431 0.403017 0.268103 0.418103 0.271695
2 0.431016 0.255919 0.427885 0.287479 0.426779 0.289567 0.426043 0.288830 0.425674 0.282199 0.421438 0.275567 0.416832 0.273111 0.411306 0.272129 0.405780 0.274094 0.400623 0.278392 0.394360 0.284286 0.392702 0.288707 0.392702 0.294847 0.392149 0.300496 0.395281 0.306268 0.399149 0.312039 0.398596 0.314004 0.401175 0.318794 0.396570 0.318425 0.389939 0.316706 0.383123 0.313636 0.376308 0.311548 0.379255 0.316583 0.384044 0.320267 0.389202 0.321741 0.393439 0.324197 0.399149 0.324442 0.403938 0.322600 0.410017 0.323706 0.415175 0.324074 0.419964 0.323951 0.431384 0.318302 0.426043 0.324074 0.425490 0.326776 0.422543 0.328863 0.427148 0.329723 0.431384 0.328863 0.435805 0.325302 0.438200 0.322478 0.440226 0.322109 0.445384 0.313513 0.447410 0.305899 0.445752 0.300128 0.442252 0.297058 0.441516 0.293374 0.444094 0.288216 0.446305 0.284286 0.450173 0.278392 0.452015 0.274708 0.451278 0.270655 0.447226 0.263778 0.434700 0.256165
0 0.460689 0.413041 0.461441 0.410981 0.460522 0.408419 0.459102 0.407250 0.456095 0.406414 0.452336 0.405746 0.450581 0.407751 0.451083 0.411204 0.451667 0.412986 0.453672 0.415046 0.456596 0.415046 0.460438 0.413598
0 0.406672 0.370648 0.405235 0.369190 0.404360 0.366525 0.404485 0.365317 0.405922 0.365192 0.408796 0.365442 0.411482 0.366483 0.413731 0.368108 0.413168 0.370773 0.412794 0.371523 0.409733 0.371398
0 0.425037 0.395885 0.424725 0.392804 0.422351 0.390888 0.417666 0.390013 0.414355 0.389972 0.412731 0.390846 0.412856 0.393345 0.414543 0.396010 0.418041 0.397051 0.421539 0.397135
1 0.529219 0.629145 0.525904 0.621961 0.516371 0.614500 0.512641 0.606764 0.509325 0.601514 0.507253 0.594054 0.510154 0.579686 0.515957 0.574713 0.523002 0.568634 0.533778 0.562832 0.551600 0.553990 0.575638 0.541832 0.604236 0.525254 0.636149 0.510334 0.658115 0.504531 0.673864 0.505084 0.692100 0.512544 0.707850 0.528570 0.732303 0.541556 0.749295 0.553714 0.749710 0.562279 0.745980 0.569463 0.738105 0.577752 0.717797 0.589909 0.704949 0.599027 0.694587 0.609251 0.678009 0.618369 0.655628 0.627763 0.631175 0.636605 0.610453 0.639920 0.567764 0.638815
1 0.530048 0.629145 0.509740 0.621408 0.491918 0.613672 0.478656 0.611185 0.465393 0.610356 0.455860 0.610632 0.443841 0.616987 0.433894 0.623618 0.421046 0.636881 0.414829 0.646828 0.414829 0.657328 0.430579 0.673630 0.445499 0.691037 0.455031 0.702089 0.468294 0.700431 0.472853 0.699326 0.487359 0.701813 0.508496 0.704299 0.536679 0.707615 0.552843 0.707891 0.571908 0.704576 0.591802 0.697668 0.604650 0.689103 0.612939 0.681090 0.616669 0.670038 0.617913 0.660091 0.616669 0.653183 0.609209 0.647381 0.596361 0.642131 0.568178 0.637710 0.545383 0.633565
1 0.599262 0.693523 0.615426 0.701813 0.627860 0.707339 0.629103 0.719220 0.624544 0.725575 0.618327 0.731653 0.604236 0.741048 0.593460 0.745469 0.588901 0.745469 0.582684 0.743811 0.554087 0.734969 0.528390 0.724746 0.510569 0.716733 0.500622 0.704299 0.538337 0.708996 0.558231 0.707891 0.581855 0.701813