0 0.547140 0.149152 0.545772 0.148878 0.542625 0.150155 0.540367 0.150064 0.534756 0.149015 0.532607 0.147223 0.531062 0.146004 0.531404 0.144636 0.532430 0.141717 0.533727 0.139200 0.535406 0.136588 0.537086 0.133602 0.539325 0.130243 0.541844 0.129124 0.547722 0.129497 0.552200 0.131923 0.553599 0.134348 0.554666 0.136882 0.554803 0.139299 0.554719 0.143305 0.553777 0.146369
0 0.480469 0.113596 0.474946 0.117726 0.472791 0.117996 0.467672 0.117277 0.464709 0.116469 0.461342 0.113057 0.460264 0.110542 0.460399 0.108926 0.462419 0.108118 0.465248 0.106771 0.466999 0.105065 0.469558 0.104885 0.471040 0.104795 0.473464 0.105244 0.475081 0.105603 0.477775 0.107220 0.478718 0.109195
0 0.464286 0.102354 0.449165 0.095968 0.450670 0.094554 0.451149 0.092957 0.452107 0.091863 0.453886 0.091680 0.455391 0.091680 0.458333 0.092729 0.460112 0.093140 0.461275 0.094143 0.462165 0.094782 0.462781 0.095421 0.463396 0.097473 0.464286 0.099617
0 0.433566 0.100575 0.431034 0.100666 0.429461 0.100119 0.427819 0.099571 0.426793 0.098522 0.426587 0.097838 0.425972 0.096971 0.426245 0.094508 0.428435 0.093550 0.429940 0.093094 0.432266 0.092912 0.434045 0.093231 0.436576 0.093414 0.436918 0.093687 0.438766 0.095603 0.439587 0.097245 0.439587 0.097884
0 0.485290 0.140120 0.479680 0.142492 0.477285 0.142492 0.475438 0.142264 0.471880 0.141124 0.469212 0.139619 0.465654 0.136791 0.464491 0.134784 0.464491 0.133279 0.464559 0.132047 0.465107 0.130542 0.466544 0.129310 0.468733 0.128854 0.468938 0.127760 0.470238 0.127075 0.472975 0.126346 0.475301 0.126346 0.476738 0.126346 0.478380 0.126939 0.480569 0.128033 0.483648 0.129584 0.486453 0.132549 0.488027 0.135924 0.487753 0.138022 0.487479 0.139254
0 0.521415 0.181399 0.519636 0.183178 0.517720 0.184136 0.516010 0.184090 0.509236 0.186052 0.508073 0.186736 0.507389 0.187147 0.506431 0.187238 0.504995 0.187192 0.502395 0.186690 0.498221 0.185550 0.495416 0.183908 0.491585 0.181399 0.489395 0.178663 0.487548 0.175059 0.487548 0.172596 0.488437 0.170498 0.490353 0.168947 0.492474 0.167533 0.495211 0.164842 0.497400 0.163565 0.500753 0.163200 0.504310 0.163611 0.507321 0.163884 0.510126 0.165116 0.513684 0.166986 0.516762 0.168993 0.518404 0.171273 0.519841 0.174010 0.520799 0.177294
0 0.566160 0.200055 0.565750 0.201560 0.563697 0.202563 0.560892 0.202791 0.559113 0.202791 0.558634 0.202563 0.552956 0.194627 0.548030 0.188332 0.544335 0.181308 0.544061 0.179940 0.546251 0.179757 0.549124 0.179438 0.551314 0.179392 0.553093 0.179529 0.554803 0.179666 0.555966 0.179940 0.557198 0.179666 0.565750 0.182859 0.569239 0.186736 0.571634 0.190157 0.571497 0.193578 0.570676 0.196041 0.570676 0.196451
0 0.593089 0.238578 0.585664 0.237762 0.580593 0.236405 0.571497 0.233844 0.568106 0.231483 0.567202 0.229724 0.567734 0.227470 0.568860 0.223997 0.570451 0.221313 0.574073 0.216242 0.578963 0.213223 0.584215 0.212378 0.588742 0.212378 0.593270 0.212499 0.596168 0.213102 0.600695 0.215517 0.603412 0.219139 0.606310 0.224090 0.606310 0.226504 0.605860 0.229975 0.605634 0.231282 0.604428 0.231985 0.604503 0.234045 0.604579 0.235502 0.603222 0.237109 0.602243 0.237461 0.600434 0.238516 0.597073 0.238578
2 0.619978 0.340350 0.622071 0.347325 0.625209 0.355415 0.635253 0.362808 0.649900 0.367551 0.654712 0.366854 0.659734 0.364622 0.663500 0.362250 0.665802 0.360716 0.676264 0.358344 0.678984 0.356113 0.681076 0.354997 0.683587 0.351230 0.684424 0.342721 0.683378 0.334491 0.674590 0.315939 0.682541 0.309661 0.685889 0.303384 0.686935 0.297804 0.686098 0.293062 0.684006 0.286645 0.678775 0.279252 0.672079 0.275625 0.663709 0.273254 0.656804 0.272975 0.651155 0.273812 0.648644 0.274788 0.642995 0.276880 0.638810 0.278694 0.634416 0.281623 0.630231 0.274927 0.617049 0.270045 0.608052 0.267255 0.599891 0.266558 0.588174 0.267674 0.582106 0.270045 0.576247 0.272835 0.572899 0.276741 0.571016 0.280647 0.569761 0.288458 0.574155 0.303803 0.578758 0.309243 0.579595 0.313149 0.580223 0.318170 0.585244 0.322495 0.587755 0.325424 0.588174 0.326261 0.589220 0.326958 0.602193 0.329748 0.604913 0.332259 0.600728 0.331701 0.590894 0.329609 0.585872 0.329051 0.583989 0.330167 0.583152 0.333794 0.579386 0.336444 0.580850 0.338536 0.586709 0.339234 0.587965 0.342582 0.590475 0.343837 0.592149 0.343837 0.592777 0.347743 0.595288 0.348440 0.597799 0.350254 0.602611 0.351509 0.607005 0.351509 0.610562 0.350672 0.612655 0.349138 0.614747 0.348022 0.615584 0.344395 0.615584 0.340350
2 0.567668 0.313149 0.565576 0.310080 0.563902 0.299478 0.560554 0.291806 0.555114 0.289574 0.546117 0.287203 0.543396 0.287203 0.541304 0.287621 0.538584 0.289574 0.533981 0.292783 0.529168 0.297246 0.524774 0.303663 0.524983 0.312172 0.525611 0.318449 0.531470 0.329330 0.531470 0.331980 0.533562 0.336305 0.537956 0.340768 0.531051 0.340210 0.517869 0.334770 0.515777 0.334770 0.519334 0.340350 0.524565 0.344674 0.530005 0.346488 0.532934 0.346627 0.537119 0.348440 0.541932 0.347882 0.549255 0.346348 0.554486 0.346488 0.558043 0.347882 0.565994 0.346627 0.564320 0.351509 0.571225 0.350254 0.578339 0.348440 0.582943 0.338397 0.578130 0.336026 0.582524 0.334491 0.584617 0.330167 0.587337 0.327516 0.587546 0.325843 0.587128 0.323471 0.581269 0.317891 0.577921 0.308824 0.572690 0.297525 0.570388 0.290690
0 0.745634 0.432017 0.745450 0.429070 0.748029 0.425754 0.749871 0.423175 0.754292 0.423052 0.758713 0.423175 0.763502 0.424526 0.767370 0.425877 0.771423 0.427719 0.768844 0.430666 0.767923 0.433491 0.764976 0.434964 0.763134 0.436069 0.759265 0.436192 0.753739 0.436192 0.750424 0.436192 0.746740 0.434227
0 0.774959 0.394611 0.778232 0.392580 0.785679 0.391752 0.791321 0.392354 0.794480 0.393783 0.795383 0.395363 0.795383 0.396567 0.796624 0.399651 0.796285 0.400704 0.794142 0.402585 0.791208 0.403111 0.787710 0.403788 0.784212 0.403788 0.779924 0.403788 0.777442 0.403186 0.774959 0.402359 0.773493 0.400704 0.773944 0.398748 0.774170 0.395965
2 0.593103 0.242241 0.587716 0.247989 0.589655 0.249713 0.591595 0.254454 0.595043 0.259626 0.592457 0.263506 0.592457 0.265805 0.593319 0.267385 0.600000 0.267385 0.615086 0.268534 0.620905 0.271408 0.624784 0.272557 0.630172 0.275000 0.634698 0.280029 0.638578 0.279167 0.640517 0.277299 0.650000 0.273851 0.657759 0.272701 0.661422 0.273276 0.665948 0.272989 0.675862 0.276724 0.682974 0.282759 0.684698 0.285345 0.687069 0.292098 0.688793 0.293391 0.696983 0.291810 0.701293 0.290086 0.704957 0.289655 0.711207 0.287213 0.716595 0.283477 0.718534 0.280316 0.721767 0.277299 0.729095 0.272270 0.732328 0.271264 0.736207 0.267529 0.738362 0.263362 0.738578 0.259626 0.736207 0.255603 0.730819 0.251006 0.728879 0.250000 0.721552 0.247845 0.713147 0.246839 0.704957 0.246983 0.703017 0.245690 0.701724 0.240086 0.698060 0.235920 0.690302 0.232328 0.685776 0.231322 0.675647 0.230460 0.669612 0.230603 0.665948 0.231322 0.654095 0.235920 0.647629 0.240230 0.646336 0.241810 0.644181 0.241236 0.639440 0.235776 0.634914 0.233621 0.632759 0.233333 0.630388 0.232328 0.626724 0.231897 0.612716 0.232328 0.606250 0.234626 0.600862 0.238937
0 0.501225 0.404585 0.496163 0.404258 0.492898 0.403278 0.490775 0.399687 0.489796 0.396856 0.490938 0.395115 0.492571 0.393265 0.497143 0.392611 0.500898 0.392176 0.503184 0.392829 0.504653 0.394462 0.504327 0.397727 0.504327 0.400993 0.503674 0.403170
0 0.505959 0.371604 0.502204 0.370624 0.498939 0.366924 0.497306 0.364202 0.497633 0.361046 0.500898 0.360393 0.506612 0.359195 0.508245 0.359087 0.511837 0.360610 0.513143 0.362352 0.515266 0.365400 0.513796 0.368992 0.509715 0.370951 0.508898 0.371495
0 0.485387 0.353427 0.483428 0.352556 0.481959 0.350596 0.481142 0.348093 0.481142 0.346896 0.483101 0.345154 0.483918 0.345154 0.485551 0.345154 0.487836 0.345154 0.489632 0.345154 0.491265 0.345154 0.491918 0.346134 0.493551 0.346787 0.492408 0.350270 0.493061 0.353318 0.493061 0.354406 0.491102 0.354406 0.488326 0.354515
2 0.532083 0.259709 0.529960 0.262321 0.526368 0.265913 0.520980 0.267655 0.514613 0.268852 0.493061 0.269723 0.484408 0.268526 0.476734 0.266675 0.472815 0.264498 0.471183 0.262430 0.470203 0.261124 0.468734 0.259491 0.468081 0.253723 0.461060 0.250457 0.456815 0.247301 0.457141 0.245559 0.454856 0.241423 0.455345 0.236960 0.457631 0.233368 0.462529 0.229450 0.467591 0.226293 0.474122 0.224007 0.481306 0.222919 0.486857 0.221830 0.488489 0.221395 0.488653 0.216715 0.488163 0.211816 0.492408 0.205503 0.497796 0.201694 0.504163 0.198646 0.511511 0.197557 0.517878 0.198755 0.527838 0.201367 0.535348 0.205612 0.539267 0.209966 0.547757 0.206156 0.559675 0.205939 0.568165 0.205939 0.579758 0.209204 0.584656 0.212361 0.579594 0.212470 0.576329 0.214320 0.573880 0.217041 0.571104 0.220524 0.567512 0.226946 0.567023 0.230212 0.568982 0.233695 0.575349 0.235436 0.584656 0.238157 0.594942 0.239137 0.597228 0.239355 0.591350 0.243926 0.587921 0.248933 0.585962 0.250131 0.583186 0.251981 0.570615 0.258076 0.559186 0.260798 0.553471 0.262757 0.550042 0.262648 0.545961 0.260145
1 0.175108 0.568995 0.183190 0.571989 0.195690 0.572414 0.208836 0.574282 0.232328 0.581466 0.236422 0.583908 0.242457 0.585489 0.260129 0.593247 0.276509 0.601868 0.294828 0.613362 0.303017 0.616954 0.314655 0.624856 0.340948 0.638649 0.357543 0.644540 0.365086 0.646552 0.411853 0.653592 0.431681 0.655603 0.445851 0.658495 0.456178 0.657298 0.462500 0.658764 0.466056 0.661788 0.474569 0.662069 0.490751 0.670767 0.496139 0.672264 0.509159 0.688727 0.512751 0.677053 0.523976 0.665679 0.524425 0.653107 0.513200 0.639937 0.501078 0.632453 0.492026 0.625431 0.465517 0.611351 0.458836 0.609195 0.446983 0.603448 0.404526 0.587787 0.347198 0.569971 0.340302 0.566236 0.293750 0.548563 0.279310 0.544684 0.256681 0.541667 0.240086 0.541810 0.228664 0.543534 0.213362 0.548276 0.206681 0.552730 0.196983 0.562500
1 0.540589 0.693816 0.551814 0.688428 0.583244 0.671067 0.606591 0.660890 0.657777 0.652808 0.718391 0.639039 0.776311 0.617487 0.823455 0.589051 0.847701 0.582465 0.858028 0.583363 0.838272 0.592044 0.825700 0.602221 0.813578 0.615691 0.800108 0.626467 0.789781 0.632753 0.773617 0.641134 0.766433 0.641733 0.752514 0.645624 0.735004 0.653406 0.665409 0.670767 0.623653 0.684237 0.545977 0.703095
1 0.647450 0.494462 0.640715 0.504939 0.642062 0.518708 0.647899 0.542654 0.648797 0.570791 0.644307 0.592343 0.641164 0.607908 0.623653 0.637243 0.611530 0.650712 0.594019 0.664781 0.574264 0.675856 0.549569 0.687829 0.533854 0.695911 0.528466 0.683639 0.520833 0.671965 0.525323 0.662087 0.533854 0.649814 0.548671 0.640236 0.570223 0.624371 0.593570 0.605514 0.615122 0.579771 0.620510 0.564506 0.622755 0.554328 0.620959 0.541756 0.621408 0.533375 0.618714 0.526191 0.617816 0.517211 0.617816 0.510626 0.620959 0.504041 0.628592 0.498952 0.639817 0.495360
0 0.812145 0.404927 0.813509 0.403381 0.815828 0.403381 0.817192 0.402926 0.820057 0.402744 0.821694 0.403654 0.823603 0.405018 0.824285 0.407655 0.824285 0.410201 0.823330 0.411929 0.821012 0.412475 0.816647 0.411474 0.814737 0.410383 0.812827 0.409110 0.811873 0.407473
0 0.819921 0.402686 0.818888 0.401869 0.818565 0.400363 0.819856 0.399073 0.821276 0.398341 0.822631 0.397782 0.825599 0.397051 0.828696 0.397094 0.831535 0.398083 0.833729 0.402127 0.835600 0.404278 0.834116 0.405525 0.832439 0.406644 0.830180 0.407719 0.827664 0.408149 0.825018 0.408751 0.824502 0.408364 0.824179 0.406256 0.823792 0.405052
0 0.839440 0.397915 0.840034 0.395221 0.843362 0.393609 0.845739 0.393504 0.848314 0.393900 0.850453 0.394851 0.851761 0.395722 0.852513 0.396568 0.852434 0.397941 0.850849 0.398813 0.848274 0.400027 0.847205 0.400160 0.843164 0.400925 0.842015 0.400952 0.839836 0.399420 0.839440 0.398522