1 0.642090 0.614909 0.640625 0.606120 0.637695 0.599935 0.635498 0.597005 0.634521 0.596680 0.632568 0.598307 0.629639 0.599284 0.626953 0.601237 0.623291 0.602214 0.619385 0.604492 0.615967 0.607422 0.614746 0.609049 0.608887 0.612630 0.603516 0.614909 0.599609 0.618490 0.596924 0.620117 0.584717 0.625326 0.576416 0.627604 0.560059 0.627930 0.557617 0.626628 0.551667 0.626045 0.549964 0.624783 0.527631 0.613428 0.530470 0.618474 0.544097 0.631344 0.549964 0.634120 0.556396 0.635742 0.558102 0.636895 0.562012 0.638346 0.575439 0.643555 0.580322 0.646159 0.586182 0.647461 0.592041 0.650716 0.604248 0.654622 0.610596 0.655599 0.620361 0.655599 0.625732 0.654622 0.632669 0.653298 0.637022 0.649765 0.639648 0.643555 0.641602 0.638672 0.641602 0.633789 0.641113 0.632161 0.641113 0.629557 0.642578 0.623047
1 0.346436 0.611328 0.348145 0.613281 0.352295 0.616211 0.357178 0.617839 0.360107 0.619792 0.368408 0.623372 0.376953 0.625326 0.388672 0.625651 0.391602 0.626628 0.405518 0.626302 0.406982 0.626953 0.420654 0.627279 0.423096 0.627930 0.426758 0.627279 0.437012 0.627930 0.443516 0.627056 0.447510 0.626302 0.450797 0.626485 0.455078 0.625651 0.458984 0.623047 0.462158 0.622070 0.463861 0.623629 0.467823 0.622916 0.484634 0.615206 0.494592 0.607924 0.499839 0.600358 0.485919 0.609352 0.477353 0.612065 0.474355 0.613207 0.473926 0.612350 0.470607 0.613778 0.466002 0.613207 0.460449 0.612630 0.458008 0.611328 0.450928 0.610352 0.447510 0.608398 0.436768 0.604492 0.433838 0.602539 0.427246 0.599609 0.419922 0.593750 0.411621 0.584961 0.401611 0.571940 0.396484 0.566406 0.391357 0.562500 0.383301 0.557617 0.380615 0.555013 0.376953 0.554036 0.364990 0.561849 0.359619 0.567708 0.353271 0.580078 0.351318 0.586263 0.350586 0.591146 0.350830 0.596354 0.346924 0.607422
0 0.540096 0.057292 0.541372 0.057233 0.542516 0.057761 0.542868 0.058875 0.542692 0.060752 0.541900 0.062688 0.540624 0.063509 0.539788 0.063274 0.539172 0.062043 0.539128 0.060869 0.538997 0.060107 0.538953 0.059403 0.539128 0.058582
0 0.527376 0.062849 0.528545 0.067271 0.529062 0.071730 0.528002 0.074485 0.527105 0.075681 0.525745 0.076116 0.524440 0.076152 0.522156 0.075355 0.521586 0.072672 0.521178 0.069772 0.521776 0.065169 0.522836 0.063392 0.523869 0.063139 0.526370 0.063066
0 0.536090 0.099939 0.536172 0.104178 0.534623 0.108688 0.533400 0.111677 0.532137 0.112547 0.531281 0.112873 0.527287 0.112057 0.526064 0.111188 0.525290 0.109014 0.525249 0.105971 0.525819 0.103471 0.526186 0.101352 0.526961 0.099232 0.527817 0.097004 0.528632 0.095917 0.530221 0.095102 0.531648 0.094776 0.532911 0.096569 0.533808 0.096569 0.534705 0.096841 0.535438 0.097765
0 0.512689 0.128677 0.513022 0.131690 0.512466 0.136136 0.511503 0.140779 0.510836 0.142409 0.508836 0.144434 0.507687 0.145175 0.506761 0.145126 0.505131 0.144632 0.501871 0.142014 0.500871 0.140038 0.500389 0.137568 0.500352 0.136185 0.500426 0.131888 0.501019 0.128677 0.502204 0.126059 0.503612 0.124281 0.504946 0.123737 0.506391 0.123342 0.507020 0.123293 0.507947 0.123886 0.508502 0.123984 0.509466 0.123984 0.509910 0.124231 0.510429 0.124874 0.510984 0.125614 0.511874 0.126701 0.512429 0.127541
0 0.504230 0.185615 0.505212 0.188135 0.505061 0.191058 0.504532 0.195190 0.503398 0.198415 0.500602 0.201539 0.498636 0.201740 0.495084 0.201539 0.493950 0.200732 0.492438 0.198717 0.490776 0.195996 0.490020 0.192065 0.490020 0.188639 0.490624 0.185112 0.491683 0.181383 0.494933 0.180576 0.498032 0.181584 0.500904 0.182491 0.503096 0.183701
0 0.523551 0.203078 0.524669 0.207737 0.524902 0.211092 0.524763 0.217801 0.524483 0.220472 0.523738 0.222274 0.523039 0.223205 0.521222 0.224137 0.518380 0.224883 0.515631 0.226001 0.514745 0.227368 0.513487 0.226871 0.512043 0.226249 0.509620 0.224324 0.508129 0.222398 0.507850 0.218733 0.507803 0.212023 0.509061 0.207302 0.510273 0.203016 0.511670 0.200344 0.514373 0.198481 0.518519 0.198419 0.520989 0.199537
0 0.473043 0.241987 0.476975 0.247667 0.478778 0.251308 0.480744 0.255386 0.482437 0.261066 0.483202 0.262960 0.482765 0.265654 0.482109 0.267620 0.480307 0.269077 0.478614 0.270169 0.477522 0.270825 0.476265 0.271043 0.474736 0.271553 0.472442 0.269951 0.471459 0.271407 0.467800 0.271844 0.465069 0.270606 0.462884 0.268713 0.462010 0.265290 0.460590 0.258008 0.460426 0.253711 0.461464 0.247958 0.463103 0.245482 0.464741 0.244244 0.467199 0.243516 0.468892 0.242715 0.470148 0.242059 0.471131 0.241841 0.471951 0.241841
2 0.515406 0.257078 0.516581 0.260559 0.519192 0.272048 0.519714 0.278489 0.521150 0.287889 0.520367 0.297812 0.524806 0.297463 0.526242 0.299378 0.525328 0.303208 0.524936 0.305123 0.524545 0.308082 0.520889 0.309300 0.520497 0.311041 0.521411 0.312956 0.522586 0.311215 0.525459 0.308430 0.529897 0.307560 0.531879 0.308163 0.533161 0.309823 0.534800 0.309509 0.537339 0.308778 0.539921 0.307057 0.541517 0.304078 0.543475 0.302860 0.542561 0.308256 0.543998 0.309997 0.543998 0.312434 0.543022 0.316193 0.541125 0.319223 0.539632 0.320809 0.536686 0.323749 0.535381 0.325838 0.533292 0.327056 0.531986 0.327056 0.521542 0.323052 0.521150 0.324097 0.523892 0.335934 0.526372 0.342201 0.528331 0.346901 0.526242 0.346901 0.527678 0.353516 0.526372 0.352819 0.522456 0.351949 0.520497 0.350556 0.516189 0.342897 0.512925 0.333497 0.511489 0.329145 0.510445 0.322878 0.510445 0.316612 0.509008 0.310345 0.506919 0.307734 0.504569 0.306167 0.500653 0.299552 0.497781 0.293634 0.496214 0.287541 0.496475 0.281971 0.496867 0.278663 0.498564 0.274834 0.499347 0.270830 0.499869 0.268741 0.501044 0.267348 0.502219 0.267696 0.505875 0.278141 0.506658 0.281274 0.506919 0.269785 0.510314 0.259167 0.512011 0.256033 0.513839 0.255163 0.515145 0.255163
2 0.521240 0.374023 0.517578 0.372396 0.509277 0.373698 0.502441 0.376953 0.500488 0.378255 0.498047 0.380859 0.496094 0.380859 0.494385 0.380208 0.493896 0.379557 0.493652 0.376953 0.492432 0.373047 0.490234 0.369792 0.487305 0.368164 0.483643 0.368490 0.480225 0.371094 0.477539 0.374674 0.473145 0.383464 0.471924 0.388672 0.471924 0.401693 0.472900 0.405273 0.475098 0.408529 0.474365 0.410482 0.474365 0.411784 0.473155 0.413268 0.472425 0.416806 0.471629 0.418841 0.469971 0.421406 0.467516 0.427687 0.466720 0.430429 0.466256 0.432640 0.465857 0.435736 0.465658 0.438832 0.466322 0.446086 0.467773 0.447917 0.467980 0.449093 0.469238 0.451497 0.470703 0.452799 0.474609 0.454427 0.476008 0.454931 0.478760 0.454753 0.481382 0.453693 0.483643 0.451497 0.487220 0.447236 0.488746 0.443078 0.489475 0.440601 0.489608 0.439186 0.490006 0.437859 0.490139 0.436798 0.490537 0.435559 0.490736 0.434232 0.490670 0.431844 0.489746 0.431315 0.490935 0.431402 0.490967 0.431315 0.491455 0.435221 0.493896 0.436198 0.495117 0.440430 0.497803 0.443359 0.501953 0.443034 0.504469 0.442459 0.506194 0.441220 0.507080 0.438151 0.509033 0.435547 0.512297 0.432109 0.509843 0.432463 0.509046 0.428483 0.507720 0.426271 0.505928 0.425121 0.504336 0.424502 0.503662 0.423503 0.501682 0.422645 0.505127 0.421549 0.509521 0.417969 0.513184 0.412760 0.516357 0.405273 0.521729 0.395182 0.524170 0.388021 0.524414 0.382812 0.524170 0.380534 0.523193 0.377279
1 0.498744 0.530576 0.498396 0.541969 0.498744 0.558012 0.498570 0.567778 0.496303 0.573823 0.498570 0.581264 0.497175 0.582194 0.497524 0.599400 0.493862 0.604050 0.486537 0.609166 0.473807 0.612886 0.461949 0.612188 0.447475 0.608468 0.426897 0.599633 0.414342 0.587774 0.400914 0.570103 0.390974 0.561500 0.377372 0.552897 0.369524 0.543597 0.364990 0.535691 0.362898 0.525925 0.362200 0.511742 0.364641 0.511742 0.360282 0.508487 0.359584 0.500349 0.363421 0.493838 0.373884 0.483375 0.389753 0.474540 0.399693 0.472680 0.414865 0.477097 0.438581 0.485933 0.463170 0.498489 0.478690 0.508254 0.491420 0.519880
1 0.499366 0.531601 0.503329 0.519552 0.510463 0.504967 0.522512 0.493553 0.541060 0.487423 0.554535 0.487423 0.569437 0.496512 0.575937 0.505601 0.577523 0.511520 0.576888 0.523569 0.574193 0.528430 0.568962 0.532024 0.564681 0.534349 0.561511 0.538788 0.557547 0.547243 0.552157 0.553161 0.537572 0.559925 0.529963 0.574088 0.524890 0.583388 0.521560 0.592266 0.512841 0.602624 0.501902 0.603046 0.498098 0.599030 0.497305 0.593534 0.496671 0.586136 0.498573 0.580218 0.496512 0.574510 0.499207 0.568169
1 0.514585 0.602624 0.523463 0.610867 0.529487 0.614249 0.543438 0.622704 0.552791 0.626298 0.563255 0.627989 0.577681 0.627566 0.593693 0.621648 0.611290 0.612136 0.616363 0.607274 0.622704 0.601989 0.626509 0.601989 0.635387 0.596494 0.641094 0.593323 0.648387 0.586770 0.655679 0.576201 0.663606 0.564998 0.665667 0.556755 0.656472 0.556332 0.657423 0.553373 0.654728 0.547877 0.646484 0.532235 0.634594 0.521455 0.620961 0.512788 0.605741 0.507504 0.594961 0.507504 0.579425 0.503276 0.575145 0.504545 0.577523 0.511309 0.577523 0.519764 0.577047 0.524203 0.570230 0.531812 0.565157 0.534137 0.560560 0.541536 0.556596 0.549357 0.551682 0.553584 0.536304 0.560771 0.520926 0.593534
0 0.577770 0.231887 0.578829 0.234499 0.578988 0.236900 0.578882 0.239160 0.578353 0.240996 0.577082 0.242196 0.576023 0.242902 0.574169 0.240572 0.573375 0.237818 0.573216 0.236476 0.573745 0.235205 0.574328 0.234217 0.576023 0.233087
0 0.580153 0.251446 0.580736 0.255824 0.580524 0.257731 0.579571 0.259637 0.577717 0.260696 0.575811 0.261191 0.572051 0.259920 0.571733 0.259213 0.572951 0.253988 0.574646 0.253000 0.575811 0.252011 0.578247 0.251517
0 0.558069 0.260555 0.557911 0.263803 0.557328 0.267546 0.556587 0.269876 0.555739 0.271500 0.554203 0.272418 0.553091 0.272630 0.552244 0.272418 0.551238 0.271429 0.549490 0.269805 0.549119 0.268464 0.549066 0.265992 0.549543 0.263097 0.550443 0.260908 0.552032 0.258931 0.552879 0.258790 0.554892 0.258719 0.556269 0.258931 0.557222 0.259778
0 0.557591 0.303932 0.558709 0.308307 0.558240 0.311721 0.556185 0.316626 0.554814 0.317731 0.552218 0.317828 0.549730 0.316049 0.549189 0.313692 0.549261 0.310423 0.549802 0.308451 0.550920 0.307009 0.553228 0.305278 0.555464 0.304028 0.557086 0.303643
2 0.465219 0.270892 0.462684 0.271680 0.458883 0.273820 0.457954 0.279227 0.457616 0.282268 0.455082 0.279678 0.451111 0.280128 0.448408 0.283395 0.448323 0.287562 0.451702 0.295334 0.454997 0.302318 0.454575 0.304232 0.457024 0.308513 0.460404 0.314595 0.463107 0.319438 0.467584 0.321691 0.467753 0.319664 0.468682 0.318425 0.470119 0.318087 0.471555 0.317974 0.472399 0.319101 0.473498 0.321466 0.475272 0.329463 0.479411 0.330702 0.480256 0.329125 0.485409 0.332955 0.488535 0.335095 0.496982 0.336109 0.502980 0.334081 0.508556 0.330927 0.509739 0.327886 0.509147 0.326309 0.505599 0.323493 0.508809 0.322029 0.510414 0.320565 0.509992 0.315384 0.508809 0.309864 0.506782 0.307837 0.504585 0.306260 0.500024 0.298601 0.497489 0.293081 0.496222 0.286774 0.490055 0.286999 0.486507 0.287450 0.483719 0.289590 0.482959 0.292180 0.482875 0.294208 0.482283 0.293870 0.481270 0.290378 0.477046 0.284070 0.472484 0.278439 0.471301 0.276186 0.468513 0.273595