0 0.345956 0.013744 0.346408 0.013624 0.349935 0.012900 0.351110 0.014226 0.351562 0.018808 0.350930 0.023872 0.347855 0.026524 0.345866 0.025077
0 0.330223 0.027127 0.332212 0.026886 0.333207 0.026403 0.333930 0.026765 0.334473 0.029056 0.336010 0.033878 0.337004 0.037736 0.336643 0.041715 0.336191 0.044608 0.335196 0.046899 0.333478 0.047984 0.331308 0.048466 0.330042 0.048587 0.329047 0.048225 0.327601 0.047381 0.326335 0.046176 0.325611 0.045211 0.325250 0.043403 0.324436 0.040389 0.324345 0.033637 0.325250 0.029900 0.327148 0.028332
1 0.479980 0.726888 0.478516 0.725911 0.476318 0.726562 0.475342 0.728190 0.475586 0.732096 0.474365 0.733073 0.455078 0.739583 0.450439 0.742839 0.447021 0.744141 0.442871 0.750000 0.439941 0.757161 0.437744 0.760091 0.436523 0.763672 0.431396 0.773438 0.429688 0.778971 0.426514 0.783854 0.423828 0.791341 0.409912 0.814779 0.406006 0.826823 0.399902 0.839844 0.398682 0.846029 0.394775 0.856445 0.393799 0.862630 0.392090 0.868490 0.391113 0.879883 0.390869 0.889323 0.392334 0.901693 0.395752 0.909180 0.402344 0.915690 0.407715 0.917318 0.412109 0.920247 0.416992 0.888346 0.419678 0.879557 0.421143 0.870768 0.428223 0.847656 0.435059 0.830404 0.438965 0.822591 0.440430 0.817708 0.447021 0.805664 0.450684 0.796549 0.453125 0.793294 0.454102 0.790039 0.456299 0.786784 0.461182 0.773763 0.465576 0.767578 0.469482 0.759115 0.476807 0.748047 0.480469 0.740560 0.482178 0.731771
0 0.353516 0.089598 0.352119 0.087289 0.351169 0.084458 0.351784 0.081255 0.352845 0.077605 0.354577 0.073210 0.356309 0.070603 0.358991 0.067623 0.362734 0.066879 0.365695 0.069411 0.368097 0.073881 0.369326 0.075966 0.369326 0.078499 0.369214 0.081181 0.368879 0.084384 0.368153 0.087140 0.366700 0.089523 0.365471 0.091460 0.362845 0.092950 0.360611 0.093099 0.357817 0.092280 0.354074 0.090045
0 0.330411 0.089446 0.331689 0.091638 0.334611 0.094641 0.334977 0.095697 0.332481 0.119887 0.332115 0.121755 0.330776 0.122323 0.329436 0.122810 0.327914 0.121673 0.326636 0.119725 0.319939 0.115098 0.318599 0.111851 0.317808 0.107954 0.318721 0.100567 0.320608 0.094560 0.322130 0.091800 0.325175 0.090501 0.328219 0.089690
0 0.323653 0.120293 0.324992 0.120537 0.326879 0.123378 0.327245 0.124596 0.330898 0.126057 0.333211 0.128817 0.335342 0.133850 0.335829 0.138639 0.335038 0.146351 0.332420 0.152521 0.328523 0.157878 0.325418 0.160476 0.323409 0.160882 0.322374 0.160476 0.320730 0.158934 0.313302 0.154307 0.310867 0.150816 0.309467 0.146757 0.309223 0.143023 0.309467 0.139857 0.310137 0.137097 0.310502 0.135879 0.310867 0.134256 0.311293 0.132713 0.312328 0.130441 0.313424 0.128168 0.314642 0.125976 0.315860 0.124190 0.317625 0.122972 0.320365 0.121511 0.322009 0.120375
0 0.380616 0.174105 0.382347 0.177223 0.384498 0.182337 0.385387 0.184831 0.385808 0.187201 0.385854 0.190880 0.385480 0.195744 0.383189 0.202417 0.378652 0.207780 0.372198 0.208653 0.367193 0.209588 0.361955 0.209089 0.360131 0.208777 0.359008 0.206782 0.358728 0.204786 0.358494 0.198550 0.359242 0.193936 0.360084 0.187014 0.361861 0.181089 0.363405 0.178346 0.367146 0.174666 0.369859 0.172733 0.373741 0.171985 0.375846 0.171985 0.379260 0.172671
2 0.307869 0.179724 0.312683 0.184920 0.314059 0.190269 0.316237 0.197911 0.317154 0.203565 0.319675 0.206622 0.320248 0.210137 0.320707 0.218389 0.318644 0.230615 0.313142 0.244676 0.310964 0.246662 0.309589 0.250177 0.304660 0.255526 0.297668 0.258736 0.295834 0.258736 0.294230 0.263626 0.292625 0.268975 0.291249 0.269586 0.282424 0.275394 0.274744 0.278145 0.263511 0.278909 0.260417 0.278297 0.254686 0.274018 0.250101 0.270350 0.237951 0.266835 0.236117 0.264237 0.234627 0.261639 0.231991 0.258888 0.230730 0.254151 0.230157 0.249107 0.230730 0.243606 0.232679 0.237187 0.235888 0.233825 0.237951 0.231991 0.238983 0.231380 0.238066 0.227559 0.237837 0.222974 0.237837 0.219001 0.237837 0.214721 0.238295 0.212123 0.240587 0.208456 0.242994 0.205705 0.246089 0.203718 0.250215 0.201884 0.253769 0.201120 0.257895 0.200967 0.261677 0.202343 0.265575 0.204024 0.270159 0.206163 0.272796 0.198980 0.273827 0.195312 0.275890 0.191950 0.278068 0.189505 0.281392 0.186449 0.284831 0.183850 0.289301 0.181711 0.294688 0.179419 0.297668 0.178349 0.301451 0.178043 0.303972 0.178043
1 0.474557 0.700053 0.474694 0.706819 0.474832 0.719072 0.475106 0.731873 0.453709 0.739554 0.435193 0.749247 0.429844 0.762597 0.421889 0.779421 0.418048 0.780884 0.416540 0.779970 0.416402 0.775764 0.414208 0.772106 0.410230 0.766803 0.407487 0.757659 0.408996 0.737542 0.421066 0.720718 0.443560 0.708648 0.459058 0.704990 0.467837 0.699870 0.472363 0.698590
1 0.534659 0.544323 0.520926 0.609718 0.505886 0.657093 0.493025 0.699817 0.489537 0.687901 0.486921 0.677729 0.477548 0.622216 0.486921 0.593733 0.503052 0.567284 0.512425 0.554786 0.522016 0.547230
2 0.399867 0.443383 0.403355 0.445475 0.407715 0.453148 0.415388 0.468029 0.417829 0.478957 0.421491 0.501744 0.425677 0.502674 0.428118 0.504534 0.428292 0.507557 0.430908 0.504302 0.434222 0.502674 0.440151 0.502209 0.447126 0.500349 0.450614 0.500116 0.449044 0.507324 0.451311 0.508487 0.452009 0.512440 0.450439 0.519415 0.447824 0.526158 0.441895 0.532436 0.438058 0.532203 0.429164 0.531273 0.417480 0.527088 0.423410 0.533133 0.429687 0.548247 0.431083 0.560803 0.430734 0.571033 0.429339 0.577776 0.427595 0.581264 0.422886 0.583589 0.415388 0.579404 0.411551 0.581496 0.407540 0.581729 0.405099 0.575451 0.402658 0.564523 0.401263 0.548712 0.402134 0.532436 0.402134 0.528948 0.394287 0.520578 0.388881 0.516392 0.385559 0.510871 0.384822 0.508205 0.384191 0.504698 0.383126 0.500349 0.383126 0.492211 0.383998 0.485933 0.385393 0.481748 0.387835 0.480585 0.390451 0.480352 0.390821 0.480985 0.395767 0.485054 0.399519 0.490583 0.398472 0.483840 0.397775 0.477795 0.395333 0.470587 0.395159 0.466169 0.394461 0.459426 0.394461 0.455008 0.394461 0.453148 0.395508 0.449893 0.396380 0.448033 0.397775 0.445708
1 0.425049 0.531250 0.432617 0.533854 0.446777 0.550456 0.460205 0.569661 0.468750 0.590820 0.477051 0.618815 0.487305 0.682617 0.487061 0.697917 0.485840 0.707682 0.482178 0.710938 0.475586 0.715495 0.475586 0.700195 0.468750 0.698568 0.459229 0.705078 0.443604 0.707357 0.429688 0.681315 0.412354 0.635742 0.402832 0.610677 0.401611 0.586589 0.401611 0.578451 0.406738 0.581380 0.414795 0.580729 0.421143 0.583659 0.427979 0.581055 0.430176 0.578125 0.432129 0.565755 0.429932 0.550130
2 0.353797 0.334485 0.358305 0.338742 0.365441 0.344501 0.373704 0.350511 0.379338 0.357522 0.384033 0.366787 0.385723 0.370793 0.393423 0.379307 0.393423 0.374549 0.395301 0.377053 0.397179 0.371544 0.399996 0.367288 0.402438 0.364784 0.404879 0.364784 0.405630 0.366286 0.406381 0.370042 0.406945 0.377804 0.410137 0.374299 0.414269 0.371544 0.415208 0.368540 0.416523 0.365034 0.421218 0.357522 0.423471 0.362029 0.426476 0.361528 0.427791 0.369040 0.427979 0.381310 0.425913 0.388321 0.424223 0.391577 0.433988 0.400591 0.443003 0.408103 0.441500 0.412360 0.429105 0.414113 0.438495 0.418369 0.435678 0.420623 0.426852 0.422125 0.418776 0.421374 0.409574 0.414113 0.397555 0.404597 0.393423 0.401342 0.383470 0.391326 0.378211 0.388321 0.372765 0.385817 0.367507 0.379808 0.365253 0.370793 0.364878 0.362530 0.362436 0.357021 0.357178 0.348007 0.354549 0.340495
0 0.343466 0.483932 0.343150 0.490947 0.342414 0.494034 0.340309 0.496279 0.337573 0.497261 0.335152 0.497682 0.331469 0.497121 0.328102 0.494736 0.326313 0.492491 0.325155 0.488983 0.325050 0.486036 0.325261 0.483230 0.325997 0.481125 0.327576 0.479442 0.329575 0.476916 0.333784 0.475934 0.336520 0.476215 0.339257 0.478880 0.342203 0.482949
0 0.347780 0.449135 0.350832 0.453484 0.352411 0.458956 0.351779 0.462745 0.349569 0.466252 0.345886 0.469339 0.342414 0.469760 0.337889 0.466112 0.336415 0.463587 0.335363 0.459938 0.334732 0.455028 0.334942 0.452783 0.339993 0.448012 0.341046 0.447311 0.343782 0.446890 0.345465 0.447030
2 0.332483 0.213711 0.335446 0.214275 0.337281 0.217098 0.340527 0.217098 0.345889 0.228200 0.351958 0.238548 0.354639 0.246075 0.355909 0.256800 0.357603 0.264891 0.359296 0.270536 0.360143 0.277122 0.360707 0.283143 0.360707 0.287847 0.362118 0.292175 0.363106 0.292739 0.363953 0.291422 0.366211 0.286342 0.370303 0.279756 0.374255 0.278815 0.379618 0.278815 0.382440 0.278815 0.383287 0.277686 0.384416 0.271665 0.385545 0.268466 0.386532 0.277122 0.387803 0.278627 0.388508 0.283143 0.388508 0.286718 0.387238 0.293304 0.386532 0.299325 0.384839 0.306099 0.380746 0.307980 0.377218 0.309486 0.367481 0.308921 0.365364 0.307228 0.362260 0.307228 0.358026 0.307228 0.352522 0.304782 0.352663 0.307040 0.359296 0.311179 0.369316 0.321528 0.372279 0.326420 0.374255 0.328866 0.375384 0.330372 0.376795 0.333759 0.377077 0.336957 0.377077 0.338086 0.377077 0.341473 0.377077 0.343167 0.376231 0.345236 0.375384 0.345989 0.371856 0.346365 0.366493 0.345613 0.354074 0.334888 0.349417 0.328678 0.345607 0.323410 0.342785 0.317765 0.339116 0.305722 0.337281 0.303276 0.331495 0.299701 0.321616 0.292551 0.313855 0.284272 0.309903 0.273735 0.309339 0.264891 0.309339 0.258494 0.310044 0.251343 0.310750 0.248521 0.312302 0.246639 0.313855 0.246451 0.318512 0.248333 0.324580 0.255859 0.326415 0.257553 0.325003 0.243629 0.323592 0.235538 0.324298 0.231963 0.326838 0.222366 0.327261 0.219168 0.329096 0.217286
2 0.291493 0.329102 0.295801 0.333889 0.303162 0.346335 0.305495 0.353755 0.309445 0.357106 0.313574 0.365005 0.317343 0.368595 0.317882 0.375057 0.320036 0.383195 0.320395 0.391094 0.322011 0.398753 0.321831 0.404259 0.320036 0.412875 0.316446 0.414311 0.316984 0.426040 0.315548 0.435375 0.313394 0.446385 0.306034 0.462182 0.302264 0.468405 0.295263 0.472235 0.295263 0.469841 0.295263 0.466730 0.296520 0.462900 0.296161 0.460985 0.293827 0.463140 0.291852 0.467687 0.286287 0.472235 0.279645 0.475347 0.277491 0.475347 0.275516 0.473192 0.273362 0.469123 0.271926 0.460028 0.271208 0.447103 0.271208 0.438007 0.272105 0.431545 0.273721 0.427237 0.275516 0.423168 0.277670 0.419098 0.278568 0.417184 0.277670 0.413833 0.276952 0.412397 0.283594 0.410721 0.281081 0.401147 0.279466 0.396599 0.278748 0.392530 0.279107 0.387025 0.280184 0.382477 0.281261 0.377690 0.283594 0.372664 0.287005 0.366680 0.287903 0.364526 0.286467 0.360936 0.286108 0.356388 0.285749 0.351122 0.285749 0.346814 0.285749 0.342266 0.286108 0.337718 0.287185 0.334607
2 0.321522 0.392950 0.327022 0.386511 0.335742 0.380430 0.344193 0.378284 0.355863 0.378284 0.358814 0.380251 0.360826 0.383828 0.361631 0.389194 0.361900 0.395454 0.360826 0.401535 0.362570 0.403682 0.362839 0.407616 0.361229 0.413698 0.356668 0.425502 0.349961 0.436770 0.345400 0.441242 0.340839 0.443388 0.333595 0.444461 0.332254 0.449648 0.329571 0.452867 0.326083 0.455908 0.323132 0.457518 0.317632 0.459306 0.313742 0.460201 0.308376 0.461453 0.306633 0.461631 0.312937 0.447502 0.316962 0.424608 0.316425 0.414413 0.320718 0.412267 0.322059 0.405291
2 0.308511 0.258270 0.305828 0.262026 0.302742 0.270254 0.303413 0.279554 0.308242 0.284920 0.300194 0.282595 0.285170 0.279018 0.275109 0.283668 0.273231 0.294221 0.268670 0.297798 0.267865 0.299765 0.267329 0.306920 0.269207 0.309781 0.281145 0.315326 0.289462 0.317293 0.290133 0.320334 0.302877 0.328204 0.310657 0.328204 0.325010 0.326773 0.329839 0.320871 0.331851 0.318903 0.329705 0.315684 0.335339 0.314789 0.336144 0.314253 0.334132 0.301733 0.324474 0.294578 0.315352 0.287066 0.312669 0.282237 0.310120 0.272579 0.310120 0.266498