0 0.952767 0.831698 0.957078 0.831698 0.961389 0.836350 0.961577 0.838968 0.957453 0.842748 0.953704 0.842942 0.949580 0.840519 0.951080 0.838968 0.952205 0.834509
0 0.754343 0.921150 0.759763 0.923438 0.763523 0.923095 0.768169 0.926755 0.769607 0.931331 0.769496 0.955470 0.766620 0.960961 0.761532 0.965995 0.755228 0.968969 0.748702 0.969655 0.728239 0.957300 0.722377 0.951580 0.717400 0.945403 0.720165 0.941170 0.722930 0.939225 0.722930 0.936136 0.724479 0.933047 0.725806 0.931217 0.728571 0.929043 0.731889 0.926183 0.734986 0.923323 0.737309 0.922294 0.745494 0.920578 0.746600 0.920463 0.753347 0.920349
0 0.839794 0.842129 0.845128 0.845251 0.851971 0.847957 0.862840 0.847541 0.865456 0.845147 0.867469 0.842649 0.869381 0.837861 0.869985 0.830055 0.868777 0.824642 0.867569 0.817460 0.863443 0.813401 0.860022 0.812985 0.854688 0.813193 0.851971 0.813817 0.848952 0.814754 0.846738 0.816211 0.844826 0.817564 0.842612 0.819438 0.840901 0.822665 0.839392 0.826620 0.839190 0.830575 0.839190 0.835363 0.839190 0.839110
0 0.904502 0.866589 0.910339 0.860552 0.917484 0.857845 0.922919 0.856284 0.928152 0.856076 0.930366 0.856284 0.932177 0.857950 0.933385 0.860760 0.933284 0.862425 0.929158 0.866380 0.925636 0.870752 0.918088 0.872001 0.911346 0.870023 0.908025 0.869607 0.904905 0.867734
0 0.934592 0.847853 0.936806 0.851184 0.934592 0.856284 0.934190 0.858054 0.936001 0.860656 0.937913 0.863466 0.943649 0.865548 0.949084 0.865444 0.953612 0.863882 0.955424 0.861280 0.956631 0.859511 0.956631 0.856596 0.956933 0.852849 0.956732 0.849727 0.952505 0.844835 0.944052 0.843273 0.939221 0.845251
0 0.847474 0.904082 0.854600 0.912698 0.861067 0.914059 0.864137 0.916893 0.871591 0.917120 0.878387 0.916213 0.887595 0.911565 0.893624 0.904535 0.895159 0.901134 0.895159 0.897052 0.894721 0.888549 0.893076 0.882540 0.887047 0.877098 0.881566 0.874036 0.872797 0.874036 0.865781 0.876190 0.860081 0.879592 0.856354 0.883900 0.854161 0.886961 0.853613 0.889456 0.851640 0.894444 0.850653 0.897732
0 0.025818 0.052972 0.025676 0.056072 0.023962 0.061093 0.025961 0.068918 0.031957 0.076006 0.038524 0.086785 0.047661 0.094906 0.053942 0.098007 0.065363 0.101255 0.071930 0.100221 0.077355 0.096825 0.081353 0.094463 0.082780 0.090772 0.085635 0.085308 0.085921 0.081764 0.085635 0.076449 0.085921 0.071281 0.086349 0.064046 0.086492 0.057106 0.086492 0.052086 0.085207 0.047065 0.082209 0.044408 0.067362 0.035991 0.054799 0.033924 0.047375 0.034810 0.038810 0.038206 0.034670 0.041011
0 0.054680 0.098814 0.050280 0.109605 0.052417 0.114936 0.056943 0.119486 0.061217 0.116626 0.066119 0.115196 0.092895 0.109865 0.094209 0.106948 0.094720 0.102253 0.094663 0.100374 0.094026 0.097643 0.090255 0.088412 0.086610 0.079571 0.085981 0.079181 0.085604 0.084252 0.084598 0.087242 0.081707 0.093743 0.072405 0.100114 0.065868 0.101284 0.060588 0.099854
2 0.354479 0.473469 0.400848 0.588776 0.413674 0.592177 0.433077 0.598980 0.451822 0.597959 0.459386 0.600680 0.465963 0.600340 0.482735 0.592857 0.490627 0.607823 0.505755 0.614286 0.525158 0.615646 0.537326 0.615306 0.547520 0.610884 0.556400 0.604422 0.562319 0.596259 0.564621 0.592517 0.565279 0.578571 0.566265 0.567687 0.564621 0.558163 0.571198 0.551361 0.576789 0.539796 0.578762 0.533673 0.579749 0.522109 0.579749 0.514286 0.577118 0.501020 0.570212 0.489116 0.556071 0.478912 0.542587 0.469728 0.530420 0.465646 0.528118 0.445578 0.515950 0.419388 0.506413 0.410884 0.495889 0.406122 0.479446 0.405442 0.468265 0.410884 0.460043 0.423469 0.453137 0.438095 0.446560 0.456122 0.438996 0.446939 0.422882 0.444218 0.402164 0.444218 0.385063 0.448639 0.361056 0.464626
2 0.479558 0.243810 0.474401 0.235810 0.469982 0.233524 0.465562 0.228190 0.458932 0.224000 0.447145 0.221714 0.441989 0.222095 0.438674 0.220571 0.440147 0.217524 0.439411 0.208000 0.435359 0.196952 0.428729 0.188952 0.423573 0.185143 0.413628 0.181714 0.400000 0.182095 0.384899 0.190095 0.383425 0.193143 0.376796 0.198857 0.367956 0.211810 0.360589 0.226286 0.357274 0.227048 0.346225 0.220190 0.327808 0.217524 0.313076 0.220190 0.282873 0.235810 0.271455 0.246857 0.265562 0.249524 0.263002 0.258222 0.262259 0.260525 0.261981 0.263500 0.261332 0.266955 0.261142 0.269714 0.260775 0.275783 0.261510 0.281524 0.262983 0.283048 0.263352 0.287238 0.273297 0.310476 0.270945 0.314254 0.269704 0.319769 0.272433 0.327337 0.275905 0.333878 0.279254 0.337213 0.280990 0.339907 0.284338 0.340548 0.285826 0.342216 0.287687 0.342985 0.291407 0.345038 0.295872 0.348501 0.303064 0.353247 0.316954 0.357480 0.323155 0.358249 0.325230 0.357714 0.331340 0.359275 0.336176 0.360045 0.339401 0.359660 0.341757 0.359404 0.348950 0.358121 0.354407 0.356197 0.366064 0.351066 0.369061 0.349333 0.373849 0.353143 0.377901 0.358857 0.386740 0.364952 0.398158 0.366476 0.404788 0.365333 0.408103 0.363429 0.418416 0.361143 0.423204 0.358095 0.428361 0.357333 0.437937 0.349714 0.443094 0.343238 0.447145 0.340952 0.448987 0.336381 0.451565 0.333714 0.451934 0.327619 0.454880 0.325333 0.455617 0.314286 0.457090 0.310476 0.472928 0.286476 0.481031 0.270857 0.482505 0.264000 0.482505 0.253714
2 0.108144 0.464324 0.113990 0.449811 0.121298 0.437717 0.135915 0.424112 0.156085 0.416251 0.168947 0.415949 0.183855 0.416856 0.194379 0.421995 0.202564 0.438624 0.202856 0.423507 0.204902 0.400831 0.210456 0.384203 0.213380 0.374830 0.219518 0.367271 0.230042 0.362434 0.237642 0.360317 0.251966 0.363341 0.259767 0.370068 0.275552 0.388095 0.281472 0.414966 0.283829 0.417460 0.303999 0.421693 0.334400 0.481859 0.330892 0.492139 0.327385 0.500302 0.327385 0.510884 0.327969 0.527816 0.324754 0.538398 0.319200 0.549282 0.310138 0.554422 0.301076 0.558050 0.287044 0.561376 0.276228 0.558352 0.267459 0.552003 0.263074 0.548980 0.259566 0.543235 0.256276 0.533677 0.251674 0.523885 0.243489 0.520257 0.231211 0.518443 0.219226 0.519955 0.216010 0.521769 0.213672 0.527211 0.214466 0.537223 0.216678 0.549349 0.221272 0.558957 0.222149 0.562887 0.213672 0.559259 0.209287 0.558957 0.200517 0.557143 0.191748 0.551701 0.176547 0.536886 0.178301 0.528420 0.176547 0.520257 0.173039 0.511791 0.168947 0.506047 0.166316 0.504535 0.161054 0.503326 0.156085 0.503023 0.147315 0.503930 0.139130 0.500000
0 0.216346 0.521436 0.214908 0.524296 0.213692 0.527613 0.214687 0.536880 0.217452 0.549693 0.219664 0.554269 0.221545 0.559760 0.224199 0.561933 0.230062 0.562734 0.238247 0.562048 0.243556 0.560103 0.248644 0.558158 0.252183 0.556099 0.256165 0.552896 0.259815 0.549921 0.261253 0.547405 0.259815 0.543858 0.251962 0.523724 0.243777 0.519949 0.230615 0.518347 0.218669 0.519377
2 0.191693 0.109864 0.195639 0.120408 0.195968 0.127551 0.193008 0.140136 0.192022 0.153401 0.201559 0.167687 0.215371 0.178912 0.231814 0.186395 0.255492 0.192177 0.265687 0.191497 0.273579 0.200000 0.274895 0.201701 0.281143 0.200340 0.286734 0.200000 0.294626 0.202041 0.300875 0.203741 0.302848 0.200340 0.311069 0.204082 0.318962 0.209184 0.321593 0.209864 0.326855 0.205102 0.353493 0.209184 0.369936 0.206803 0.378815 0.197959 0.387036 0.188776 0.395587 0.184694 0.408412 0.181633 0.410385 0.178231 0.410385 0.170068 0.413016 0.164286 0.418278 0.157483 0.428473 0.141156 0.434063 0.127551 0.435050 0.122789 0.432748 0.113265 0.423540 0.093878 0.414661 0.084014 0.399204 0.073810 0.389996 0.070408 0.377170 0.068027 0.359412 0.063946 0.355795 0.046259 0.347902 0.026871 0.327512 0.012585 0.316331 0.011224 0.301204 0.013265 0.285418 0.023129 0.278512 0.034694 0.267331 0.052721 0.254834 0.049660 0.234774 0.049320 0.218660 0.051020 0.204190 0.058163 0.198928 0.063265 0.190049 0.073129 0.187747 0.078912 0.187747 0.086395 0.188076 0.097279
2 0.248586 0.361905 0.243324 0.351361 0.239049 0.336054 0.239049 0.330612 0.232801 0.318367 0.233458 0.278571 0.243982 0.254422 0.254505 0.246939 0.270948 0.245578 0.266673 0.248299 0.265029 0.255442 0.263385 0.268027 0.262398 0.278231 0.264371 0.286735 0.270291 0.302381 0.273579 0.311224 0.268975 0.317687 0.273250 0.328571 0.278841 0.337755 0.285418 0.343878 0.294626 0.350000 0.307123 0.353741 0.330801 0.360204 0.341654 0.360544 0.352506 0.356122 0.371251 0.350340 0.382432 0.362585 0.395916 0.367687 0.401835 0.367687 0.399204 0.382313 0.398546 0.389456 0.395258 0.415986 0.387694 0.428571 0.375526 0.436395 0.364016 0.436735 0.351190 0.432993 0.343298 0.421429 0.332774 0.410884 0.329157 0.410204 0.317318 0.412585 0.303177 0.417007 0.288049 0.417007 0.282787 0.411224 0.277526 0.389796 0.270948 0.377891 0.252861 0.362245
0 0.187316 0.661468 0.198016 0.659371 0.205451 0.656808 0.214349 0.654478 0.215363 0.652730 0.215926 0.649934 0.217052 0.647604 0.217841 0.644925 0.214799 0.632809 0.208379 0.619761 0.202522 0.613820 0.193962 0.606247 0.187992 0.606131 0.177742 0.608111 0.167492 0.612305 0.161860 0.617082 0.159945 0.622091 0.158706 0.629431 0.160846 0.639217 0.167154 0.650517 0.172448 0.658206 0.178755 0.661351 0.184387 0.662050
0 0.081850 0.452969 0.083864 0.461636 0.087891 0.461838 0.092503 0.464055 0.096076 0.470169 0.098804 0.470505 0.101013 0.469161 0.104066 0.465533 0.105041 0.462106 0.105690 0.458814 0.101728 0.450080 0.096011 0.445578 0.091009 0.443630 0.087241 0.444503 0.084383 0.447258 0.082434 0.450886
0 0.083864 0.486563 0.096856 0.493819 0.100234 0.498119 0.099844 0.504166 0.098415 0.511153 0.092958 0.516931 0.085682 0.519686 0.080551 0.520022 0.073405 0.518208 0.068273 0.515050 0.064830 0.511422 0.063336 0.507995 0.063336 0.505173 0.063531 0.503158 0.063531 0.500873 0.063596 0.498119 0.063986 0.495902 0.065090 0.492475 0.066909 0.490056 0.069897 0.488041 0.074249 0.486630 0.080161 0.485958
0 0.153297 0.502942 0.148915 0.507667 0.144719 0.510078 0.138005 0.512875 0.134648 0.518469 0.134462 0.523677 0.135674 0.530428 0.139031 0.536504 0.143693 0.542387 0.148542 0.547016 0.153764 0.549524 0.155815 0.550006 0.160477 0.548849 0.174744 0.540747 0.176236 0.537565 0.178381 0.528017 0.176236 0.517987 0.171574 0.508825 0.167937 0.505353 0.164207 0.504099 0.157960 0.503134
2 0.124955 0.127058 0.127709 0.131687 0.123234 0.139163 0.119447 0.149488 0.115316 0.156965 0.109809 0.176903 0.107743 0.195772 0.108067 0.200968 0.106618 0.213458 0.107584 0.223450 0.110241 0.234192 0.116037 0.241062 0.120988 0.244809 0.125819 0.244184 0.126785 0.249555 0.121955 0.252428 0.127268 0.255550 0.127027 0.257923 0.111690 0.258673 0.085635 0.253095 0.071823 0.244762 0.061234 0.235238 0.061234 0.239286 0.062155 0.243810 0.065608 0.254524 0.071593 0.263810 0.079880 0.266905 0.088168 0.268095 0.103361 0.265952 0.128453 0.266190 0.129834 0.270476 0.130525 0.275000 0.131446 0.281190 0.137431 0.285238 0.145028 0.286190 0.148481 0.286190 0.151013 0.283571 0.151243 0.280714 0.156538 0.280000 0.164595 0.274762 0.171731 0.265714 0.174494 0.254524 0.180249 0.245238 0.181169 0.238095 0.183241 0.215238 0.182320 0.193095 0.181400 0.189286 0.179558 0.187857 0.176796 0.187857 0.164825 0.196429 0.163214 0.192381 0.167127 0.186429 0.179098 0.169762 0.191989 0.151667 0.193831 0.138571 0.195902 0.124048 0.194061 0.117619 0.188996 0.109524 0.178637 0.095238 0.167357 0.082619 0.167818 0.097143 0.165746 0.124524 0.144797 0.106190 0.138812 0.102619 0.135359 0.103571 0.131676 0.108095 0.128223 0.114286 0.125921 0.119524
2 0.117234 0.149123 0.099205 0.132481 0.074004 0.118446 0.063924 0.116040 0.057720 0.119850 0.055782 0.125263 0.054425 0.138897 0.056751 0.157945 0.060047 0.175188 0.060047 0.185213 0.063924 0.192030 0.068964 0.201855 0.076912 0.219699 0.089125 0.233133 0.100756 0.240952 0.101725 0.244962 0.090869 0.238145 0.077881 0.238346 0.069545 0.239549 0.058883 0.238947 0.051129 0.233534 0.045701 0.232732 0.046089 0.236341 0.047252 0.242556 0.052098 0.248170 0.056557 0.251579 0.062954 0.250777 0.085442 0.252581 0.112193 0.258797 0.115877 0.254185 0.119366 0.249574 0.124600 0.244962 0.119754 0.243960 0.114714 0.239950 0.111418 0.235739 0.108704 0.230927 0.106766 0.217093 0.107153 0.209273 0.108898 0.187419 0.114714 0.160952