0 0.148486 0.125139 0.145991 0.126448 0.142761 0.126802 0.139816 0.127102 0.138426 0.126311 0.136749 0.124648 0.136749 0.123612 0.137485 0.122849 0.139653 0.122358 0.141452 0.122086 0.143579 0.122249 0.146196 0.123476 0.147709 0.124621
0 0.147586 0.129747 0.155111 0.131437 0.154743 0.132964 0.153230 0.133863 0.151185 0.134027 0.149304 0.134054 0.147382 0.133427 0.146482 0.132527 0.146646 0.131491 0.147014 0.130510
0 0.166562 0.129338 0.168811 0.128956 0.172696 0.129338 0.175968 0.130510 0.176785 0.131900 0.176295 0.134490 0.175927 0.135390 0.175191 0.135908 0.173473 0.136617 0.171592 0.136890 0.169833 0.136971 0.168034 0.136808 0.165907 0.136481 0.164926 0.135963 0.164394 0.135336 0.163904 0.134218 0.163576 0.133236 0.163249 0.132173 0.163249 0.130810 0.163699 0.130183 0.165212 0.129310
0 0.188727 0.132391 0.202999 0.136590 0.203531 0.135935 0.204103 0.133645 0.204022 0.131710 0.202713 0.130074 0.198419 0.128629 0.195802 0.128302 0.193225 0.128302 0.191385 0.128574 0.189749 0.129338 0.188686 0.130046 0.188563 0.130864 0.188686 0.132064
0 0.203438 0.158610 0.204849 0.157745 0.205864 0.156015 0.207669 0.155338 0.208685 0.154360 0.209024 0.153608 0.209080 0.152028 0.208346 0.150749 0.206485 0.149057 0.204115 0.148267 0.201971 0.147815 0.198417 0.147439 0.194355 0.147439 0.191816 0.147515 0.189616 0.148154 0.188939 0.149019 0.188431 0.150223 0.187867 0.151201 0.187472 0.152254 0.187472 0.152968 0.187472 0.154134 0.187980 0.155150 0.189221 0.155827 0.191252 0.156805 0.193057 0.157519 0.195145 0.158046 0.197401 0.158422 0.198868 0.158497 0.200053 0.158573
0 0.280891 0.149026 0.279215 0.148787 0.277778 0.149984 0.276341 0.150782 0.273827 0.150862 0.270953 0.150383 0.268080 0.149345 0.266403 0.148148 0.264727 0.145913 0.264488 0.143119 0.264009 0.139927 0.264607 0.137851 0.266044 0.137213 0.266284 0.136095 0.266284 0.135377 0.267122 0.134738 0.268080 0.134499 0.270953 0.134100 0.272749 0.134020 0.274545 0.134020 0.276700 0.134658 0.278137 0.135297 0.280412 0.137213 0.281370 0.138729 0.283046 0.141124 0.284004 0.143040 0.284243 0.144397 0.283525 0.146392 0.282088 0.147829
0 0.264128 0.160281 0.265924 0.158285 0.269756 0.157727 0.273946 0.157567 0.280292 0.160121 0.283764 0.162915 0.286997 0.166906 0.286997 0.167944 0.281370 0.174649 0.277778 0.174888 0.275263 0.175447 0.273228 0.175527 0.270115 0.174729 0.267122 0.173851 0.265326 0.173292 0.263051 0.172174 0.261375 0.171137 0.260177 0.169700 0.258501 0.167465 0.258381 0.165310 0.258980 0.163953
0 0.283959 0.216339 0.287350 0.216936 0.293917 0.218230 0.295521 0.218148 0.295089 0.216401 0.294226 0.214757 0.292468 0.213523 0.290002 0.212455 0.288799 0.212455 0.286703 0.212968 0.285408 0.213462 0.284514 0.214551 0.284051 0.215784
0 0.312607 0.172500 0.312751 0.175650 0.312035 0.178037 0.312106 0.180519 0.313252 0.185770 0.316474 0.188490 0.321987 0.189541 0.328932 0.189350 0.334374 0.187679 0.337453 0.186390 0.337596 0.185579 0.337596 0.185197 0.341104 0.180710 0.340245 0.177178 0.336594 0.172547 0.330221 0.169827 0.325639 0.168920 0.321772 0.169254 0.319481 0.169683 0.316903 0.170447 0.314899 0.171259 0.312536 0.171927
0 0.336665 0.210400 0.337882 0.213216 0.342035 0.217131 0.346331 0.217799 0.356212 0.215937 0.361224 0.214171 0.364016 0.212453 0.366093 0.210448 0.367167 0.207870 0.367095 0.205197 0.365162 0.201426 0.361081 0.197894 0.355782 0.196271 0.347405 0.195460 0.343324 0.195746 0.339314 0.197083 0.339672 0.200042
0 0.298956 0.218331 0.298132 0.218802 0.297425 0.219587 0.295768 0.222056 0.294691 0.223924 0.294044 0.228666 0.294475 0.229097 0.294691 0.229671 0.296415 0.231252 0.296630 0.231826 0.297277 0.232545 0.297277 0.232832 0.298139 0.233838 0.299863 0.234987 0.300079 0.234987 0.302665 0.236855 0.305682 0.238292 0.306975 0.238723 0.308053 0.238867 0.311070 0.240016 0.312148 0.240160 0.312794 0.240447 0.315380 0.241022 0.316027 0.241022 0.317967 0.241453 0.321199 0.241453 0.321415 0.241309 0.325079 0.241309 0.325294 0.241453 0.326372 0.241453 0.329605 0.240016 0.331760 0.239441 0.333915 0.238148 0.335111 0.237095 0.335424 0.235562 0.335639 0.235418 0.335639 0.234987 0.335855 0.234844 0.335855 0.234413 0.336932 0.232545 0.336932 0.231539 0.337148 0.231395 0.337148 0.230246 0.337363 0.230102 0.337579 0.228522 0.336717 0.227947 0.336070 0.227085 0.335855 0.225936 0.334523 0.225554 0.335424 0.223637 0.335208 0.223493 0.335208 0.222775 0.334992 0.222631 0.334992 0.222056 0.334777 0.221913 0.334561 0.220907 0.334130 0.220332 0.332837 0.219470 0.330682 0.218464 0.328096 0.217602 0.325725 0.216166 0.322708 0.215303 0.319906 0.215303 0.319691 0.215160 0.315165 0.215016 0.314949 0.214872 0.313872 0.214872 0.313656 0.215016 0.306760 0.215160 0.304820 0.215734 0.302665 0.216884
0 0.328976 0.247938 0.328739 0.249476 0.329685 0.252215 0.332582 0.254718 0.336337 0.256019 0.346418 0.253713 0.346300 0.251841 0.345768 0.248904 0.344083 0.246992 0.342043 0.245061 0.339412 0.243662 0.337667 0.243681 0.335982 0.243878 0.334770 0.244391
2 0.429045 0.221375 0.431200 0.218612 0.434847 0.213638 0.437334 0.211096 0.441645 0.208665 0.445623 0.207228 0.455073 0.206676 0.461041 0.208223 0.466180 0.210765 0.471320 0.215407 0.474138 0.220601 0.476127 0.228780 0.482095 0.226680 0.489887 0.225575 0.499503 0.226790 0.512434 0.230880 0.522381 0.236074 0.524536 0.240385 0.525033 0.244032 0.526359 0.245137 0.525531 0.248453 0.522546 0.251326 0.514920 0.256300 0.512102 0.259394 0.514423 0.263594 0.513760 0.265584 0.510113 0.268899 0.504145 0.271883 0.489721 0.274094 0.477785 0.274094 0.469828 0.273652 0.462367 0.272767 0.457228 0.270889 0.455239 0.269231 0.451592 0.267462 0.449436 0.267020 0.446452 0.268347 0.439987 0.270778 0.430703 0.269783 0.420259 0.267794 0.412633 0.265031 0.404178 0.260057 0.399702 0.256631 0.398873 0.253758 0.398873 0.248784 0.397049 0.246021 0.394894 0.242042 0.393236 0.237843 0.393236 0.233864 0.395391 0.228006 0.399702 0.224469 0.406001 0.222149 0.410975 0.221043 0.417275 0.220380 0.423408 0.220159 0.426227 0.220159
1 0.396018 0.752898 0.407070 0.753144 0.421990 0.754617 0.433042 0.755845 0.431753 0.757810 0.432858 0.760021 0.436726 0.761740 0.440226 0.761249 0.442989 0.758670 0.444647 0.757687 0.450542 0.757687 0.461594 0.758056 0.482040 0.759038 0.496592 0.761003 0.486093 0.765670 0.460304 0.775494 0.438753 0.782739 0.408175 0.788633 0.394176 0.792809 0.395649 0.787405 0.392886 0.788633 0.385150 0.784949 0.376308 0.781143 0.372440 0.776967 0.371519 0.773406 0.372624 0.768248 0.375755 0.763582 0.379071 0.760389 0.383676 0.757565 0.388465 0.755354 0.391412 0.754126
2 0.435966 0.295380 0.436879 0.292336 0.437792 0.289049 0.439984 0.285761 0.442906 0.282108 0.446376 0.279186 0.450212 0.275533 0.454595 0.273585 0.460988 0.273585 0.465188 0.274925 0.467928 0.275290 0.474503 0.278334 0.477791 0.283691 0.478704 0.289171 0.478156 0.296720 0.481444 0.298424 0.486558 0.300129 0.498429 0.306826 0.504274 0.314253 0.505187 0.320098 0.503909 0.322533 0.496055 0.330691 0.495690 0.334953 0.493133 0.340310 0.489115 0.344207 0.480348 0.347129 0.469572 0.347372 0.461718 0.345668 0.454778 0.343720 0.452038 0.339580 0.447290 0.344207 0.438888 0.345546 0.436514 0.345668 0.431765 0.343720 0.429756 0.342745 0.425555 0.342258 0.422816 0.341041 0.417884 0.340919 0.414231 0.341406 0.412770 0.340676 0.412405 0.339458 0.404751 0.336818 0.398434 0.333928 0.394842 0.331698 0.392365 0.328891 0.391622 0.326001 0.392365 0.323524 0.393480 0.322285 0.391250 0.319808 0.388030 0.315927 0.385924 0.312872 0.384686 0.308743 0.383447 0.304532 0.383640 0.301724 0.386606 0.297682 0.391088 0.294035 0.398338 0.290784 0.404467 0.289114 0.418376 0.288099 0.424817 0.289008 0.431010 0.291072
0 0.335156 0.276342 0.336883 0.275553 0.341420 0.274830 0.345710 0.275915 0.348028 0.278381 0.349656 0.281800 0.349508 0.285877 0.348324 0.287093 0.346401 0.287948 0.341272 0.288671 0.338559 0.288507 0.335748 0.287356 0.333381 0.285351 0.331901 0.283115 0.331211 0.281142 0.331211 0.279531 0.331754 0.278249 0.332888 0.277296
2 0.375669 0.242494 0.375855 0.240265 0.379942 0.237044 0.389417 0.233576 0.392762 0.233824 0.394805 0.241255 0.399450 0.248687 0.399450 0.254756 0.399636 0.257233 0.413199 0.265656 0.421373 0.268629 0.413384 0.274574 0.413384 0.278042 0.411155 0.278414 0.406139 0.278661 0.402051 0.280395 0.394805 0.282501 0.393319 0.283492 0.391275 0.283616 0.387374 0.282501 0.384587 0.282625 0.376412 0.281262 0.377898 0.285226 0.376598 0.287703 0.372882 0.290552 0.367866 0.290552 0.363035 0.290056 0.356347 0.288942 0.349472 0.286465 0.349844 0.280519 0.345571 0.275441 0.341298 0.274202 0.338696 0.270363 0.338511 0.265037 0.338882 0.260825 0.339625 0.258720 0.346314 0.253641 0.345757 0.248315 0.341112 0.243609 0.339068 0.243113 0.338511 0.241627 0.338696 0.239026 0.340369 0.234567 0.342784 0.230975 0.344828 0.228002 0.347243 0.227507 0.351888 0.226392 0.357090 0.231099 0.363407 0.240017
1 0.440047 0.584117 0.445925 0.565308 0.456113 0.545193 0.467868 0.527691 0.477273 0.518286 0.484718 0.512017 0.497649 0.505486 0.514890 0.501567 0.526646 0.502874 0.525470 0.506792 0.539185 0.508882 0.551724 0.511755 0.574843 0.523772 0.595219 0.544671 0.601881 0.560345 0.612069 0.585946 0.610893 0.603448 0.605408 0.627482 0.596395 0.651254 0.585423 0.667189 0.572100 0.678422 0.575235 0.670063 0.576803 0.658307 0.573668 0.641327 0.568182 0.625653 0.570925 0.614681 0.570141 0.600313 0.562304 0.587774 0.548981 0.577325 0.543495 0.574190 0.541144 0.568443 0.530564 0.563741 0.514890 0.562957 0.490596 0.567137 0.482759 0.569488 0.472179 0.569227 0.463950 0.569749 0.453370 0.574451 0.445925 0.580460 0.443966 0.581766
1 0.541273 0.715199 0.575603 0.716217 0.600397 0.717997 0.612794 0.716979 0.641593 0.718124 0.647315 0.719268 0.647315 0.721811 0.629577 0.728169 0.618325 0.729313 0.615273 0.731220 0.582087 0.727279 0.543752 0.724354 0.538984 0.723973 0.538793 0.722193 0.539365 0.715835
1 0.423533 0.636052 0.423533 0.623895 0.428506 0.604830 0.441354 0.589909 0.463321 0.577199 0.487774 0.569463 0.518858 0.565042 0.538752 0.567252 0.541653 0.573055 0.563205 0.587975 0.571494 0.600685 0.570665 0.620579 0.567764 0.633842 0.552429 0.670590 0.539581 0.719220 0.536265 0.733035 0.505181 0.721430 0.481971 0.712588 0.468294 0.702365 0.455860 0.685787 0.431407 0.647381
0 0.560842 0.340186 0.554377 0.344275 0.553382 0.342617 0.553548 0.340959 0.557858 0.338970 0.559184 0.338859
0 0.561008 0.349580 0.561837 0.352675 0.557692 0.355327 0.551061 0.356432 0.549901 0.355548 0.549735 0.353780 0.549735 0.351790 0.550398 0.350133 0.554377 0.349580 0.559184 0.349138
0 0.538130 0.356101 0.539954 0.357427 0.540119 0.359748 0.539125 0.361737 0.531996 0.364611 0.526691 0.363948 0.524204 0.361848 0.524204 0.359859 0.525033 0.358753 0.528680 0.355659 0.530338 0.355438 0.533488 0.355438 0.536638 0.355327
0 0.514257 0.376768 0.518568 0.378868 0.518733 0.381521 0.518568 0.383731 0.516910 0.385721 0.514589 0.387599 0.510610 0.388263 0.507129 0.387599 0.502487 0.383068 0.504642 0.377984 0.508455 0.376879