1 0.767672 0.685345 0.766379 0.681466 0.764009 0.678736 0.756466 0.673563 0.748707 0.669828 0.734267 0.665517 0.716379 0.661494 0.685991 0.659770 0.663578 0.659770 0.651293 0.660489 0.626940 0.663506 0.623060 0.664799 0.612069 0.666092 0.603448 0.667960 0.583836 0.673420 0.567026 0.676868 0.560129 0.680172 0.554310 0.681034 0.547845 0.683908 0.537069 0.687213 0.533190 0.687069 0.523276 0.691236 0.513362 0.692816 0.512284 0.694109 0.513578 0.697414 0.512284 0.701149 0.509914 0.703017 0.505819 0.704167 0.501724 0.703879 0.498060 0.704885 0.493319 0.704741 0.490302 0.705747 0.485991 0.705603 0.480819 0.707184 0.478233 0.709483 0.477155 0.713075 0.482328 0.718678 0.486422 0.717960 0.489655 0.718534 0.524353 0.719253 0.552802 0.721552 0.568319 0.723563 0.572414 0.723276 0.575862 0.724138 0.579741 0.723276 0.592241 0.723420 0.595043 0.722701 0.607543 0.723132 0.642457 0.721408 0.646552 0.719828 0.654095 0.719397 0.657543 0.718391 0.670259 0.717960 0.673707 0.716667 0.677802 0.716954 0.681034 0.715661 0.685560 0.715661 0.689655 0.714511 0.696983 0.713793 0.712716 0.709770 0.717672 0.709483 0.720690 0.708190 0.742457 0.705029 0.751940 0.702155 0.756250 0.702443 0.759698 0.701006 0.760776 0.697126 0.763578 0.694684 0.766595 0.689368
1 0.538639 0.495177 0.531096 0.491687 0.528633 0.490558 0.525554 0.491585 0.522629 0.492611 0.517457 0.499713 0.513239 0.499692 0.505819 0.503879 0.495690 0.509031 0.491225 0.510776 0.489686 0.513649 0.489009 0.516092 0.482328 0.526437 0.476509 0.540805 0.467888 0.575575 0.458405 0.603879 0.448276 0.646552 0.444828 0.653879 0.437069 0.662787 0.432974 0.670546 0.427586 0.676868 0.425862 0.681178 0.427802 0.683190 0.433405 0.685489 0.451724 0.686782 0.459698 0.689368 0.463362 0.689368 0.466379 0.688075 0.474569 0.689224 0.475647 0.691379 0.482328 0.692816 0.486422 0.692529 0.489009 0.694397 0.493750 0.695833 0.500431 0.694684 0.503448 0.681466 0.508405 0.673276 0.528879 0.654310 0.537931 0.648276 0.556034 0.629598 0.562500 0.625144 0.565948 0.620259 0.572198 0.614368 0.579957 0.603736 0.582112 0.596695 0.582543 0.583333 0.579957 0.569971 0.560776 0.524425 0.552586 0.509339 0.545690 0.501580
1 0.222198 0.572270 0.219181 0.575862 0.216379 0.583621 0.216810 0.591236 0.219181 0.599138 0.228448 0.612213 0.244181 0.623994 0.257543 0.630891 0.275431 0.638649 0.294181 0.644971 0.296552 0.646408 0.320905 0.654310 0.328233 0.655891 0.384483 0.675431 0.408621 0.681609 0.419612 0.683333 0.423707 0.683477 0.424569 0.682902 0.427155 0.673851 0.443319 0.652443 0.445259 0.646839 0.447198 0.644828 0.449138 0.634626 0.451078 0.632902 0.457112 0.607328 0.456466 0.603879 0.443103 0.595402 0.403664 0.575862 0.385129 0.568391 0.365086 0.561782 0.338362 0.556322 0.313147 0.554454 0.298491 0.554310 0.282974 0.555460 0.275216 0.556609 0.259914 0.560489 0.250862 0.564368 0.250431 0.565948 0.248276 0.566954 0.243966 0.566954 0.240302 0.565517 0.235991 0.565230 0.228448 0.568103
0 0.411946 0.471059 0.414101 0.469930 0.414409 0.467878 0.413793 0.464594 0.411330 0.461412 0.407328 0.458231 0.402709 0.457512 0.397937 0.457512 0.395166 0.458333 0.392241 0.460181 0.390394 0.461720 0.386392 0.463978 0.386238 0.467262 0.388239 0.468596 0.389624 0.470649 0.392241 0.473009 0.398091 0.475267 0.402709 0.475267 0.406866 0.474343
0 0.499230 0.491482 0.496305 0.492508 0.490764 0.493945 0.484760 0.493740 0.481989 0.491379 0.480142 0.486864 0.478756 0.484811 0.478602 0.483477 0.479372 0.480911 0.480450 0.478551 0.485837 0.478140 0.488147 0.477422 0.490302 0.477422 0.491533 0.477627 0.494304 0.478140 0.495844 0.479372 0.498615 0.481835 0.500924 0.483888 0.500924 0.486145 0.501385 0.487685
0 0.386899 0.431944 0.384950 0.433625 0.380938 0.434160 0.379333 0.434160 0.374060 0.431715 0.362711 0.427282 0.364545 0.424607 0.367984 0.421321 0.369360 0.420098 0.371997 0.419716 0.374175 0.419716 0.377499 0.419869 0.381855 0.421321 0.386555 0.424301 0.388160 0.427435
0 0.321195 0.420828 0.319531 0.419446 0.318966 0.418033 0.318966 0.416902 0.319601 0.415159 0.321368 0.413934 0.322216 0.413275 0.323982 0.413228 0.325749 0.413228 0.327516 0.413228 0.328717 0.413228 0.330695 0.413510 0.332674 0.413934 0.333592 0.414453 0.334723 0.415489 0.335712 0.416337 0.336066 0.417562 0.336348 0.418551 0.335924 0.419964 0.335430 0.420765 0.334723 0.421754 0.333239 0.422838 0.331402 0.423356 0.330201 0.423356 0.328646 0.423309 0.327162 0.423168 0.326032 0.422979 0.324465 0.422612 0.323350 0.422017 0.321651 0.421519
0 0.324881 0.410501 0.323834 0.411199 0.321740 0.411635 0.320257 0.411635 0.317552 0.411490 0.316592 0.411024 0.314673 0.410181 0.314280 0.409105 0.313713 0.406952 0.313538 0.405120 0.313538 0.403986 0.315065 0.403200 0.317334 0.403200 0.319602 0.403404 0.320301 0.402822 0.321086 0.401426 0.321740 0.400786 0.322962 0.400932 0.325187 0.401921 0.326932 0.402648 0.328066 0.403782 0.328851 0.405120 0.328982 0.405964 0.328590 0.406894 0.327281 0.408145 0.326103 0.409308 0.325318 0.410152
0 0.208272 0.131484 0.206287 0.127325 0.203309 0.126475 0.199765 0.126475 0.194377 0.126758 0.191399 0.128554 0.191825 0.130539 0.193526 0.132997 0.198205 0.134226 0.204018 0.134131 0.206145 0.133942
0 0.191116 0.123261 0.187004 0.122788 0.183459 0.120614 0.182750 0.118156 0.183743 0.116266 0.187713 0.115321 0.190690 0.115415 0.195227 0.117117 0.195369 0.117778
0 0.248033 0.131604 0.245566 0.132426 0.243814 0.132989 0.242450 0.132989 0.238296 0.132729 0.235894 0.131691 0.234790 0.130912 0.233557 0.129743 0.232648 0.128445 0.232324 0.127666 0.232324 0.126368 0.232324 0.125415 0.232713 0.124031 0.233232 0.122646 0.234790 0.121391 0.236673 0.120958 0.238296 0.120915 0.240113 0.120915 0.241801 0.121477 0.245177 0.122905 0.247773 0.124896 0.250045 0.127103
0 0.284191 0.152031 0.281724 0.152463 0.279127 0.151771 0.277050 0.150905 0.275427 0.150170 0.274259 0.149131 0.273350 0.148222 0.273155 0.146794 0.273090 0.145236 0.273415 0.143678 0.274453 0.142163 0.275492 0.140692 0.276855 0.139091 0.279257 0.137879 0.281140 0.137273 0.283931 0.137014 0.285684 0.138095 0.288994 0.140129 0.291331 0.142077 0.291331 0.143202 0.291526 0.145972 0.291137 0.147919 0.290228 0.148568 0.289449 0.149088
0 0.295369 0.170369 0.293988 0.172303 0.290810 0.173685 0.288600 0.175895 0.284317 0.176724 0.281830 0.176724 0.279482 0.176172 0.277133 0.175343 0.274094 0.173593 0.271745 0.171014 0.269397 0.166961 0.269258 0.165027 0.269811 0.163093 0.272574 0.161712 0.277962 0.158949 0.280449 0.158672
0 0.363616 0.171106 0.359057 0.173408 0.359057 0.175158 0.358781 0.176264 0.356018 0.177461 0.353393 0.178106 0.347867 0.178750 0.346347 0.178750 0.343861 0.178750 0.342479 0.177645 0.341374 0.175987 0.340269 0.174974 0.338196 0.172672 0.336677 0.171014 0.335710 0.168803 0.334328 0.167606 0.332947 0.165764 0.331979 0.160330 0.331427 0.158396 0.334881 0.155909 0.338196 0.154804 0.340545 0.154344 0.344689 0.154344 0.348420 0.154159 0.351183 0.154159 0.354360 0.154528 0.356156 0.154896 0.357538 0.155817 0.359334 0.157291 0.361958 0.159870 0.365412 0.163001 0.366656 0.165027 0.366656 0.165856
0 0.326453 0.218446 0.321894 0.219735 0.318164 0.219183 0.314020 0.217341 0.310290 0.214394 0.307388 0.210433 0.306145 0.208407 0.305869 0.205183 0.305454 0.202881 0.305454 0.201407 0.306421 0.199197 0.307527 0.197631 0.310566 0.195421 0.312500 0.194408 0.318302 0.192105 0.322032 0.192105 0.325901 0.192934 0.329631 0.194223 0.334742 0.196710 0.340269 0.199381 0.342065 0.201131 0.345104 0.205736 0.345933 0.209604 0.345242 0.212644 0.342065 0.215591 0.339992 0.216880 0.333499 0.217341
2 0.350000 0.236494 0.344181 0.236925 0.342672 0.236638 0.341595 0.235776 0.339440 0.241954 0.338147 0.252443 0.338578 0.264511 0.337931 0.265805 0.333836 0.265661 0.330388 0.264799 0.326078 0.264799 0.317672 0.267529 0.306897 0.275718 0.302586 0.283046 0.301078 0.286782 0.301078 0.289799 0.302155 0.294828 0.304310 0.297270 0.305603 0.300000 0.309914 0.303448 0.312716 0.304598 0.314440 0.306466 0.317888 0.308190 0.321983 0.313218 0.325862 0.314511 0.339224 0.314943 0.346767 0.314368 0.352155 0.312500 0.357543 0.311207 0.359267 0.309483 0.364655 0.305747 0.368534 0.303879 0.373060 0.304454 0.377371 0.303017 0.382543 0.298276 0.385345 0.293391 0.386638 0.288937 0.388578 0.284914 0.388793 0.278592 0.387500 0.271408 0.386207 0.267960 0.385991 0.263506 0.384483 0.261063 0.375000 0.252730 0.372845 0.247989 0.371767 0.246983 0.368966 0.245546 0.365302 0.245259 0.362931 0.242816 0.355388 0.237644
2 0.511853 0.316810 0.516107 0.321537 0.525749 0.323616 0.539644 0.324940 0.546166 0.323238 0.557225 0.321915 0.569986 0.318134 0.577359 0.314731 0.577359 0.309248 0.582180 0.308114 0.584449 0.305278 0.588702 0.300741 0.591255 0.296582 0.594090 0.290721 0.589270 0.284483 0.585583 0.280891 0.574524 0.274085 0.566867 0.272005 0.558643 0.270682 0.553823 0.270682 0.544748 0.271060 0.543047 0.271060 0.541629 0.264822 0.536241 0.258205 0.531987 0.253668 0.523196 0.250832 0.515824 0.250832 0.506749 0.250832 0.504197 0.251966 0.498242 0.254424 0.494839 0.256881 0.491152 0.260095 0.487750 0.264065 0.484914 0.267090 0.479242 0.266334 0.473854 0.267468 0.455989 0.271438 0.445213 0.273140 0.441527 0.276165 0.438407 0.281647 0.436990 0.284861 0.436422 0.288075 0.436139 0.289965 0.443795 0.289776 0.449750 0.289776 0.455138 0.289965 0.459676 0.290721 0.466481 0.299040 0.468750 0.297527 0.469317 0.293746 0.472153 0.290532 0.475272 0.287508 0.482078 0.284672 0.486332 0.284672 0.490302 0.284861 0.494839 0.288453 0.500510 0.292990 0.504197 0.299040 0.503346 0.308870
2 0.435219 0.268511 0.443380 0.270603 0.446727 0.272696 0.455725 0.271301 0.469953 0.268650 0.476858 0.266418 0.479997 0.263768 0.484809 0.260420 0.487320 0.256654 0.488157 0.252748 0.488785 0.250516 0.491923 0.247726 0.497364 0.242704 0.498619 0.241170 0.497364 0.238799 0.499037 0.236985 0.499874 0.234614 0.499037 0.229732 0.495899 0.225686 0.492970 0.222617 0.487739 0.220107 0.477486 0.218014 0.475184 0.216759 0.474556 0.209226 0.471627 0.203228 0.466815 0.199880 0.460119 0.197369 0.454260 0.196672 0.449448 0.197090 0.446518 0.198346 0.443798 0.199741 0.440869 0.201275 0.438986 0.202112 0.436684 0.204204 0.434592 0.205599 0.431662 0.207971 0.429988 0.210203 0.427896 0.213132 0.426850 0.214666 0.422456 0.211318 0.419736 0.210900 0.414923 0.210203 0.410110 0.209784 0.406135 0.209784 0.399230 0.210063 0.392325 0.211458 0.386676 0.212574 0.382072 0.214945 0.379771 0.216480 0.377469 0.217735 0.374121 0.219967 0.372866 0.221362 0.370355 0.223594 0.368890 0.225686 0.368890 0.228058 0.369099 0.230429 0.370146 0.231964 0.370773 0.233777 0.371610 0.236148 0.372657 0.238380 0.372447 0.244657 0.371820 0.246471 0.371820 0.250098 0.374330 0.252748 0.378515 0.257072 0.385420 0.260978 0.392534 0.263489 0.406344 0.267116 0.409692 0.267674 0.414295 0.267674 0.421409 0.266139 0.429779 0.264326 0.433336 0.263210 0.434382 0.263907
2 0.504059 0.297804 0.501758 0.307290 0.499665 0.312312 0.498619 0.314823 0.499874 0.318449 0.502176 0.320263 0.502804 0.323332 0.503432 0.326958 0.503432 0.330864 0.503013 0.334352 0.501130 0.337978 0.499456 0.339792 0.499456 0.342303 0.499665 0.343977 0.499874 0.346627 0.499874 0.347743 0.497991 0.349696 0.497573 0.350951 0.496945 0.352486 0.495480 0.354160 0.493806 0.356950 0.493597 0.358902 0.491923 0.360018 0.490459 0.361274 0.488575 0.363087 0.487320 0.365180 0.486902 0.366156 0.483972 0.367970 0.482508 0.368388 0.478950 0.369364 0.474975 0.369643 0.473092 0.369783 0.471418 0.369643 0.469953 0.368946 0.466815 0.366714 0.463676 0.364064 0.461374 0.361971 0.461165 0.358763 0.461165 0.357787 0.461165 0.356950 0.462420 0.353881 0.462630 0.350812 0.462630 0.349138 0.460956 0.350672 0.455097 0.353462 0.447774 0.354299 0.439823 0.355415 0.434592 0.355136 0.428105 0.352904 0.425176 0.351509 0.420782 0.347604 0.415132 0.343279 0.433336 0.346069 0.437939 0.346488 0.433127 0.342303 0.428314 0.338955 0.425176 0.336165 0.422246 0.333375 0.421619 0.330585 0.422874 0.327516 0.421619 0.321518 0.421409 0.317333 0.422037 0.313846 0.422246 0.308685 0.422874 0.303803 0.424548 0.298502 0.428942 0.294736 0.433545 0.291248 0.436893 0.289435 0.439823 0.289435 0.449866 0.289574 0.456771 0.289714 0.460537 0.291248 0.462420 0.292783 0.467442 0.298362 0.468488 0.299757 0.470372 0.294596 0.470372 0.292643 0.472882 0.289574 0.477486 0.286505 0.482089 0.284692 0.484809 0.284553 0.489622 0.284692 0.492342 0.285250 0.494434 0.287203 0.499665 0.291109 0.504268 0.296409
2 0.421828 0.326958 0.414714 0.329748 0.411366 0.325285 0.406553 0.321239 0.402369 0.318449 0.397347 0.316217 0.392534 0.314544 0.386885 0.313846 0.381026 0.313846 0.374330 0.315381 0.371192 0.317194 0.368262 0.319565 0.366589 0.321658 0.365124 0.323611 0.364078 0.325564 0.363450 0.326819 0.362404 0.329330 0.362822 0.334352 0.362822 0.335747 0.362822 0.338815 0.364287 0.342442 0.364287 0.343419 0.358637 0.342582 0.356336 0.342442 0.354871 0.344116 0.352151 0.343279 0.349431 0.342442 0.348385 0.342442 0.345037 0.343000 0.337923 0.345790 0.332064 0.348022 0.326833 0.350951 0.323485 0.353881 0.321602 0.356810 0.319091 0.360018 0.317836 0.363087 0.316789 0.366156 0.316789 0.368528 0.318463 0.371317 0.320137 0.373828 0.323694 0.375781 0.328716 0.379268 0.338132 0.382337 0.340015 0.383314 0.342317 0.390288 0.345874 0.393636 0.350059 0.394613 0.356127 0.395031 0.363450 0.395450 0.367007 0.394613 0.372447 0.394055 0.378724 0.393776 0.386676 0.392381 0.393790 0.391265 0.397975 0.389312 0.403206 0.385406 0.405926 0.382616 0.409483 0.381500 0.412621 0.381221 0.413668 0.383453 0.419736 0.383174 0.428105 0.382616 0.436475 0.380803 0.442752 0.377455 0.448611 0.375084 0.451958 0.371596 0.454888 0.369504 0.460328 0.365598 0.462211 0.364482 0.456143 0.352765 0.446518 0.354439 0.435219 0.355136 0.431453 0.354299 0.428942 0.353881 0.423920 0.351091 0.420363 0.346906 0.416178 0.343698 0.437312 0.345651 0.431871 0.340768 0.424967 0.335189 0.422246 0.333515 0.422246 0.331143
2 0.515777 0.360995 0.519961 0.349138 0.525820 0.343140 0.532097 0.340350 0.539421 0.338676 0.542350 0.338676 0.549464 0.340768 0.555532 0.347882 0.558671 0.355834 0.558880 0.356950 0.565157 0.358484 0.569551 0.361553 0.572690 0.365319 0.574782 0.369364 0.574155 0.374247 0.573527 0.377734 0.570598 0.381779 0.568714 0.384430 0.568714 0.387778 0.568296 0.390149 0.567459 0.391962 0.565785 0.395450 0.564320 0.397961 0.562437 0.400611 0.560973 0.402982 0.559089 0.405075 0.556369 0.406749 0.553231 0.408004 0.549255 0.409399 0.545070 0.409957 0.543187 0.409957 0.537119 0.407725 0.527494 0.405214 0.524565 0.407725 0.520171 0.409120 0.516404 0.411212 0.514312 0.411212 0.505942 0.411212 0.499665 0.411212 0.495480 0.410794 0.494643 0.409957 0.490249 0.406051 0.483763 0.402982 0.474347 0.397821 0.470162 0.394752 0.466396 0.391265 0.462630 0.382477 0.462839 0.377176 0.464722 0.373549 0.466187 0.371596 0.468070 0.369085 0.476230 0.369643 0.479578 0.369643 0.481880 0.367551 0.486065 0.365040 0.488157 0.363366 0.491714 0.360716 0.495062 0.357508 0.497364 0.356113 0.502176 0.356113 0.507198 0.356113 0.510964 0.356671