0 0.743212 0.135487 0.746838 0.132533 0.750866 0.132399 0.755096 0.132936 0.756103 0.133607 0.756506 0.136830 0.752276 0.139113 0.747643 0.141798 0.745629 0.141395
0 0.726092 0.135084 0.728106 0.131727 0.733141 0.129042 0.736565 0.129042 0.742205 0.130519 0.743414 0.131996 0.742205 0.135219 0.737371 0.138978 0.734551 0.141933 0.730724 0.141261 0.729919 0.139247
1 0.505603 0.592385 0.498276 0.590517 0.490733 0.591954 0.486207 0.591954 0.483190 0.588075 0.481034 0.578879 0.478664 0.577299 0.431466 0.576006 0.415733 0.576868 0.384698 0.582902 0.364655 0.589080 0.357759 0.592529 0.337284 0.599282 0.314440 0.611207 0.290302 0.627011 0.274569 0.641236 0.270259 0.646408 0.261207 0.661494 0.256681 0.677586 0.256466 0.685632 0.259698 0.695690 0.263147 0.697126 0.260345 0.700287 0.259698 0.705029 0.263578 0.706609 0.275862 0.706897 0.298707 0.702155 0.302586 0.702011 0.318103 0.698132 0.353233 0.693247 0.361207 0.690805 0.371983 0.689511 0.402802 0.681609 0.406466 0.679598 0.414009 0.677586 0.439224 0.668391 0.446552 0.663937 0.451078 0.662356 0.454310 0.659052 0.465517 0.652586 0.471336 0.647414 0.474569 0.646264 0.476509 0.643391 0.486207 0.635057 0.487716 0.632184 0.490086 0.630891 0.492026 0.626149 0.499569 0.616523 0.506034 0.603592 0.506681 0.594828
1 0.435345 0.485489 0.433621 0.487069 0.432112 0.489943 0.432543 0.493966 0.435345 0.497557 0.439009 0.500000 0.444828 0.505316 0.450000 0.512213 0.460991 0.531178 0.464440 0.538506 0.468966 0.551293 0.473707 0.556609 0.476293 0.562213 0.480388 0.567241 0.485129 0.576580 0.486207 0.580891 0.490086 0.584195 0.493750 0.582184 0.501509 0.580747 0.505388 0.579167 0.512716 0.578736 0.520905 0.577011 0.529526 0.576724 0.540086 0.575000 0.545043 0.575287 0.552371 0.574282 0.559914 0.572270 0.563362 0.568247 0.564224 0.565086 0.562716 0.557759 0.558836 0.550862 0.553664 0.536638 0.546767 0.521552 0.542672 0.514943 0.532974 0.502155 0.525431 0.495833 0.518750 0.491667 0.513578 0.487356 0.508621 0.484914 0.501940 0.483621 0.498060 0.484339 0.494612 0.483908 0.489440 0.484339 0.486207 0.483621 0.470690 0.482184 0.458405 0.482615 0.451724 0.481753 0.446121 0.481897 0.439655 0.483190
1 0.732328 0.436782 0.727802 0.436207 0.720690 0.437500 0.709267 0.435201 0.701078 0.434626 0.688578 0.434914 0.673276 0.436638 0.654310 0.440948 0.630603 0.449138 0.622845 0.453448 0.615086 0.456466 0.606681 0.461925 0.599569 0.464368 0.576078 0.477730 0.567888 0.481178 0.549784 0.492098 0.545259 0.492960 0.535129 0.500000 0.533621 0.502155 0.545043 0.517241 0.562284 0.555891 0.564655 0.564368 0.564009 0.569109 0.561853 0.572270 0.562716 0.572845 0.568534 0.573276 0.590948 0.567241 0.595690 0.564511 0.603233 0.562931 0.627155 0.555029 0.638578 0.552299 0.642672 0.550000 0.655819 0.546121 0.669828 0.539655 0.673276 0.536638 0.685345 0.529310 0.689224 0.525144 0.693319 0.523132 0.696121 0.519540 0.701940 0.515517 0.713793 0.502299 0.724569 0.487500 0.731681 0.474282 0.734698 0.466810 0.737500 0.452299 0.736207 0.440805
1 0.704095 0.517529 0.701078 0.516236 0.693319 0.523707 0.687500 0.528305 0.671336 0.538793 0.662500 0.543391 0.646983 0.549856 0.638578 0.552730 0.634914 0.553305 0.611207 0.560345 0.590948 0.567529 0.587284 0.568103 0.574138 0.572270 0.568534 0.573420 0.562069 0.573994 0.556250 0.576006 0.548060 0.576868 0.536638 0.577155 0.530819 0.578161 0.525216 0.580747 0.521552 0.581466 0.516595 0.585345 0.515302 0.587500 0.515517 0.591667 0.520043 0.593103 0.529095 0.594828 0.534267 0.596552 0.543750 0.597270 0.552802 0.598851 0.573276 0.597845 0.588147 0.595977 0.604957 0.592816 0.607759 0.591523 0.615086 0.589943 0.623707 0.585201 0.637069 0.579885 0.650647 0.572126 0.672414 0.558046 0.673491 0.556609 0.685560 0.548563 0.693966 0.540948 0.702802 0.529454 0.704957 0.525287 0.704957 0.519253
0 0.704540 0.167177 0.715014 0.161000 0.718639 0.158986 0.720251 0.161000 0.723473 0.163417 0.724480 0.166103 0.722265 0.168117 0.717632 0.172280 0.710985 0.173219 0.707360 0.172011
0 0.684472 0.191228 0.684063 0.188591 0.684472 0.187227 0.686245 0.185318 0.688973 0.183408 0.693338 0.181407 0.696339 0.180407 0.699476 0.180316 0.702341 0.180316 0.705751 0.181407 0.707797 0.182589 0.708752 0.184499 0.710934 0.186863 0.709979 0.189046 0.708888 0.190774 0.706024 0.194229 0.702477 0.195502 0.697430 0.196775 0.692383 0.197321 0.689655 0.196048
0 0.616159 0.208051 0.612256 0.205901 0.612595 0.202394 0.613444 0.200471 0.615480 0.197869 0.619213 0.195945 0.621080 0.195153 0.626341 0.194701 0.628716 0.194248 0.632959 0.195380 0.636013 0.196964 0.638559 0.198095 0.638898 0.200244 0.637541 0.203638 0.637032 0.205335 0.634826 0.207598 0.633977 0.209521 0.632789 0.210992 0.627359 0.210992 0.625832 0.209974 0.623286 0.208503 0.619722 0.208277
0 0.660789 0.202168 0.666220 0.202168 0.672838 0.202281 0.676062 0.204430 0.677929 0.204996 0.678268 0.207598 0.679796 0.211105 0.679456 0.212802 0.678268 0.214612 0.676571 0.217780 0.672668 0.219816 0.668086 0.221287 0.664693 0.221513 0.659602 0.221061 0.652135 0.220382 0.648401 0.219590 0.648401 0.216535 0.648062 0.212915 0.648062 0.211105 0.650777 0.208616 0.655529 0.205788
2 0.601898 0.245639 0.598873 0.249924 0.598873 0.255470 0.600197 0.258873 0.604545 0.265679 0.610783 0.272232 0.620614 0.275887 0.626096 0.276391 0.624773 0.274501 0.610972 0.261772 0.616455 0.263410 0.622505 0.263788 0.628554 0.263788 0.630445 0.262150 0.633469 0.262150 0.637629 0.261645 0.639708 0.261393 0.642355 0.260259 0.645380 0.258747 0.649539 0.256352 0.653698 0.252445 0.655399 0.249798 0.651996 0.249924 0.654832 0.246774 0.653131 0.246143 0.640842 0.251437 0.638007 0.250429 0.633280 0.250429 0.630256 0.250429 0.628932 0.249420 0.625529 0.241858 0.627420 0.239338 0.629310 0.236565 0.625529 0.235431 0.624773 0.229381 0.624962 0.223457 0.623639 0.211862 0.624773 0.208459 0.618345 0.208964 0.611351 0.210728 0.609271 0.214005 0.606057 0.216778 0.603978 0.220180 0.603221 0.224340 0.602843 0.229885 0.602276 0.223961 0.599819 0.218290 0.599819 0.215265 0.600575 0.210098 0.600008 0.204930 0.598306 0.204930 0.596605 0.207703 0.590744 0.211484 0.588854 0.216904 0.587719 0.224088 0.590366 0.229381 0.595281 0.236565 0.599819 0.239842
2 0.585073 0.267443 0.581481 0.270972 0.582426 0.272106 0.583938 0.272610 0.588854 0.272358 0.592635 0.270720 0.598873 0.267065 0.604734 0.265553 0.602654 0.267569 0.597550 0.272106 0.595092 0.274123 0.591122 0.275383 0.583371 0.276013 0.580535 0.277274 0.577132 0.279416 0.572973 0.280046 0.567302 0.279416 0.559362 0.278786 0.556526 0.276643 0.552367 0.274501 0.550855 0.271224 0.551800 0.268073 0.552367 0.265174 0.550665 0.262024 0.549720 0.258117 0.549720 0.253831 0.547830 0.251563 0.546884 0.249798 0.543482 0.246521 0.540268 0.242236 0.538755 0.239464 0.538188 0.236943 0.538188 0.234044 0.539322 0.231271 0.541402 0.228499 0.544427 0.225726 0.546317 0.224466 0.550855 0.222071 0.554068 0.220937 0.555581 0.223331 0.555959 0.235304 0.556337 0.243119 0.559929 0.237069 0.562198 0.236061 0.564277 0.237195 0.566924 0.234800 0.569381 0.234674 0.574108 0.236313 0.577511 0.238707 0.584884 0.242614 0.586585 0.247908 0.587908 0.249924
0 0.521297 0.299089 0.520532 0.297388 0.521297 0.294328 0.522699 0.292202 0.525377 0.291692 0.529076 0.291692 0.532009 0.291862 0.532136 0.292882 0.529968 0.295178 0.528055 0.297558 0.526270 0.299684 0.524867 0.300704
0 0.593093 0.299599 0.593731 0.295773 0.599214 0.292712 0.603295 0.292797 0.607249 0.294668 0.609289 0.297133 0.608014 0.298834 0.605591 0.301214 0.600872 0.302914 0.597302 0.302914 0.594879 0.302149
0 0.781542 0.110148 0.781542 0.114102 0.785051 0.114491 0.788392 0.113266 0.790313 0.110315 0.789562 0.109145 0.787640 0.108755 0.783631 0.109090
0 0.784800 0.117777 0.786554 0.117554 0.787139 0.119169 0.786972 0.120450 0.782378 0.122566 0.776196 0.122511 0.776864 0.121842
0 0.546764 0.277200 0.547650 0.285073 0.550012 0.284286 0.551931 0.283499 0.553407 0.281334 0.553259 0.279858 0.553407 0.279070 0.552374 0.278185 0.549569 0.276512
0 0.633857 0.274248 0.632971 0.276413 0.633266 0.278578 0.635038 0.279365 0.637400 0.279169 0.638285 0.278480 0.640204 0.276413 0.640795 0.275035 0.641238 0.273067 0.639909 0.272969 0.637547 0.272969 0.635776 0.273559