0 0.107775 0.053248 0.114750 0.054176 0.115781 0.054913 0.114932 0.056359 0.112870 0.057860 0.111172 0.058816 0.109231 0.059934 0.105956 0.060071 0.102802 0.059525 0.100983 0.058215 0.100558 0.057151 0.101164 0.056086 0.101953 0.055950 0.103105 0.055049 0.105289 0.054203 0.106380 0.053684 0.107048 0.053493
0 0.157084 0.047653 0.161633 0.050136 0.165029 0.052975 0.168304 0.055704 0.165090 0.056769 0.163877 0.057314 0.161026 0.057615 0.158418 0.057888 0.155325 0.058406 0.154415 0.058652 0.151929 0.058379 0.150534 0.057806 0.148836 0.056905 0.147865 0.055813 0.146895 0.054749 0.145500 0.053029 0.143862 0.051801 0.143559 0.051064 0.143559 0.049836 0.144226 0.048881 0.145803 0.048008 0.148836 0.047817 0.152414 0.047762 0.155143 0.047680
0 0.176808 0.072321 0.197163 0.082672 0.194591 0.085549 0.192387 0.086772 0.190256 0.087037 0.184377 0.086376 0.179747 0.084921 0.172986 0.081614 0.170121 0.079101 0.169165 0.077546 0.169827 0.076323 0.171223 0.075661 0.172399 0.075496 0.173354 0.075099 0.174089 0.074339 0.174603 0.073479 0.176587 0.072652
0 0.255222 0.171175 0.254000 0.171775 0.251722 0.172625 0.250500 0.173700 0.250056 0.174725 0.250056 0.177700 0.247722 0.176925 0.245889 0.175775 0.245111 0.174725 0.244000 0.173250 0.243167 0.172175 0.243111 0.170950 0.243556 0.170175 0.244444 0.169825 0.247722 0.169800 0.250667 0.169775 0.252111 0.169850 0.253278 0.170175 0.254611 0.170850
0 0.254212 0.186475 0.261441 0.192188 0.260531 0.193186 0.258481 0.193366 0.256034 0.192956 0.254155 0.192239 0.250626 0.188986 0.249829 0.188166 0.251138 0.187116 0.253017 0.186501
0 0.241842 0.089550 0.247147 0.090766 0.254755 0.093153 0.259860 0.096396 0.263163 0.100360 0.262563 0.103559 0.257157 0.106081 0.253153 0.108874 0.249349 0.109775 0.243744 0.108784 0.239139 0.107973 0.234034 0.105901 0.230230 0.103964 0.226827 0.100090 0.226426 0.097748 0.227027 0.095901 0.228829 0.094640 0.231532 0.093423 0.234535 0.091937 0.236637 0.090766 0.239640 0.090090 0.240741 0.089820
0 0.323223 0.151622 0.326126 0.155541 0.327127 0.158739 0.327628 0.162703 0.327928 0.165045 0.326627 0.166667 0.324525 0.168874 0.321822 0.169099 0.318018 0.169550 0.314915 0.168919 0.311111 0.168333 0.309009 0.168919 0.307207 0.168964 0.301101 0.169144 0.298899 0.168468 0.294294 0.167207 0.289790 0.164054 0.286486 0.160450 0.285185 0.157297 0.285185 0.153649 0.285586 0.151802 0.287287 0.149640 0.289189 0.148333 0.290791 0.147658 0.293093 0.147072 0.294795 0.146937 0.297097 0.146577 0.300400 0.145721 0.304004 0.145090 0.306006 0.145000 0.309409 0.145405 0.315516 0.146802 0.320320 0.149099
0 0.340013 0.108635 0.346162 0.110210 0.352841 0.111498 0.356022 0.113645 0.357612 0.116412 0.357400 0.121708 0.356764 0.124380 0.353690 0.126336 0.351145 0.127052 0.347010 0.127719 0.344466 0.128197 0.341921 0.128435 0.339801 0.128531 0.338528 0.128531 0.336090 0.128531 0.334288 0.128340 0.329623 0.126622 0.327608 0.125191 0.325276 0.123664 0.324958 0.121756 0.324852 0.119466 0.325382 0.118177 0.326336 0.116937 0.327714 0.115697 0.328774 0.114265 0.329411 0.113597 0.331743 0.111784 0.332803 0.111307 0.333944 0.110875 0.334394 0.110782 0.336833 0.110350 0.337278 0.109750 0.338944 0.109275
0 0.285817 0.198377 0.290765 0.198237 0.294991 0.199026 0.300350 0.202041 0.301381 0.205473 0.299835 0.205937 0.287467 0.209230 0.283859 0.207839 0.281282 0.206865 0.279427 0.205148 0.278499 0.204174 0.278087 0.203618 0.277572 0.202041 0.278087 0.201299 0.279839 0.200278 0.281488 0.199675 0.284374 0.198840
0 0.326225 0.231989 0.329624 0.232476 0.334183 0.234423 0.336038 0.236787 0.336501 0.240682 0.322979 0.244471 0.317880 0.242803 0.313785 0.240125 0.311003 0.237587 0.311853 0.235327 0.312239 0.235188 0.313398 0.233971
0 0.424029 0.171659 0.429349 0.171437 0.440856 0.173719 0.449270 0.178508 0.453229 0.181793 0.454467 0.185189 0.454343 0.188196 0.453229 0.190312 0.447167 0.193151 0.439495 0.194822 0.432195 0.195323 0.424152 0.195379 0.412893 0.194710 0.408067 0.193541 0.406211 0.191871 0.404850 0.183686 0.404974 0.178229 0.405593 0.175780 0.407325 0.175278 0.410047 0.174388 0.413388 0.173163 0.417223 0.172105 0.420812 0.171882
1 0.782922 0.535301 0.766718 0.540972 0.718621 0.555208 0.701389 0.557870 0.672325 0.559722 0.644033 0.559722 0.628086 0.557523 0.609311 0.554282 0.595422 0.550000 0.589249 0.546296 0.582819 0.540509 0.582047 0.534954 0.587449 0.534144 0.590535 0.533912 0.595165 0.535417 0.599794 0.537731 0.604938 0.538194 0.607510 0.537963 0.610854 0.538079 0.616770 0.538426 0.620370 0.537731 0.623200 0.536227 0.623714 0.535417 0.622171 0.532292 0.615226 0.529861 0.614969 0.525694 0.612912 0.522106 0.625000 0.517361 0.635545 0.515394 0.640947 0.516088 0.662809 0.521412 0.696502 0.527778 0.723251 0.532176 0.753858 0.533796
1 0.597816 0.504487 0.615859 0.503632 0.644349 0.500855 0.667616 0.499359 0.735043 0.501068 0.815290 0.502350 0.853276 0.501496 0.886515 0.506410 0.926876 0.508974 0.999050 0.519017 0.998101 0.545085 0.992403 0.542094 0.977208 0.538889 0.959639 0.538889 0.929725 0.536325 0.903134 0.537393 0.860874 0.538034 0.819088 0.536111 0.788699 0.535684 0.780627 0.535470 0.719848 0.531624 0.670940 0.522436 0.645774 0.516667 0.629155 0.512179 0.612536 0.509188
1 0.427459 0.510350 0.420382 0.512739 0.413659 0.512261 0.377919 0.511306 0.364827 0.513057 0.361288 0.511624 0.378273 0.509873 0.398797 0.507325 0.427813 0.504618 0.452229 0.500478 0.495754 0.494745 0.510616 0.492357 0.564402 0.499204 0.568648 0.506847 0.556263 0.514172 0.553079 0.521019 0.555909 0.531688 0.524062 0.523885 0.511677 0.517038 0.477353 0.513376 0.447275 0.511465
1 0.871667 0.371250 0.862222 0.368500 0.849444 0.366250 0.836111 0.365500 0.822222 0.365750 0.795556 0.369000 0.767222 0.377750 0.755556 0.384750 0.738889 0.398500 0.711667 0.417500 0.678333 0.438000 0.630556 0.458250 0.607222 0.465250 0.589444 0.472250 0.584444 0.473250 0.575000 0.478000 0.575000 0.483000 0.583889 0.492000 0.592222 0.497750 0.592222 0.501250 0.594444 0.503500 0.607222 0.505000 0.611111 0.501250 0.615000 0.500000 0.616111 0.496500 0.621667 0.491250 0.627778 0.487750 0.633333 0.485500 0.638333 0.484750 0.651111 0.479750 0.657778 0.476000 0.661667 0.475500 0.666111 0.473250 0.679444 0.469250 0.691111 0.463250 0.701111 0.460500 0.713333 0.455250 0.725000 0.453000 0.756111 0.440750 0.791667 0.420000 0.802778 0.412000 0.809444 0.403750 0.818889 0.398750 0.822222 0.398000 0.829444 0.394500 0.838333 0.392500 0.841667 0.390750 0.845556 0.390750 0.863889 0.387250 0.868333 0.385750 0.878889 0.384250 0.881111 0.376500
1 0.358070 0.373175 0.385239 0.373905 0.415653 0.379927 0.421736 0.381934 0.433496 0.398723 0.456204 0.400547 0.492701 0.418796 0.517843 0.434672 0.524736 0.442153 0.559611 0.475182 0.565288 0.487226 0.566099 0.492153 0.562855 0.493796 0.530008 0.480839 0.467559 0.454745 0.444039 0.443796 0.428629 0.436314 0.411598 0.426642 0.403487 0.417518 0.397405 0.412591 0.393755 0.408942 0.390916 0.407482 0.377534 0.403467 0.373479 0.402372 0.365369 0.396533 0.362530 0.389234 0.357664 0.383212 0.355231 0.376277
1 0.442417 0.382299 0.455393 0.382847 0.472019 0.377920 0.479319 0.375912 0.489457 0.375730 0.502433 0.377007 0.530414 0.380109 0.550689 0.385584 0.570154 0.397810 0.599351 0.418248 0.624899 0.437226 0.632603 0.449818 0.635036 0.455839 0.583536 0.474088 0.573398 0.478650 0.517437 0.434489 0.491890 0.418066 0.457421 0.400547 0.446878 0.390876
2 0.475962 0.259255 0.485577 0.258894 0.494925 0.247115 0.499733 0.243149 0.505342 0.241226 0.514690 0.239183 0.518697 0.238702 0.536592 0.239784 0.548611 0.246514 0.555288 0.253486 0.555021 0.255769 0.564103 0.255409 0.580128 0.257933 0.591880 0.261779 0.598825 0.265625 0.602030 0.271034 0.602030 0.273438 0.597222 0.279447 0.591613 0.284255 0.590278 0.288101 0.585737 0.292428 0.573451 0.297837 0.552618 0.302163 0.544872 0.303005 0.537660 0.302163 0.532318 0.298438 0.525107 0.302163 0.516293 0.303486 0.508013 0.304808 0.486111 0.303365 0.470353 0.302885 0.451923 0.297236 0.448718 0.294351 0.448718 0.292308 0.441774 0.287861 0.438835 0.278846 0.443643 0.277764 0.449252 0.274760 0.447650 0.278846 0.450855 0.283293 0.453793 0.284014 0.458868 0.282212 0.465812 0.277404 0.474893 0.270433 0.477297 0.266466 0.478098 0.264062
2 0.425060 0.171763 0.418865 0.167626 0.412270 0.164119 0.405276 0.164658 0.399680 0.169335 0.396683 0.175899 0.394285 0.187590 0.386491 0.182824 0.382894 0.181655 0.362910 0.181655 0.357114 0.182284 0.352918 0.184083 0.348321 0.186871 0.345324 0.191727 0.346323 0.199281 0.353517 0.208004 0.353118 0.210162 0.349321 0.213759 0.351319 0.217986 0.353717 0.221043 0.346723 0.219424 0.348321 0.221133 0.349321 0.224011 0.351719 0.225899 0.359512 0.228417 0.363309 0.228507 0.371303 0.231475 0.378297 0.232194 0.380296 0.230935 0.389488 0.227428 0.395683 0.226169 0.405076 0.225719 0.416467 0.227698 0.429257 0.214838 0.433853 0.208633 0.434652 0.205306 0.432454 0.195594 0.425060 0.195144 0.414868 0.195324 0.408473 0.194335 0.406475 0.193255 0.405076 0.190558 0.404676 0.181205 0.404876 0.175540 0.417266 0.171853
2 0.436059 0.206604 0.449948 0.211321 0.464099 0.218514 0.466719 0.223349 0.466195 0.230071 0.462264 0.235377 0.469864 0.243632 0.470650 0.249764 0.474843 0.252358 0.476415 0.259316 0.477987 0.263443 0.475367 0.268632 0.469864 0.273467 0.459906 0.282311 0.453354 0.284198 0.450472 0.283255 0.448375 0.280071 0.447065 0.279127 0.448899 0.275236 0.443658 0.277358 0.430818 0.279127 0.425577 0.278184 0.419549 0.280071 0.411164 0.281250 0.398061 0.279363 0.384172 0.277005 0.380241 0.274764 0.388889 0.274292 0.401205 0.275118 0.412736 0.274410 0.408281 0.270401 0.399109 0.267689 0.387579 0.263679 0.378669 0.257075 0.371593 0.249646 0.371069 0.242807 0.371069 0.238561 0.373952 0.234552 0.379717 0.231132 0.393344 0.226769 0.404088 0.225943 0.415881 0.227123 0.430818 0.243396 0.433438 0.243278 0.428459 0.231250 0.427149 0.225825 0.428721 0.215330 0.430818 0.212028