1 0.701167 0.618400 0.696203 0.622693 0.692627 0.625326 0.685791 0.627930 0.665771 0.630208 0.658203 0.635091 0.654785 0.639648 0.652100 0.641276 0.646484 0.646810 0.631104 0.653320 0.623535 0.654622 0.613281 0.653971 0.606445 0.650065 0.599854 0.644857 0.598877 0.645508 0.595703 0.652669 0.590332 0.673503 0.589355 0.680990 0.587158 0.689453 0.586914 0.693685 0.585693 0.697591 0.583984 0.718099 0.584717 0.723633 0.584717 0.732747 0.586670 0.747396 0.589600 0.759766 0.593750 0.769531 0.601318 0.779622 0.603027 0.781250 0.605469 0.783079 0.610107 0.783529 0.612793 0.783203 0.616455 0.780924 0.630615 0.765951 0.646729 0.745443 0.648682 0.741211 0.652832 0.735677 0.659424 0.721354 0.663330 0.714844 0.665039 0.710286 0.668457 0.705078 0.669922 0.700846 0.678223 0.683919 0.680420 0.677734 0.682617 0.674479 0.686768 0.664388 0.688721 0.661784 0.692139 0.650391 0.694124 0.645318 0.695398 0.640310
1 0.712439 0.562789 0.708641 0.555314 0.706832 0.556399 0.705078 0.556641 0.696777 0.554688 0.689453 0.550456 0.682373 0.550456 0.678955 0.548503 0.679688 0.545573 0.679199 0.542969 0.673792 0.538092 0.671631 0.535156 0.668701 0.532878 0.668425 0.530655 0.666531 0.529252 0.666005 0.527147 0.664848 0.526305 0.663480 0.525183 0.663164 0.523219 0.658954 0.522657 0.654541 0.522786 0.649170 0.523112 0.644327 0.522798 0.638672 0.525716 0.634766 0.527344 0.630859 0.530273 0.626221 0.531901 0.611816 0.543945 0.606934 0.547201 0.593262 0.560872 0.591309 0.563802 0.588135 0.572266 0.588135 0.618815 0.589355 0.632161 0.591553 0.639974 0.597900 0.643880 0.599854 0.647135 0.607422 0.649740 0.608398 0.651693 0.610107 0.652995 0.616943 0.655273 0.626953 0.654622 0.636963 0.651693 0.645508 0.648112 0.655273 0.639974 0.657959 0.636393 0.665039 0.631836 0.673828 0.629232 0.677979 0.629557 0.680420 0.628581 0.685303 0.628255 0.689209 0.626302 0.695620 0.623192 0.704346 0.612956 0.706923 0.607880 0.707827 0.606433 0.710720 0.598235 0.712981 0.591001 0.714699 0.583285 0.713976 0.580271 0.713885 0.570747
0 0.483397 0.052179 0.485886 0.055074 0.487157 0.057758 0.487581 0.060865 0.487528 0.064183 0.487316 0.065807 0.485833 0.066231 0.484298 0.067502 0.483821 0.068349 0.482126 0.068420 0.480644 0.067573 0.479002 0.065525 0.477307 0.061924 0.477148 0.059029 0.477519 0.056699 0.477996 0.055781 0.478578 0.054933 0.479161 0.053592 0.479637 0.052744 0.480114 0.052321 0.481226 0.052038 0.482179 0.052038
0 0.509665 0.070680 0.511942 0.073716 0.513584 0.077953 0.514219 0.082896 0.514061 0.085720 0.512578 0.088050 0.510565 0.090169 0.509612 0.091228 0.509029 0.091510 0.506487 0.090522 0.505111 0.089957 0.504210 0.088333 0.503416 0.085649 0.503098 0.082613 0.502992 0.079365 0.502886 0.077317 0.502780 0.074493 0.502992 0.072657 0.505163 0.071033 0.506752 0.070680 0.508924 0.070397
0 0.498911 0.125121 0.504104 0.127633 0.508040 0.131207 0.511097 0.135450 0.510888 0.138856 0.510344 0.141983 0.509464 0.143602 0.507957 0.144551 0.506575 0.145501 0.504188 0.146282 0.502764 0.146896 0.501717 0.147511 0.499204 0.145836 0.495687 0.141592 0.493467 0.135506 0.493174 0.133105 0.493760 0.130425 0.494724 0.128471 0.495854 0.127187 0.497487 0.125902
0 0.554690 0.172289 0.556945 0.173320 0.559908 0.177271 0.563644 0.184399 0.565061 0.188608 0.564804 0.189553 0.563580 0.192902 0.560616 0.198571 0.559972 0.201491 0.559972 0.202178 0.557589 0.204927 0.552951 0.206473 0.547411 0.192129 0.551147 0.190498 0.551147 0.183283 0.552758 0.180363 0.553595 0.177442 0.554046 0.174780
0 0.548184 0.159491 0.550181 0.162154 0.552435 0.164301 0.553531 0.166964 0.554626 0.171344 0.554497 0.173835 0.553273 0.178044 0.551276 0.182939 0.550052 0.184571 0.547411 0.185860 0.545672 0.186031 0.544319 0.186547 0.542966 0.186203 0.540067 0.182510 0.538393 0.179504 0.536975 0.175639 0.536911 0.171430 0.537684 0.169197 0.539037 0.166449 0.541227 0.164473 0.543675 0.162669 0.544255 0.161810 0.545672 0.160264 0.546638 0.159663
0 0.603359 0.185573 0.605469 0.187708 0.607266 0.190469 0.608086 0.192813 0.608203 0.194948 0.607852 0.196615 0.607383 0.198281 0.606836 0.200000 0.605977 0.201042 0.604766 0.201510 0.603008 0.201146 0.601172 0.200417 0.599453 0.198385 0.598906 0.195833 0.598984 0.193333 0.599141 0.191042 0.599648 0.189115 0.600391 0.187656 0.601484 0.186510 0.602539 0.185677
0 0.622280 0.145763 0.624377 0.146637 0.626213 0.148516 0.626770 0.150351 0.626376 0.154371 0.624672 0.158041 0.623493 0.159527 0.622346 0.159614 0.619855 0.158478 0.618610 0.156731 0.619200 0.150701 0.619855 0.149434 0.620674 0.147424 0.621362 0.146550 0.621854 0.146288
0 0.612622 0.136491 0.615674 0.137467 0.616772 0.138249 0.617261 0.138216 0.617993 0.137891 0.619019 0.136523 0.619702 0.134701 0.619946 0.132324 0.619751 0.131283 0.618213 0.129655 0.616919 0.129102 0.615259 0.128743 0.614038 0.128809 0.613501 0.129492 0.613208 0.131185 0.612646 0.131738 0.612598 0.133040 0.612622 0.134863 0.612769 0.136003
0 0.620160 0.115096 0.618214 0.123625 0.617095 0.122062 0.616695 0.120178 0.616828 0.117549 0.617601 0.115061 0.618321 0.114706
0 0.558007 0.274785 0.558102 0.279201 0.557345 0.281220 0.555925 0.284248 0.554695 0.287150 0.553654 0.289926 0.552329 0.291944 0.551667 0.293332 0.550153 0.294468 0.548071 0.295351 0.545895 0.295729 0.543529 0.295856 0.541826 0.295603 0.540028 0.294341 0.534066 0.289421 0.530754 0.283112 0.530660 0.279327 0.530660 0.276804 0.531700 0.274028 0.531890 0.272009 0.533025 0.267719 0.535580 0.265448 0.537567 0.264313 0.540974 0.263808 0.545705 0.263934 0.550626 0.266584 0.552897 0.268098 0.554222 0.268855 0.555547 0.270243 0.556777 0.271505 0.557629 0.272892
2 0.583415 0.277321 0.577910 0.278119 0.573362 0.279555 0.572266 0.282227 0.571045 0.282878 0.564453 0.291016 0.562256 0.294596 0.561523 0.297526 0.559814 0.301107 0.556641 0.301758 0.553711 0.301107 0.547607 0.301758 0.540771 0.304688 0.539307 0.305990 0.536865 0.309570 0.534668 0.314128 0.532715 0.322266 0.532471 0.333984 0.531048 0.334244 0.525050 0.338122 0.519477 0.344907 0.517822 0.349284 0.515660 0.353711 0.514751 0.357750 0.515478 0.361304 0.517235 0.364373 0.520870 0.365181 0.529785 0.365560 0.531653 0.367927 0.533834 0.368977 0.537166 0.368816 0.540283 0.367839 0.548584 0.365234 0.552554 0.364131 0.554688 0.362956 0.561523 0.359701 0.564209 0.357422 0.565674 0.353516 0.566427 0.353146 0.566669 0.351773 0.566895 0.349935 0.572998 0.347331 0.578369 0.343424 0.580542 0.340830 0.578613 0.338216 0.576660 0.333659 0.576904 0.330078 0.578369 0.328125 0.579834 0.327148 0.584851 0.333171 0.585210 0.330937 0.585928 0.330617 0.588321 0.327267 0.590595 0.321682 0.589844 0.318685 0.589638 0.314341 0.587891 0.310872 0.589279 0.289130 0.588680 0.282108 0.586526 0.279396
2 0.640593 0.316915 0.643630 0.320478 0.647274 0.330195 0.647638 0.339264 0.648974 0.348657 0.648974 0.355459 0.649096 0.360641 0.650675 0.367767 0.655898 0.364528 0.658691 0.364528 0.659420 0.365176 0.659542 0.367443 0.659542 0.368415 0.659542 0.371816 0.659542 0.372626 0.661971 0.371168 0.664765 0.372788 0.666708 0.373112 0.671688 0.369711 0.674846 0.363719 0.675210 0.369387 0.677397 0.371006 0.677883 0.373436 0.677275 0.377160 0.675210 0.381533 0.672660 0.387525 0.669259 0.392546 0.663671 0.392060 0.673267 0.411656 0.675453 0.416191 0.672538 0.416514 0.673388 0.417648 0.672052 0.418134 0.668773 0.418620 0.663428 0.418296 0.661242 0.417162 0.657963 0.414085 0.652132 0.407769 0.649582 0.402101 0.646909 0.396918 0.645209 0.393841 0.643023 0.387363 0.641930 0.382343 0.639257 0.378618 0.637921 0.376837 0.631970 0.371006 0.629297 0.368091 0.626382 0.359994 0.625289 0.353192 0.626382 0.338130 0.627840 0.336997 0.631605 0.345094 0.633670 0.342989 0.635006 0.341207 0.635249 0.334405 0.635613 0.326956 0.636464 0.321773 0.637557 0.318696
1 0.719702 0.379366 0.726267 0.380460 0.736115 0.386204 0.739808 0.392223 0.742885 0.398241 0.746578 0.412739 0.748424 0.425322 0.745962 0.442282 0.742680 0.453497 0.741859 0.462798 0.741244 0.469089 0.742270 0.479758 0.744116 0.493161 0.744116 0.503556 0.742680 0.515866 0.736935 0.529817 0.727908 0.540485 0.721548 0.547871 0.713752 0.553889 0.703289 0.556624 0.691595 0.550880 0.685645 0.550333 0.678670 0.550059 0.679696 0.544315 0.676618 0.539664 0.669643 0.534740 0.666360 0.527902 0.661642 0.519695 0.658564 0.503556 0.658359 0.479210 0.661026 0.458968 0.668617 0.438178 0.677644 0.417936 0.684209 0.403438 0.696929 0.389213 0.709239 0.382648
1 0.738418 0.530542 0.751268 0.516836 0.765831 0.497990 0.777181 0.482570 0.788960 0.462868 0.797312 0.444878 0.805878 0.420893 0.813374 0.397193 0.820869 0.368067 0.824082 0.346651 0.823439 0.334087 0.820869 0.317811 0.817871 0.310673 0.810161 0.303534 0.806092 0.314099 0.804379 0.312100 0.803737 0.309530 0.794100 0.309245 0.783392 0.311244 0.767972 0.320095 0.742273 0.342082 0.730709 0.355217 0.712933 0.381488 0.718287 0.379203 0.722356 0.376633 0.724284 0.374349 0.727282 0.371494 0.728995 0.371208 0.736063 0.376348 0.734563 0.385771 0.738632 0.388626 0.745914 0.405759 0.748270 0.425461 0.746128 0.441737 0.741417 0.459441 0.741845 0.472291 0.744201 0.494278 0.742916 0.515408
2 0.575684 0.226237 0.575439 0.229167 0.575928 0.232422 0.576904 0.234375 0.577881 0.238607 0.580322 0.244466 0.580566 0.248047 0.582520 0.252604 0.584717 0.256510 0.587158 0.259766 0.590576 0.262370 0.596436 0.268229 0.603516 0.273112 0.605225 0.273112 0.607178 0.274089 0.611084 0.273763 0.613037 0.275391 0.615234 0.275716 0.619873 0.279622 0.623535 0.279948 0.626709 0.281250 0.631836 0.280924 0.638916 0.278320 0.647705 0.276042 0.651611 0.274414 0.653076 0.273438 0.654785 0.271159 0.657436 0.268197 0.653076 0.264978 0.655762 0.263672 0.658203 0.259440 0.659668 0.255534 0.659180 0.251628 0.655518 0.246745 0.652832 0.244141 0.648438 0.242513 0.643799 0.239583 0.640381 0.238607 0.638672 0.237630 0.632568 0.237305 0.630859 0.236654 0.630071 0.232247 0.628260 0.231531 0.627254 0.226255 0.622760 0.223125 0.621083 0.226076 0.619141 0.236979 0.617676 0.235352 0.614746 0.233724 0.610107 0.228841 0.608154 0.227539 0.603027 0.225586 0.598633 0.225260 0.596924 0.225911 0.591553 0.225911 0.589355 0.224609 0.585449 0.223633 0.578857 0.223633 0.576172 0.224609