0 0.775695 0.110593 0.774609 0.112431 0.775361 0.114213 0.777282 0.115995 0.779454 0.114714 0.781459 0.112654 0.780623 0.112041 0.778368 0.111094
0 0.761828 0.116441 0.763917 0.117721 0.762914 0.119559 0.762664 0.120283 0.765003 0.121675 0.768260 0.122344 0.771101 0.122177 0.773105 0.121620 0.775779 0.121063 0.776530 0.119671 0.776697 0.116886 0.776029 0.114714 0.774526 0.114157 0.772270 0.113545 0.768762 0.113433 0.766757 0.113489 0.765003 0.114213 0.762831 0.115828
0 0.733009 0.125852 0.733009 0.128804 0.735766 0.130363 0.739525 0.130697 0.743200 0.130140 0.746124 0.129138 0.747544 0.128581 0.747628 0.127300 0.746959 0.125184 0.744871 0.123569 0.744704 0.123012 0.739107 0.124683
0 0.690073 0.112487 0.693832 0.116886 0.694417 0.119114 0.698343 0.120617 0.701684 0.120617 0.705109 0.119615 0.708951 0.117499 0.711207 0.114603 0.712711 0.112152 0.714381 0.108755 0.713964 0.107196 0.711625 0.105860 0.707281 0.104133 0.704524 0.103632 0.701016 0.103966 0.696839 0.105693 0.695252 0.107363 0.692913 0.109591
0 0.681252 0.151195 0.683190 0.155619 0.688651 0.156715 0.691940 0.158124 0.697577 0.158907 0.701923 0.158555 0.705152 0.157498 0.708382 0.155697 0.710144 0.154327 0.711730 0.151860 0.712258 0.149042 0.711553 0.146301 0.709087 0.143248 0.706621 0.141838 0.702862 0.140625 0.696872 0.140468 0.691059 0.141603 0.687418 0.143796 0.684834 0.146458 0.683542 0.148533 0.682015 0.149942 0.681369 0.150764
0 0.594340 0.155227 0.593283 0.160199 0.592461 0.161217 0.593107 0.163840 0.593401 0.164662 0.592931 0.166228 0.593107 0.167207 0.594105 0.169634 0.596572 0.171983 0.599919 0.173706 0.602503 0.174371 0.605733 0.174919 0.608258 0.174998 0.611370 0.174880 0.613014 0.174371 0.618241 0.173393 0.621999 0.172022 0.627108 0.169673 0.630514 0.167129 0.631512 0.165015 0.631571 0.162392 0.631630 0.160160 0.630221 0.158242 0.628400 0.156010 0.625992 0.153779 0.621177 0.151900 0.616244 0.150334 0.610842 0.150138 0.605674 0.150138 0.602855 0.150647 0.601270 0.151156 0.599214 0.151821 0.597511 0.152408 0.596161 0.153270 0.594869 0.154170
0 0.631727 0.164533 0.638584 0.162966 0.638715 0.165273 0.636429 0.168191 0.634339 0.170019 0.633882 0.170977 0.633294 0.172370 0.632119 0.173502 0.630747 0.174591 0.629637 0.175331 0.628004 0.176463 0.622780 0.177247 0.620755 0.177072 0.619057 0.176637 0.617098 0.176028 0.613310 0.174547 0.616053 0.174025 0.619318 0.173067 0.623629 0.171021 0.627612 0.169366 0.630943 0.167189
2 0.433753 0.171611 0.433559 0.166693 0.436471 0.161127 0.440548 0.155431 0.446567 0.151548 0.453169 0.149865 0.461323 0.149995 0.467342 0.151160 0.474915 0.153749 0.479380 0.157373 0.485011 0.162939 0.494331 0.162421 0.503456 0.163457 0.512776 0.165398 0.520154 0.167340 0.525202 0.170835 0.527920 0.173553 0.527920 0.177048 0.526367 0.181966 0.523260 0.188180 0.526173 0.193616 0.525396 0.200994 0.523454 0.202288 0.516271 0.180284 0.514911 0.177565 0.510446 0.181449 0.501903 0.189345 0.499573 0.193487 0.499573 0.198405 0.503650 0.204230 0.511417 0.211220 0.499767 0.214974 0.492583 0.216139 0.476662 0.214715 0.467925 0.217304 0.464818 0.218080 0.459770 0.221187 0.449091 0.224164 0.438607 0.225458 0.431423 0.225588 0.421326 0.224811 0.412978 0.222999 0.407347 0.220669 0.404823 0.217821 0.404240 0.215880 0.405794 0.208890 0.395503 0.203971 0.390649 0.198794 0.387737 0.194393 0.388902 0.189086 0.403270 0.178601 0.411424 0.174977 0.423851 0.171741
0 0.580068 0.202194 0.583203 0.199060 0.588950 0.196796 0.601358 0.193051 0.613767 0.193225 0.622518 0.195838 0.629833 0.199843 0.633359 0.205939 0.633751 0.209770 0.634404 0.214298 0.633621 0.216214 0.630486 0.216910 0.629180 0.217955 0.627874 0.219262 0.622388 0.221003 0.621212 0.224922 0.608542 0.227882 0.602403 0.228927 0.604101 0.231714 0.602142 0.234239 0.599399 0.235110 0.594436 0.235110 0.587644 0.233368 0.589211 0.229711 0.583595 0.232149 0.579937 0.229101 0.575496 0.221787 0.574974 0.217172 0.575366 0.214385 0.575366 0.212034 0.575758 0.209422 0.575888 0.208725 0.576541 0.208464 0.578762 0.207593 0.579415 0.206374
2 0.464117 0.228108 0.470339 0.231514 0.475449 0.239661 0.478115 0.245734 0.479892 0.250770 0.483892 0.248548 0.487224 0.246030 0.492779 0.244845 0.497667 0.244845 0.514109 0.248548 0.522107 0.253881 0.528328 0.260991 0.529439 0.266175 0.527884 0.271804 0.525662 0.275951 0.520330 0.284098 0.514331 0.287504 0.515220 0.290171 0.512998 0.295207 0.508332 0.297873 0.504555 0.298317 0.501889 0.298317 0.497223 0.299354 0.493668 0.299947 0.486336 0.300539 0.471005 0.297725 0.463895 0.293281 0.463007 0.298910 0.460340 0.304094 0.457008 0.304687 0.453675 0.304687 0.450120 0.303946 0.445232 0.302761 0.440344 0.299799 0.436567 0.259361 0.432568 0.258917 0.437900 0.252696 0.442566 0.251363 0.442121 0.249141 0.441899 0.246771 0.442344 0.243809 0.443010 0.241883 0.444343 0.238624 0.445676 0.236254 0.447898 0.232847 0.449231 0.231366 0.450564 0.230478 0.454119 0.229441 0.459896 0.228404 0.461007 0.228256
2 0.515598 0.177637 0.525460 0.214044 0.527469 0.214896 0.524364 0.202598 0.525095 0.198824 0.527469 0.194440 0.529844 0.192614 0.530940 0.193223 0.534227 0.191518 0.544090 0.197728 0.548656 0.202477 0.550482 0.205521 0.551030 0.208321 0.554318 0.210635 0.555779 0.215505 0.557423 0.219888 0.558153 0.227438 0.558518 0.232673 0.557605 0.235109 0.556327 0.236813 0.554318 0.237666 0.550847 0.238518 0.552491 0.239248 0.551943 0.241684 0.567833 0.240344 0.571669 0.239614 0.589568 0.229629 0.585915 0.236813 0.576783 0.242901 0.572217 0.245215 0.564363 0.244971 0.552309 0.246432 0.548838 0.247406 0.544272 0.249720 0.542446 0.250085 0.541715 0.252886 0.534958 0.252520 0.532401 0.252155 0.528200 0.249233 0.522721 0.242901 0.519433 0.239005 0.517241 0.233891 0.515050 0.228534 0.517607 0.223663 0.518520 0.218184 0.518703 0.216966 0.510666 0.210635 0.503543 0.203938 0.499890 0.198337 0.499342 0.194197 0.502630 0.188596 0.508657 0.183117 0.511945 0.180681
2 0.382106 0.292767 0.383271 0.284871 0.385601 0.277364 0.388514 0.271539 0.393562 0.265585 0.399192 0.263902 0.406959 0.263772 0.412201 0.264808 0.417637 0.268950 0.423074 0.275681 0.423268 0.278140 0.429481 0.280600 0.432976 0.327457 0.430064 0.331599 0.427151 0.334576 0.421715 0.336518 0.416278 0.337035 0.413560 0.336906 0.411619 0.335741 0.410065 0.332375 0.405017 0.335870 0.393950 0.341436 0.383660 0.343378 0.370457 0.343766 0.362302 0.342601 0.354536 0.341307 0.349099 0.338589 0.346963 0.334447 0.342109 0.332505 0.335702 0.328363 0.329877 0.322667 0.327547 0.316713 0.326382 0.312571 0.328712 0.306876 0.332984 0.301569 0.339003 0.296391 0.345216 0.292637 0.352982 0.288237 0.359001 0.286554 0.369098 0.286424 0.377252 0.288107 0.381330 0.291343
0 0.386297 0.437626 0.381700 0.434426 0.379658 0.430068 0.381803 0.424484 0.384050 0.422713 0.389667 0.423735 0.395898 0.425437 0.398656 0.428161 0.398860 0.431498 0.398656 0.433472 0.395694 0.436400 0.394059 0.437149 0.390689 0.437558
0 0.387920 0.377165 0.386441 0.375042 0.384110 0.374056 0.382119 0.374056 0.378935 0.374852 0.376660 0.375497 0.375637 0.376027 0.372851 0.377468 0.372737 0.378264 0.373135 0.381335 0.374102 0.383041 0.377115 0.385277 0.380186 0.386149 0.382006 0.386111 0.383598 0.385884 0.387806 0.384860 0.387863 0.383571 0.387806 0.381145
0 0.410779 0.385391 0.409187 0.387514 0.406742 0.391267 0.405661 0.393655 0.406287 0.395399 0.406458 0.397181 0.408789 0.398811 0.412656 0.400100 0.418172 0.400593 0.420731 0.399380 0.422493 0.398053 0.424939 0.394262 0.425166 0.391457 0.424029 0.388538 0.423176 0.386756 0.419934 0.386073 0.416466 0.385846 0.412656 0.385391
0 0.567177 0.325043 0.569547 0.325848 0.570948 0.327902 0.572392 0.327241 0.573772 0.326078 0.573922 0.325388 0.573470 0.324296 0.572371 0.323448 0.571315 0.323520 0.568448 0.324052 0.567909 0.324253
0 0.524748 0.375145 0.513742 0.371103 0.512621 0.369345 0.512819 0.367763 0.513610 0.365523 0.514598 0.363677 0.516180 0.362315 0.518553 0.360338 0.519476 0.359854 0.521057 0.359767 0.522903 0.359854 0.525144 0.360382 0.527319 0.360997 0.529823 0.362051 0.532921 0.364644 0.535096 0.367324 0.535162 0.368994 0.534371 0.370136 0.532855 0.371498 0.531207 0.372641 0.528703 0.374003 0.527187 0.374706
0 0.545415 0.340289 0.545183 0.344045 0.545938 0.346214 0.547158 0.347686 0.549540 0.348538 0.553083 0.348305 0.559183 0.347492 0.562901 0.346330 0.565108 0.344975 0.565457 0.343503 0.565573 0.339708 0.564237 0.337733 0.562552 0.336300 0.559764 0.335525 0.558312 0.335177 0.552096 0.336067 0.547913 0.337500 0.545996 0.338585 0.545357 0.339475
0 0.568628 0.335308 0.567302 0.337149 0.566728 0.338894 0.567086 0.340400 0.567804 0.342217 0.569955 0.343388 0.572537 0.344297 0.576087 0.343508 0.578669 0.342097 0.580821 0.339779 0.581036 0.337077 0.579924 0.334041 0.578992 0.333754 0.575011 0.334352 0.570637 0.334543
1 0.406789 0.636135 0.464978 0.533046 0.471444 0.510417 0.480603 0.485273 0.489763 0.472701 0.512392 0.464440 0.540948 0.466236 0.538254 0.469109 0.547953 0.466236 0.556034 0.465517 0.559806 0.467313 0.546336 0.477011 0.530172 0.492816 0.496228 0.521193 0.472522 0.549569 0.469289 0.566092 0.456897 0.609195 0.447737 0.629310 0.433190 0.654454 0.421336 0.644037
1 0.480258 0.705229 0.535866 0.670640 0.563538 0.648822 0.581630 0.633745 0.586420 0.633035 0.584291 0.640663 0.570988 0.652192 0.543050 0.672591 0.506332 0.700795 0.489304 0.711615 0.480258 0.708245
1 0.072615 0.649333 0.072268 0.647247 0.077830 0.645161 0.109114 0.647247 0.134490 0.652577 0.194974 0.662773 0.245377 0.669957 0.290914 0.675751 0.350355 0.679227 0.392763 0.679922 0.400063 0.666018 0.371906 0.664627 0.343055 0.663237 0.327065 0.661151 0.270752 0.652345 0.218263 0.647942 0.174812 0.642612 0.129623 0.637514 0.087563 0.640758 0.072615 0.644466
1 0.418445 0.643037 0.399529 0.665778 0.373946 0.664124 0.337199 0.645415 0.309446 0.634458 0.303709 0.633941 0.298437 0.635285 0.300608 0.631460 0.316113 0.628153 0.338905 0.626912 0.376271 0.629600 0.400304 0.634768 0.407126 0.636525
1 0.435704 0.664272 0.492457 0.582136 0.516164 0.548372 0.549928 0.516523 0.578664 0.492337 0.605244 0.482759 0.626078 0.480125 0.623922 0.485872 0.602371 0.508860 0.575431 0.530172 0.552443 0.546216 0.523348 0.579262 0.498922 0.610153 0.466236 0.648228 0.447557 0.672653