1 0.468534 0.587787 0.467672 0.591667 0.468966 0.593822 0.470905 0.595259 0.472629 0.597270 0.475431 0.599138 0.484052 0.607902 0.488147 0.610345 0.492026 0.613793 0.496767 0.619684 0.498922 0.623994 0.500862 0.626293 0.501724 0.626868 0.508621 0.628305 0.513474 0.629562 0.517241 0.630164 0.521913 0.631571 0.527188 0.628959 0.530172 0.625000 0.531466 0.622989 0.535560 0.620259 0.538578 0.618678 0.540948 0.616954 0.545043 0.615374 0.550398 0.613385 0.554166 0.611878 0.561422 0.607328 0.565620 0.604543 0.567241 0.602299 0.568319 0.600862 0.568534 0.598994 0.567241 0.595977 0.564224 0.593822 0.562500 0.593247 0.560345 0.591810 0.552802 0.589511 0.548276 0.588793 0.543966 0.587500 0.536853 0.587069 0.533621 0.586494 0.513578 0.585489 0.506681 0.586063 0.501940 0.586063 0.498276 0.587069 0.489655 0.586925 0.476724 0.586207 0.473707 0.586351 0.470474 0.586925
1 0.528954 0.630247 0.545821 0.624625 0.567841 0.618378 0.593141 0.606509 0.610476 0.592766 0.628748 0.571214 0.639524 0.546539 0.643741 0.517804 0.640930 0.499375 0.628280 0.479073 0.609070 0.460332 0.593141 0.452524 0.573463 0.450337 0.575337 0.458458 0.572526 0.461582 0.567373 0.459395 0.559408 0.458146 0.543947 0.460645 0.520052 0.470952 0.496466 0.486927 0.495301 0.488350 0.489130 0.497501 0.471795 0.543416 0.461019 0.575900 0.461019 0.594953 0.461258 0.611658 0.472034 0.619013 0.479731 0.622605 0.501283 0.627395 0.497178 0.619013 0.488198 0.611487 0.480757 0.604817 0.472804 0.598146 0.466903 0.593699 0.467159 0.587199 0.469982 0.585660 0.478192 0.586002 0.501283 0.587370 0.504875 0.585317 0.532841 0.586173 0.550287 0.588225 0.562089 0.593015 0.569017 0.597120 0.569273 0.601909 0.563629 0.606185 0.556958 0.610461 0.538229 0.617816 0.532841 0.622947
1 0.471211 0.623812 0.476533 0.632148 0.490634 0.640663 0.496222 0.645275 0.512984 0.653434 0.534270 0.652902 0.559813 0.650419 0.585888 0.650596 0.614357 0.652015 0.642295 0.656627 0.663846 0.659997 0.685664 0.663013 0.707216 0.663900 0.727703 0.667447 0.734089 0.677913 0.747126 0.673301 0.754576 0.669576 0.761494 0.664432 0.762026 0.660175 0.758567 0.653079 0.755375 0.651128 0.751650 0.649354 0.726639 0.646516 0.673425 0.634987 0.644423 0.630375 0.633514 0.629842 0.620211 0.624166 0.599191 0.622747 0.581364 0.620441 0.569923 0.618668 0.530013 0.630020 0.501809 0.628069 0.476799 0.622747
0 0.142601 0.172025 0.143086 0.174226 0.142503 0.177786 0.141533 0.178562 0.137650 0.179274 0.135417 0.179468 0.133475 0.179145 0.131048 0.177850 0.129980 0.176815 0.129204 0.175132 0.129204 0.173838 0.129689 0.172349 0.130757 0.171055 0.131825 0.170407 0.133572 0.170149 0.135320 0.170084 0.137552 0.170084 0.139591 0.170407 0.140271 0.170731 0.141047 0.170861 0.141339 0.171184
0 0.194503 0.202136 0.197709 0.211802 0.196673 0.213216 0.193122 0.214498 0.188437 0.215353 0.185034 0.215846 0.179511 0.216273 0.174184 0.215484 0.169105 0.213873 0.166244 0.210881 0.165899 0.208876 0.165998 0.207035 0.165751 0.204700 0.166392 0.202629 0.168513 0.200656 0.171077 0.199144 0.175664 0.197664 0.179560 0.197664 0.182618 0.197533 0.185231 0.197730 0.189522 0.198716 0.193665 0.200590 0.194700 0.201741
0 0.158699 0.190968 0.161199 0.191599 0.161942 0.192477 0.163665 0.193671 0.164442 0.195472 0.162145 0.198940 0.160185 0.200944 0.156267 0.201530 0.151335 0.201372 0.147889 0.200494 0.145559 0.198310 0.144849 0.195382 0.144951 0.194166 0.147619 0.192882 0.150254 0.192027 0.153159 0.191238 0.156503 0.190923
0 0.211421 0.180310 0.214625 0.180000 0.218759 0.181301 0.221360 0.183221 0.223497 0.185636 0.224333 0.188051 0.224333 0.189723 0.223590 0.191519 0.219456 0.193811 0.214672 0.194894 0.210538 0.194337 0.206126 0.193501 0.206126 0.192665 0.204221 0.191395 0.203292 0.189383 0.202921 0.185636 0.203292 0.182942 0.204639 0.181765 0.209702 0.180248
0 0.247629 0.210201 0.243319 0.212644 0.241810 0.214224 0.239009 0.216523 0.236853 0.219971 0.236638 0.221264 0.236422 0.221408 0.236207 0.223707 0.235991 0.223851 0.235991 0.224856 0.237284 0.228305 0.237931 0.229167 0.240086 0.231034 0.241595 0.231897 0.242241 0.232615 0.243966 0.233764 0.247198 0.234914 0.250647 0.235632 0.251724 0.236063 0.259483 0.237500 0.260776 0.237500 0.260991 0.237644 0.266379 0.238075 0.266595 0.238218 0.271767 0.238218 0.272845 0.237931 0.275000 0.237787 0.276940 0.237213 0.278664 0.236063 0.283190 0.233908 0.284914 0.232759 0.285345 0.232328 0.285991 0.229885 0.286207 0.229741 0.286207 0.229023 0.286422 0.228879 0.285776 0.224569 0.284267 0.222414 0.282328 0.220546 0.282112 0.218247 0.280388 0.213362 0.279957 0.212787 0.279526 0.212787 0.278233 0.211925 0.275000 0.208764 0.271552 0.207615 0.267888 0.207471 0.267672 0.207328 0.265302 0.207328 0.265086 0.207471 0.259483 0.207328 0.252155 0.208764 0.249569 0.209770
0 0.250398 0.381904 0.247603 0.384018 0.245292 0.386526 0.244969 0.387960 0.245507 0.389823 0.246743 0.391435 0.248355 0.393334 0.252333 0.395663 0.255342 0.396129 0.257008 0.396021 0.261523 0.395126 0.263297 0.394839 0.266091 0.393442 0.267112 0.390432 0.265608 0.388067 0.262168 0.385057 0.258244 0.382729 0.255450 0.382119 0.251741 0.381654 0.251043 0.381654
0 0.259461 0.370373 0.260118 0.374002 0.260338 0.375463 0.257634 0.377216 0.255589 0.377703 0.250913 0.377508 0.248502 0.376656 0.244155 0.375341 0.243096 0.374342 0.242767 0.373368 0.243169 0.372126 0.243571 0.371225 0.243936 0.370008 0.244192 0.369448 0.245069 0.368839 0.246639 0.367987 0.248210 0.367646 0.250110 0.367646 0.252630 0.367840 0.256137 0.368571 0.257013 0.368863 0.258840 0.369691
0 0.568170 0.361710 0.573686 0.360598 0.578625 0.358417 0.579972 0.356792 0.579010 0.354868 0.575611 0.354398 0.572724 0.354611 0.571185 0.355381 0.569453 0.356407 0.568619 0.357605 0.568042 0.358374 0.567849 0.360256 0.567400 0.361325
2 0.424726 0.336228 0.418748 0.331823 0.413400 0.330145 0.404590 0.329096 0.396882 0.330460 0.393893 0.334655 0.394522 0.339269 0.398770 0.348184 0.403489 0.353218 0.403804 0.357622 0.405692 0.363495 0.407422 0.366851 0.416389 0.373773 0.426299 0.380485 0.437626 0.384470 0.442974 0.384365 0.444705 0.383107 0.445963 0.380170 0.448166 0.381534 0.455087 0.385099 0.460593 0.386882 0.472864 0.387931 0.483246 0.388036 0.500393 0.385624 0.505899 0.382792 0.507630 0.379751 0.507472 0.378912 0.512192 0.377024 0.517855 0.373773 0.523046 0.368949 0.525091 0.365803 0.522574 0.359091 0.516754 0.354581 0.507158 0.349547 0.498977 0.345981 0.485291 0.342835 0.477111 0.343779 0.466414 0.344303 0.467987 0.328782 0.463425 0.326265 0.455559 0.323223 0.445491 0.323328 0.440772 0.324272 0.436839 0.325636 0.435581 0.326055 0.435109 0.336123
2 0.342024 0.259076 0.338520 0.256623 0.330109 0.253703 0.324152 0.253703 0.316618 0.254754 0.314515 0.254871 0.312062 0.252301 0.311186 0.248446 0.312062 0.245409 0.314690 0.241671 0.319596 0.238284 0.328182 0.234429 0.334139 0.232677 0.344127 0.231158 0.348682 0.231041 0.353238 0.231392 0.359721 0.232443 0.362349 0.232794 0.364452 0.230224 0.369358 0.224033 0.376367 0.220061 0.387581 0.217375 0.395465 0.218192 0.402299 0.220412 0.408607 0.223916 0.412111 0.228121 0.415265 0.234779 0.415791 0.236999 0.420171 0.235831 0.425252 0.235013 0.437342 0.236765 0.443475 0.238517 0.450308 0.242489 0.455565 0.245292 0.459595 0.250666 0.459595 0.253469 0.459770 0.255922 0.459770 0.257558 0.453988 0.263749 0.447680 0.270407 0.447505 0.274379 0.446103 0.278934 0.438043 0.282439 0.420521 0.286994 0.406504 0.287695 0.395816 0.286644 0.393538 0.278350 0.388632 0.270991 0.379696 0.265501 0.377418 0.263749 0.376717 0.256273 0.373914 0.251133 0.368307 0.244358 0.362525 0.240737 0.355341 0.238985 0.353063 0.239919 0.349909 0.242022 0.348332 0.245877 0.346229 0.249030 0.344477 0.251834 0.343075 0.255922
2 0.307811 0.300057 0.305344 0.305431 0.303369 0.313438 0.301724 0.319909 0.300573 0.321993 0.296295 0.321444 0.291195 0.321444 0.294156 0.325393 0.298105 0.329889 0.299750 0.330548 0.297611 0.335702 0.296789 0.340638 0.297118 0.343270 0.299750 0.344806 0.304521 0.345573 0.308469 0.346451 0.306989 0.346780 0.300737 0.346999 0.294321 0.346999 0.287576 0.345025 0.280337 0.342393 0.268656 0.339322 0.272934 0.344586 0.280666 0.349961 0.285601 0.349412 0.289714 0.348864 0.295143 0.349961 0.301724 0.350070 0.309621 0.349083 0.311266 0.349302 0.311924 0.351935 0.313240 0.353251 0.316366 0.354457 0.321466 0.353799 0.324592 0.351825 0.327389 0.345244 0.327718 0.333618 0.327718 0.328354 0.327553 0.322431 0.326073 0.321115 0.321302 0.323967 0.322453 0.321335 0.326402 0.318044 0.322124 0.315083 0.319492 0.314096 0.313405 0.313657 0.310608 0.311902 0.307976 0.307515 0.316860 0.308831 0.325579 0.310805 0.329692 0.310367 0.326731 0.308722 0.319821 0.307734 0.314556 0.305212 0.312253 0.303347
2 0.342107 0.259165 0.333738 0.254840 0.329344 0.253306 0.313442 0.255119 0.307374 0.257351 0.300259 0.261257 0.296284 0.266000 0.293773 0.269766 0.293773 0.274091 0.294401 0.278833 0.297749 0.286226 0.300678 0.290272 0.307792 0.299199 0.311140 0.302826 0.319719 0.307290 0.329972 0.309801 0.325996 0.310917 0.308420 0.307290 0.311558 0.313149 0.319928 0.314544 0.326205 0.318031 0.329972 0.319426 0.336249 0.318449 0.341480 0.316217 0.348594 0.313707 0.353406 0.311196 0.359893 0.305477 0.359056 0.312033 0.362404 0.316357 0.368890 0.319286 0.374540 0.321379 0.382072 0.320542 0.387094 0.317194 0.391070 0.312730 0.392744 0.307848 0.392744 0.297944 0.393790 0.295433 0.395882 0.293062 0.395045 0.285250 0.393581 0.278833 0.389605 0.271580 0.381863 0.266139 0.377469 0.264465 0.376004 0.254701 0.371820 0.248424 0.367216 0.243123 0.359893 0.239775 0.354034 0.239357 0.349431 0.242565 0.344618 0.251214
0 0.144478 0.173742 0.142770 0.172305 0.142445 0.170950 0.143095 0.170055 0.145291 0.170354 0.146796 0.170977 0.147609 0.171384 0.146755 0.171573 0.145616 0.172468 0.144681 0.173417