0 0.729740 0.055699 0.731250 0.048208 0.735780 0.038762 0.742468 0.028990 0.753254 0.024104 0.761882 0.023452 0.774394 0.028664 0.780650 0.035179 0.782160 0.041367 0.783023 0.050488 0.783023 0.062865 0.780434 0.073940 0.774825 0.089575 0.767275 0.094461 0.749155 0.095764 0.749802 0.084689 0.749586 0.073614 0.746782 0.067426 0.740526 0.062540 0.733407 0.060260
0 0.726519 0.057686 0.712548 0.067245 0.707745 0.078123 0.705671 0.093451 0.705453 0.104494 0.708728 0.111251 0.720516 0.121140 0.733396 0.124107 0.738963 0.120316 0.744530 0.109933 0.746167 0.098231 0.748677 0.085540 0.747695 0.073508 0.746167 0.067740 0.742565 0.063784 0.738199 0.061806 0.734706 0.060982 0.731977 0.059334 0.731540 0.058510 0.730121 0.057356
0 0.531846 0.041729 0.545838 0.049500 0.554845 0.070143 0.556453 0.087143 0.558062 0.126729 0.556453 0.149557 0.546160 0.160000 0.539405 0.161943 0.522035 0.152957 0.494049 0.121629 0.490350 0.102686 0.489706 0.086657 0.491315 0.069900 0.493567 0.060672 0.497427 0.051929 0.503056 0.043429 0.510615 0.038086 0.515119 0.037600 0.524286 0.038815
0 0.713460 0.170827 0.713752 0.196241 0.717119 0.207954 0.719314 0.221213 0.709215 0.243091 0.693116 0.247953 0.677456 0.249500 0.667650 0.247732 0.662967 0.243975 0.658869 0.236019 0.655503 0.228727 0.654186 0.218561 0.654332 0.207954 0.654186 0.200882 0.654186 0.186517 0.655210 0.182097 0.666919 0.171269 0.695312 0.164197 0.705264 0.163534 0.710679 0.166849
0 0.184328 0.858175 0.186139 0.867749 0.185913 0.884846 0.185913 0.894420 0.184780 0.900916 0.176855 0.907071 0.169608 0.908439 0.158512 0.907413 0.152172 0.902626 0.146737 0.895445 0.144246 0.883478 0.146284 0.871168 0.150360 0.862620 0.156927 0.859542 0.166664 0.850310 0.173458 0.849285 0.180704 0.849968
0 0.249772 0.757646 0.259509 0.770640 0.262000 0.782950 0.260189 0.795943 0.257471 0.812014 0.251131 0.823981 0.229618 0.832530 0.218295 0.831162 0.216031 0.822956 0.214219 0.807227 0.215351 0.788079 0.218069 0.778504 0.222598 0.769956 0.233694 0.758672 0.240714 0.753201 0.246375 0.753201
0 0.170061 0.908781 0.188857 0.935452 0.190442 0.943316 0.186366 0.959387 0.174590 0.971355 0.169835 0.981613 0.163721 0.982638 0.154436 0.980587 0.141528 0.965884 0.132244 0.944342 0.132697 0.933058 0.137905 0.922116 0.148775 0.905703 0.151266 0.903652 0.158286 0.907071
2 0.707768 0.037778 0.693902 0.053708 0.684558 0.062811 0.673103 0.086024 0.672500 0.126078 0.684558 0.167042 0.705055 0.163856 0.714400 0.172504 0.714701 0.197538 0.720429 0.220751 0.710180 0.242598 0.687271 0.249425 0.674309 0.250791 0.679132 0.275824 0.684859 0.295851 0.689984 0.309051 0.696917 0.318154 0.702041 0.315878 0.715003 0.323616 0.735500 0.315878 0.741228 0.304954 0.767452 0.310871 0.780113 0.312237 0.783127 0.308596 0.789156 0.299037 0.794883 0.286748 0.800912 0.268997 0.801816 0.261259 0.793677 0.265356 0.786744 0.274004 0.760519 0.289934 0.753285 0.291755 0.756299 0.284928 0.766247 0.274004 0.769261 0.265811 0.771371 0.242143 0.772878 0.220295 0.772878 0.193441 0.769562 0.169318 0.761424 0.148836 0.752381 0.133816 0.745146 0.125168 0.733993 0.124713 0.727964 0.124713 0.722539 0.126078 0.713797 0.157939 0.710481 0.145650 0.714701 0.118341 0.709275 0.112879 0.705658 0.103776 0.705658 0.087390 0.708673 0.074190 0.711084 0.065998
2 0.246937 0.419907 0.248729 0.394472 0.251237 0.377155 0.263065 0.345767 0.283135 0.329532 0.301907 0.332027 0.326909 0.353807 0.340120 0.389060 0.342271 0.409084 0.362341 0.403131 0.379186 0.402589 0.396030 0.419907 0.413950 0.431271 0.429720 0.442095 0.437605 0.464283 0.439397 0.487012 0.434379 0.501624 0.433304 0.510282 0.419326 0.546541 0.424344 0.571976 0.424702 0.586046 0.409291 0.615269 0.394955 0.627175 0.379902 0.630963 0.358757 0.630963 0.334386 0.626092 0.322917 0.642328 0.308581 0.642869 0.303564 0.636916 0.296754 0.642328 0.293528 0.642869 0.284927 0.636375 0.278476 0.642869 0.268799 0.646657 0.268082 0.642328 0.240844 0.645033 0.215039 0.640163 0.196761 0.622845 0.187442 0.608234 0.185292 0.593081 0.184934 0.581175 0.180633 0.568729 0.165222 0.541129 0.158054 0.515153 0.155187 0.501082 0.156620 0.480518 0.164505 0.462118 0.172031 0.451836 0.183500 0.441013 0.190310 0.436142 0.202137 0.425860 0.215039 0.420448 0.229375 0.416660 0.238693 0.415036
2 0.489422 0.122453 0.499359 0.130197 0.521156 0.156817 0.529169 0.164077 0.550004 0.159237 0.575647 0.164077 0.607060 0.180533 0.623087 0.206670 0.625651 0.252650 0.620843 0.296694 0.616035 0.313150 0.621164 0.322830 0.620202 0.333479 0.615074 0.346547 0.592956 0.377039 0.575327 0.390591 0.565390 0.398335 0.551607 0.402691 0.546158 0.406563 0.545837 0.414307 0.541991 0.421567 0.536862 0.426891 0.533977 0.426891 0.529810 0.424471 0.526925 0.422535 0.510257 0.423987 0.500641 0.422535 0.497115 0.424471 0.492948 0.434151 0.485576 0.439959 0.479485 0.439475 0.469549 0.429311 0.464420 0.430279 0.447752 0.434635 0.429802 0.435119 0.421788 0.434635 0.410890 0.431731 0.381080 0.405595 0.379798 0.394947 0.367617 0.369779 0.356078 0.350419 0.351270 0.335899 0.349346 0.309762 0.353834 0.281690 0.365373 0.251682 0.377874 0.234742 0.396786 0.221190 0.412493 0.217802 0.417301 0.210542 0.419224 0.191181 0.422750 0.170369 0.426917 0.150041 0.433969 0.133585 0.445188 0.123421 0.467305 0.111805 0.487819 0.115677
2 0.617892 0.338070 0.626093 0.344881 0.628144 0.361599 0.634705 0.416086 0.634295 0.421040 0.634295 0.497198 0.636755 0.500294 0.641266 0.474908 0.645776 0.451998 0.656028 0.447045 0.665869 0.449522 0.677351 0.469954 0.694983 0.518250 0.703595 0.564069 0.712616 0.569023 0.708105 0.588836 0.704415 0.604316 0.700314 0.612365 0.685962 0.637132 0.684322 0.649515 0.673660 0.661280 0.665869 0.662518 0.644546 0.650754 0.625683 0.638370 0.610101 0.597505 0.598619 0.587598 0.586728 0.539921 0.584267 0.505248 0.580987 0.448903 0.584677 0.452618 0.586318 0.444568 0.585087 0.417944 0.584677 0.402464 0.587958 0.383889 0.596569 0.369029
2 0.435407 0.515184 0.441758 0.584446 0.447404 0.653707 0.449521 0.598831 0.464340 0.598298 0.476337 0.597765 0.495743 0.623871 0.511268 0.688337 0.511268 0.730427 0.516208 0.729361 0.521148 0.730960 0.525029 0.735222 0.520795 0.754402 0.510562 0.776779 0.505975 0.781041 0.497507 0.797024 0.490097 0.805016 0.472455 0.808746 0.452343 0.800754 0.434348 0.782639 0.426586 0.752271 0.425527 0.767722 0.420940 0.776246 0.411061 0.766123 0.395889 0.728829 0.388479 0.685674 0.389185 0.642518 0.396594 0.624937 0.409650 0.613216 0.425175 0.584978 0.419176 0.547151 0.425527 0.521045 0.429762 0.518381