1 0.603448 0.485632 0.584483 0.488649 0.569181 0.485201 0.559698 0.484770 0.548922 0.486063 0.540517 0.488506 0.529095 0.493534 0.517457 0.497414 0.500431 0.507328 0.487716 0.516379 0.476940 0.525718 0.472414 0.533477 0.451592 0.555924 0.440981 0.574934 0.449602 0.576260 0.457974 0.576437 0.462284 0.579023 0.466379 0.580029 0.480438 0.585544 0.486074 0.586870 0.492042 0.588859 0.498342 0.590849 0.506963 0.592396 0.511936 0.593722 0.513926 0.595049 0.519231 0.595491 0.525216 0.597126 0.529310 0.599282 0.536638 0.601149 0.540948 0.603161 0.544612 0.603305 0.546121 0.605029 0.549353 0.605891 0.556366 0.609195 0.560776 0.611207 0.562284 0.615086 0.567241 0.619828 0.567026 0.626868 0.565302 0.630891 0.561207 0.633190 0.553714 0.638594 0.558024 0.642573 0.560676 0.646994 0.565650 0.643678 0.571983 0.641092 0.575862 0.639080 0.578664 0.636063 0.584698 0.632615 0.587284 0.629023 0.592457 0.625144 0.595259 0.620115 0.599784 0.616379 0.605603 0.608046 0.610991 0.596121 0.614655 0.591379 0.619032 0.580460 0.619032 0.575597 0.623276 0.568103 0.623922 0.546264 0.623276 0.536351 0.620905 0.526437 0.619181 0.505316 0.615302 0.494109 0.611853 0.489224
1 0.638578 0.565230 0.626724 0.561638 0.623707 0.563218 0.620259 0.576293 0.615733 0.587644 0.607543 0.603305 0.601078 0.613362 0.592457 0.623707 0.584267 0.631897 0.562334 0.645889 0.569629 0.653625 0.570905 0.655891 0.566595 0.657902 0.529095 0.663218 0.509483 0.668391 0.506034 0.670115 0.503448 0.673563 0.503448 0.677586 0.505388 0.680029 0.513578 0.679885 0.517457 0.678592 0.521552 0.678879 0.532759 0.677586 0.544828 0.677299 0.568534 0.673707 0.577586 0.671264 0.591810 0.665948 0.595474 0.663506 0.599569 0.662069 0.606466 0.658333 0.617241 0.650287 0.622845 0.645115 0.630172 0.636638 0.640302 0.622845 0.646336 0.610776 0.652155 0.591523 0.654178 0.585102 0.652802 0.579741 0.652188 0.575376 0.649867 0.572060 0.646883 0.568966 0.645225 0.566976 0.641578 0.566534
2 0.520275 0.216888 0.517905 0.220480 0.518120 0.223641 0.521353 0.233267 0.523077 0.236141 0.524370 0.241313 0.524370 0.244043 0.526094 0.248928 0.528249 0.252376 0.533422 0.257261 0.537086 0.258554 0.540318 0.261141 0.544198 0.262865 0.545060 0.264014 0.546784 0.263870 0.549155 0.262721 0.553249 0.264014 0.554542 0.262003 0.555620 0.261284 0.557560 0.260853 0.561008 0.261715 0.567258 0.265882 0.571353 0.267750 0.576310 0.268612 0.581482 0.268612 0.588379 0.269330 0.606267 0.268612 0.609930 0.267750 0.615965 0.265307 0.617042 0.263870 0.616827 0.259847 0.619413 0.256256 0.623077 0.254388 0.628034 0.248210 0.628465 0.243612 0.627603 0.240451 0.623939 0.234991 0.614887 0.228526 0.610361 0.226514 0.607991 0.224646 0.595491 0.220911 0.592473 0.220336 0.588379 0.220192 0.586008 0.221773 0.582560 0.222922 0.580620 0.224072 0.578896 0.223497 0.576525 0.221485 0.575448 0.217175 0.573939 0.214876 0.573508 0.213008 0.571353 0.210997 0.568982 0.205106 0.563594 0.202664 0.561223 0.200652 0.557560 0.199790 0.554377 0.198939 0.548723 0.200221 0.546784 0.201083 0.543103 0.204686 0.540749 0.209129 0.539025 0.210710 0.537732 0.211284 0.533637 0.211428 0.529758 0.213008 0.526094 0.213152 0.522546 0.213086 0.523939 0.215307 0.522215 0.215595
0 0.330017 0.240154 0.331039 0.243218 0.330221 0.244171 0.326136 0.242741 0.323378 0.242060 0.320007 0.242809 0.319088 0.243218 0.318271 0.242060 0.318271 0.240494 0.319190 0.239200 0.320518 0.238247 0.322050 0.237975 0.324604 0.237770 0.326442 0.237770 0.327974 0.238656
0 0.356370 0.256360 0.356472 0.258539 0.353510 0.261876 0.350752 0.262761 0.345134 0.261671 0.341559 0.259765 0.340538 0.258335 0.340640 0.256224 0.342172 0.254385 0.343704 0.253091 0.346155 0.252070 0.348505 0.251389 0.350241 0.251389 0.352182 0.252206 0.354225 0.253432 0.355144 0.254862
0 0.353918 0.264259 0.363826 0.274337 0.360966 0.275631 0.358106 0.276856 0.355144 0.277537 0.353510 0.277673 0.351058 0.277401 0.348913 0.276652 0.346360 0.275290 0.344828 0.273656 0.343602 0.271953 0.342683 0.269298 0.342683 0.267936 0.343602 0.266438 0.345849 0.265212 0.349628 0.264531 0.352795 0.264259
0 0.273488 0.018324 0.271489 0.019157 0.270802 0.021614 0.270427 0.022780 0.269365 0.022905 0.265305 0.022822 0.262931 0.022239 0.261994 0.021739 0.261182 0.019740 0.261182 0.017908 0.262056 0.015909 0.263931 0.015242 0.266742 0.015034 0.269428 0.015950 0.271739 0.016658
0 0.281859 0.020282 0.279110 0.021781 0.277799 0.025779 0.277799 0.028694 0.279360 0.029818 0.283358 0.031109 0.286357 0.031484 0.288231 0.031526 0.292166 0.029610 0.293853 0.027611 0.294915 0.026320 0.293978 0.024280 0.291292 0.022530 0.288418 0.021198 0.285420 0.019823 0.283233 0.020032
0 0.309783 0.035982 0.312531 0.038481 0.315530 0.041771 0.316592 0.044311 0.316342 0.045477 0.313718 0.046310 0.309095 0.048559 0.305722 0.049350 0.302536 0.048392 0.298163 0.045227 0.296664 0.042895 0.296164 0.040855 0.296352 0.039522 0.297476 0.038231 0.300287 0.036149 0.301724 0.035274 0.304098 0.035066 0.306347 0.035191 0.308221 0.035482
0 0.369190 0.036024 0.372814 0.038356 0.375125 0.042229 0.375312 0.047185 0.373001 0.050391 0.369003 0.052390 0.368253 0.053598 0.366942 0.054265 0.364380 0.054348 0.361007 0.053848 0.358696 0.053265 0.356822 0.052099 0.355760 0.049933 0.355572 0.046102 0.355260 0.042187 0.356384 0.037523 0.359445 0.035774 0.362944 0.035066 0.366067 0.035274
0 0.345412 0.074525 0.348937 0.073853 0.355281 0.074458 0.361727 0.076337 0.366561 0.079426 0.369280 0.083790 0.368877 0.086140 0.367467 0.088557 0.364949 0.089430 0.362633 0.090101 0.357597 0.092719 0.354274 0.093324 0.348937 0.092585 0.343700 0.089564 0.339671 0.086408 0.338362 0.083521 0.338362 0.080433 0.339571 0.078217 0.340880 0.076673 0.341887 0.075532 0.343700 0.074793
0 0.446309 0.087627 0.451070 0.088546 0.456709 0.090885 0.459591 0.094226 0.462598 0.098236 0.462598 0.101159 0.461345 0.104334 0.458463 0.107424 0.452072 0.108845 0.447311 0.109513 0.441171 0.109262 0.439292 0.110515 0.433528 0.109012 0.431273 0.107926 0.430646 0.104835 0.428641 0.102412 0.428391 0.097400 0.428641 0.093892 0.431147 0.090718 0.432651 0.089465 0.436911 0.088379 0.438415 0.087878 0.443552 0.086959
0 0.429769 0.104250 0.421750 0.103164 0.408217 0.104918 0.404584 0.106339 0.400574 0.110682 0.398569 0.113857 0.396815 0.116780 0.398945 0.120706 0.402453 0.124549 0.407967 0.128809 0.416612 0.133236 0.421123 0.134072 0.430646 0.134322 0.431022 0.133069 0.432901 0.128057 0.436285 0.124800 0.441297 0.122461 0.447311 0.119537 0.443552 0.115861 0.439166 0.110766 0.430897 0.108176
2 0.441878 0.155557 0.436278 0.156575 0.432205 0.158725 0.427454 0.164721 0.424230 0.171282 0.423551 0.181804 0.419308 0.178070 0.413199 0.176487 0.405732 0.175582 0.397757 0.177392 0.388253 0.179881 0.380617 0.183275 0.375017 0.186442 0.371284 0.190402 0.370096 0.193570 0.372981 0.199905 0.381126 0.205675 0.386556 0.209069 0.385199 0.211784 0.389611 0.217327 0.402338 0.221626 0.421514 0.223323 0.436108 0.222645 0.445102 0.219590 0.449684 0.215404 0.452400 0.214838 0.456472 0.218459 0.464109 0.220269 0.470388 0.219590 0.478024 0.218346 0.483963 0.215065 0.495333 0.209069 0.499915 0.202394 0.500424 0.196172 0.495842 0.189723 0.489733 0.187687 0.491091 0.177165 0.484303 0.174450 0.476497 0.173885 0.464957 0.175355 0.461903 0.172753 0.457660 0.170151 0.451890 0.170491 0.446121 0.162458
2 0.522629 0.115872 0.524531 0.118091 0.526749 0.119253 0.527859 0.121049 0.529443 0.122845 0.529919 0.125803 0.530870 0.127493 0.533247 0.129184 0.536891 0.133726 0.540695 0.139220 0.539110 0.143763 0.536733 0.152426 0.531662 0.160455 0.531979 0.164258 0.527700 0.171019 0.532771 0.173555 0.536733 0.172815 0.539110 0.171653 0.540378 0.171547 0.539902 0.169540 0.546875 0.172815 0.550995 0.175139 0.558285 0.177886 0.565099 0.178520 0.576033 0.178520 0.585066 0.177675 0.591088 0.176090 0.596159 0.173238 0.594891 0.169857 0.593782 0.168484 0.597902 0.164997 0.601230 0.161194 0.602339 0.158342 0.602339 0.155595 0.601705 0.152954 0.600120 0.150207 0.597110 0.147883 0.595049 0.145242 0.590771 0.142072 0.583957 0.137107 0.580946 0.135628 0.576509 0.134783 0.573498 0.133726 0.569378 0.132670 0.566050 0.132353 0.564307 0.131930 0.558602 0.134255 0.557809 0.129606 0.555591 0.124535 0.554957 0.123056 0.550837 0.116189 0.543230 0.109745 0.534356 0.109428 0.528651 0.110590 0.525482 0.112175
2 0.504564 0.102983 0.499968 0.104251 0.495056 0.107421 0.490777 0.112280 0.487608 0.118302 0.485072 0.122950 0.481427 0.120521 0.474455 0.117985 0.469384 0.117034 0.462253 0.117351 0.450526 0.119147 0.445455 0.120626 0.435789 0.124746 0.432619 0.129078 0.430876 0.133938 0.432302 0.139431 0.435155 0.144713 0.438958 0.149573 0.442127 0.154010 0.442127 0.155912 0.444504 0.159821 0.451794 0.170597 0.458133 0.170068 0.465264 0.175668 0.476990 0.173766 0.481903 0.174189 0.491728 0.177464 0.494897 0.179260 0.500285 0.180844 0.504247 0.181161 0.511537 0.180105 0.516132 0.179048 0.523105 0.176090 0.528176 0.170174 0.531820 0.162885 0.531504 0.160666 0.536258 0.152954 0.540695 0.138797 0.531820 0.128021 0.530236 0.126120 0.529285 0.121788 0.526274 0.118513 0.521995 0.116400 0.522154 0.115027 0.521520 0.112386 0.518668 0.109322 0.512804 0.104779 0.507575 0.103934
0 0.444446 0.385150 0.444446 0.382313 0.447314 0.379662 0.450366 0.378860 0.452679 0.379292 0.453604 0.382560 0.453049 0.383855 0.450551 0.384595
0 0.441487 0.365294 0.441394 0.368624 0.440932 0.369981 0.438434 0.369487 0.435844 0.368192 0.435937 0.366342 0.437787 0.365171 0.439452 0.364801 0.440562 0.364739
1 0.469164 0.581123 0.489390 0.594164 0.501326 0.599469 0.526857 0.607206 0.554708 0.637047 0.564987 0.631521 0.567639 0.627763 0.566976 0.618921 0.560345 0.613837 0.558024 0.609416 0.546419 0.603890 0.541446 0.601459 0.526525 0.598143 0.516578 0.595491 0.503316 0.593059 0.464854 0.579355
1 0.503647 0.673298 0.472149 0.667109 0.434682 0.649204 0.406830 0.634173 0.397215 0.624447 0.397215 0.618921 0.395225 0.612511 0.395225 0.607869 0.396552 0.602564 0.399867 0.597480 0.403846 0.593501 0.412798 0.585102 0.419761 0.581786 0.432692 0.578028 0.442971 0.576039 0.449271 0.575818 0.459881 0.578691 0.493700 0.595712 0.528183 0.606543 0.554708 0.638594 0.569629 0.654067 0.571950 0.657162 0.561671 0.659151 0.536472 0.661804 0.516578 0.666004 0.508289 0.667993 0.502984 0.671088
1 0.448203 0.709855 0.454595 0.709977 0.456604 0.715822 0.464458 0.718135 0.471764 0.718744 0.477243 0.717526 0.483087 0.715700 0.487105 0.714969 0.502082 0.718500 0.541533 0.716309 0.554500 0.712656 0.557788 0.712656 0.562171 0.715335 0.565459 0.718013 0.565824 0.719718 0.562171 0.724101 0.554318 0.732868 0.539524 0.739565 0.534775 0.741270 0.527835 0.740783 0.521990 0.740417 0.499160 0.740417 0.469572 0.740174 0.445281 0.738713 0.433044 0.733964 0.421902 0.729094 0.416423 0.725928 0.422268 0.718500 0.429573 0.712656 0.431034 0.711438 0.441445 0.710464
1 0.468659 0.700967 0.430669 0.696340 0.407839 0.698288 0.402908 0.697314 0.416423 0.692078 0.457335 0.687573 0.496420 0.690495 0.507379 0.690861 0.524912 0.694757 0.538793 0.693661 0.561075 0.695244 0.580435 0.699749 0.585732 0.703280 0.585732 0.706324 0.580801 0.707298 0.563084 0.708394 0.549752 0.708638 0.498795 0.701332