2 0.541595 0.349425 0.536853 0.346121 0.528664 0.343822 0.525647 0.343391 0.520474 0.343534 0.517457 0.343103 0.513793 0.344253 0.511638 0.343966 0.509698 0.342960 0.507328 0.337931 0.503664 0.333908 0.497845 0.330747 0.492888 0.330316 0.486207 0.331034 0.482112 0.332328 0.478448 0.334626 0.474138 0.340517 0.472414 0.347126 0.470690 0.349425 0.468534 0.348707 0.463362 0.347845 0.458621 0.348132 0.453448 0.349282 0.446121 0.352011 0.435129 0.357902 0.431250 0.361351 0.429957 0.364943 0.430388 0.369109 0.431466 0.370833 0.435129 0.374138 0.445259 0.380747 0.445905 0.385201 0.447198 0.386063 0.458836 0.389224 0.466379 0.389655 0.470043 0.390374 0.475431 0.389511 0.482328 0.389368 0.485991 0.387356 0.492026 0.385632 0.493966 0.384626 0.498060 0.384339 0.501509 0.385776 0.509483 0.386925 0.514224 0.385920 0.517672 0.385632 0.521552 0.384626 0.526293 0.382471 0.529310 0.381897 0.531250 0.381034 0.537284 0.377011 0.539009 0.373276 0.538793 0.364943 0.542241 0.360920 0.544397 0.357328 0.543750 0.353161
2 0.372629 0.244109 0.372414 0.248563 0.374353 0.251437 0.375000 0.254454 0.379310 0.259626 0.381250 0.263362 0.384267 0.267385 0.391164 0.272414 0.396121 0.273994 0.399353 0.275575 0.403017 0.276149 0.407974 0.277586 0.411853 0.278017 0.415733 0.277730 0.419828 0.275862 0.423922 0.275431 0.429310 0.277443 0.431681 0.279167 0.435129 0.280029 0.448707 0.280603 0.460345 0.279598 0.466810 0.277299 0.470474 0.274856 0.471983 0.273132 0.474353 0.271408 0.476078 0.268966 0.478448 0.267672 0.482328 0.264368 0.484698 0.259770 0.484698 0.255460 0.483621 0.253448 0.478664 0.248276 0.474784 0.245402 0.466810 0.241954 0.461638 0.241092 0.459052 0.240230 0.454310 0.239943 0.450862 0.240661 0.447414 0.240086 0.446552 0.239080 0.445905 0.236063 0.444397 0.232615 0.441379 0.228448 0.439871 0.227011 0.435129 0.224138 0.431681 0.222989 0.427371 0.222701 0.423491 0.223132 0.419828 0.223994 0.416164 0.225431 0.411853 0.228305 0.407112 0.233764 0.404741 0.235057 0.400862 0.234483 0.397414 0.234483 0.391810 0.234914 0.383836 0.236207 0.378233 0.238937 0.376293 0.240230
0 0.228411 0.177562 0.230040 0.180417 0.228690 0.181782 0.225711 0.182248 0.223058 0.182558 0.220824 0.181534 0.220219 0.178183 0.220684 0.176972 0.221941 0.176724 0.224129 0.176693 0.226409 0.176786 0.227527 0.176972
0 0.242901 0.193627 0.242235 0.195149 0.240302 0.197579 0.236847 0.197811 0.232822 0.196902 0.231015 0.195592 0.230603 0.193395 0.230287 0.192296 0.231649 0.191768 0.234692 0.190817 0.237323 0.190902 0.239573 0.191155 0.241253 0.192043 0.241855 0.192698
0 0.260871 0.194768 0.260237 0.195931 0.256022 0.199966 0.253613 0.200579 0.248954 0.200389 0.246831 0.199501 0.245785 0.198635 0.245087 0.195994 0.247845 0.191874 0.248827 0.191578 0.252884 0.191493 0.255610 0.191641 0.257068 0.191958 0.258367 0.192423 0.259413 0.192867 0.260491 0.193691 0.260871 0.194473
0 0.345611 0.206418 0.349922 0.208943 0.353318 0.212905 0.354363 0.215648 0.354101 0.217259 0.352403 0.219871 0.350379 0.222135 0.348746 0.223267 0.346068 0.224878 0.345219 0.225401 0.342281 0.226271 0.338558 0.226358 0.334639 0.225096 0.330329 0.221177 0.327390 0.216910 0.326607 0.212513 0.326737 0.210336 0.330003 0.207245 0.333268 0.206287 0.336403 0.204937 0.339472 0.204894 0.342476 0.205329 0.344175 0.205721
0 0.309082 0.211942 0.307229 0.211129 0.303865 0.210479 0.302938 0.208301 0.304060 0.206090 0.305425 0.203977 0.307717 0.201409 0.309228 0.200304 0.310057 0.200142 0.312008 0.200077 0.314446 0.200402 0.318200 0.201019 0.318688 0.201182 0.320687 0.201995 0.321857 0.202710 0.322783 0.203555 0.323076 0.204628 0.323076 0.205765 0.323076 0.207131 0.322637 0.208106 0.321808 0.209048 0.320784 0.209991 0.319370 0.211129 0.318151 0.212072 0.316640 0.212527 0.314933 0.212624 0.311569 0.212234 0.310057 0.211974
0 0.292705 0.231591 0.292233 0.228410 0.291918 0.226172 0.290607 0.224005 0.285259 0.220719 0.279596 0.219915 0.274457 0.220754 0.271520 0.221663 0.269265 0.222782 0.268374 0.223935 0.267850 0.225124 0.267430 0.226277 0.267535 0.227571 0.269737 0.230507 0.273251 0.233234 0.275191 0.234178 0.278232 0.234493 0.281483 0.234318 0.285259 0.233689 0.286727 0.232954 0.287881 0.232605 0.290240 0.232395 0.291813 0.232185
0 0.369287 0.250688 0.371195 0.253158 0.374338 0.254879 0.375348 0.257723 0.374562 0.261539 0.370970 0.266029 0.367940 0.269920 0.363674 0.273213 0.359858 0.274186 0.355368 0.273662 0.350990 0.273063 0.347061 0.272016 0.342571 0.270818 0.337745 0.268573 0.336061 0.265730 0.336061 0.261764 0.336959 0.258471 0.339316 0.254879 0.341561 0.252410 0.344367 0.250688 0.349643 0.249566 0.354919 0.249341 0.358623 0.249416 0.365807 0.249790
2 0.430643 0.301376 0.433647 0.304598 0.435345 0.309039 0.437827 0.315831 0.437696 0.305294 0.437173 0.299721 0.437696 0.295106 0.437696 0.288662 0.439786 0.289359 0.448537 0.295977 0.450496 0.300331 0.450366 0.302769 0.449713 0.305207 0.446839 0.309561 0.440700 0.318356 0.440700 0.321491 0.441092 0.322274 0.444619 0.321839 0.446317 0.321578 0.447362 0.324190 0.445402 0.330024 0.442006 0.336729 0.437565 0.343696 0.425940 0.342041 0.421108 0.339864 0.417189 0.340648 0.413140 0.341344 0.409875 0.341257 0.404258 0.338645 0.400209 0.336729 0.397858 0.333682 0.403083 0.336120 0.408830 0.338123 0.415491 0.338819 0.418887 0.338732 0.419410 0.335423 0.422806 0.326977 0.416144 0.318095 0.417189 0.313567 0.419801 0.308777 0.422544 0.305643 0.425418 0.303030 0.428030 0.301811 0.429075 0.301463
2 0.343855 0.301065 0.354388 0.304630 0.365569 0.307547 0.366055 0.306683 0.356495 0.303118 0.346934 0.297932 0.343207 0.293827 0.341425 0.288534 0.341749 0.283456 0.342883 0.280324 0.344504 0.278055 0.347744 0.275786 0.350661 0.275030 0.353254 0.274814 0.357143 0.274706 0.360222 0.274598 0.361842 0.274598 0.362976 0.275354 0.364921 0.277839 0.366379 0.279351 0.368648 0.280756 0.375292 0.282052 0.377884 0.282268 0.390200 0.284105 0.398140 0.285833 0.405756 0.288750 0.408673 0.292207 0.409807 0.296636 0.410293 0.301929 0.409483 0.305926 0.406404 0.316081 0.401705 0.321050 0.397654 0.324183 0.387121 0.323535 0.383718 0.324940 0.382584 0.328072 0.379343 0.330665 0.373833 0.332610 0.368324 0.333582 0.364435 0.334662 0.359898 0.335418 0.353416 0.335634 0.348393 0.335634 0.343369 0.334986 0.340290 0.333906 0.337698 0.332610 0.331216 0.331853 0.326841 0.330449 0.322466 0.328504 0.318577 0.324399 0.318739 0.321267 0.319387 0.319214 0.320359 0.316729 0.327165 0.310140 0.331540 0.305602 0.337860 0.302253
2 0.347209 0.272722 0.345479 0.275383 0.342952 0.278665 0.339227 0.281148 0.333107 0.281591 0.331245 0.280971 0.332442 0.278487 0.332442 0.275738 0.332309 0.274053 0.328185 0.274851 0.325790 0.276004 0.322996 0.276891 0.320336 0.277778 0.316744 0.278133 0.312221 0.276536 0.308097 0.274851 0.305968 0.273609 0.301844 0.268199 0.310890 0.271126 0.319138 0.273166 0.327653 0.271836 0.330713 0.270416 0.330313 0.265450 0.329116 0.264297 0.326721 0.262523 0.324593 0.260040 0.323529 0.258089 0.321134 0.255162 0.323928 0.253920 0.322730 0.250284 0.322730 0.247712 0.323529 0.245406 0.325125 0.240351 0.325657 0.238222 0.327919 0.234497 0.333240 0.232280 0.334970 0.232280 0.337763 0.233610 0.339626 0.237158 0.341754 0.235650 0.341754 0.232901 0.341888 0.229530 0.341888 0.226426 0.344415 0.226337 0.346810 0.227756 0.351998 0.232014 0.354127 0.234408 0.354526 0.238045 0.353595 0.241592 0.347741 0.248953 0.343883 0.250993 0.339759 0.253743 0.337630 0.257024 0.336167 0.260217 0.336300 0.264386 0.336566 0.266958 0.337896 0.268554 0.342686 0.270771
0 0.460634 0.417961 0.463449 0.419903 0.465779 0.423527 0.464906 0.425145 0.462576 0.427863 0.458984 0.429287 0.456945 0.429028 0.453547 0.427216 0.451412 0.425016 0.450344 0.423333 0.450150 0.421974 0.450926 0.421262 0.454130 0.419644 0.457042 0.418349 0.459663 0.417637
0 0.433930 0.408636 0.432479 0.408588 0.430882 0.409313 0.429358 0.409894 0.427689 0.410136 0.425440 0.409507 0.424351 0.408104 0.424351 0.407572 0.424859 0.406653 0.425657 0.405637 0.428487 0.405008 0.429721 0.404960 0.431245 0.405056 0.433059 0.405734 0.434002 0.406459 0.434075 0.407620
0 0.438647 0.421456 0.435018 0.416618 0.433204 0.416522 0.430084 0.416618 0.428633 0.417489 0.427472 0.418940 0.426673 0.420779 0.426964 0.422617 0.428415 0.423923 0.429721 0.424794 0.430447 0.424987 0.432116 0.425471 0.434002 0.425471 0.434728 0.425374 0.435526 0.424891 0.437848 0.423439 0.438719 0.422423
1 0.513069 0.644106 0.506059 0.644085 0.501940 0.645259 0.495690 0.646121 0.490086 0.647845 0.485991 0.647989 0.482804 0.647927 0.470653 0.647927 0.466595 0.648276 0.462931 0.648851 0.457112 0.648707 0.447629 0.649138 0.443319 0.650000 0.438578 0.650287 0.422629 0.654167 0.419828 0.655316 0.392457 0.658046 0.389655 0.659195 0.376940 0.661925 0.366164 0.665948 0.360129 0.669540 0.357328 0.672126 0.355388 0.674569 0.354310 0.678161 0.356034 0.680603 0.360991 0.683908 0.374353 0.687213 0.376078 0.688218 0.377802 0.690661 0.381034 0.692098 0.388147 0.692816 0.393103 0.692672 0.402371 0.691523 0.410776 0.689943 0.417457 0.689368 0.427586 0.686638 0.445474 0.680172 0.454095 0.677586 0.460129 0.675000 0.464440 0.673707 0.478233 0.667098 0.481466 0.665948 0.487390 0.663365 0.489871 0.661925 0.494397 0.658908 0.498395 0.656334 0.503619 0.652760
1 0.505125 0.624124 0.486202 0.617290 0.484888 0.612910 0.484888 0.607128 0.489356 0.600119 0.495401 0.593811 0.504862 0.585751 0.520632 0.574362 0.538767 0.562798 0.556376 0.551759 0.576088 0.538618 0.595274 0.523024 0.606050 0.518293 0.623660 0.516365 0.636801 0.519169 0.643634 0.522147 0.653622 0.524425 0.649154 0.527054 0.644423 0.527054 0.637327 0.529156 0.628128 0.534588 0.614461 0.545451 0.605525 0.560695 0.593960 0.572785 0.574248 0.586102 0.551908 0.602572 0.532459 0.616239 0.509330 0.623598
1 0.520106 0.620795 0.519843 0.628855 0.520106 0.633586 0.526151 0.635338 0.534036 0.634987 0.561107 0.630607 0.588178 0.625876 0.616038 0.614137 0.633121 0.606602 0.663609 0.580845 0.690417 0.557892 0.709604 0.544926 0.720642 0.541421 0.728790 0.540896 0.733521 0.543349 0.737200 0.542998 0.739040 0.539494 0.735623 0.537742 0.726950 0.537917 0.721956 0.536690 0.714072 0.534588 0.705136 0.536165 0.682007 0.539144 0.658878 0.543349 0.638378 0.550357 0.614724 0.558417 0.603422 0.563849 0.596326 0.572084 0.533773 0.615363
1 0.506908 0.624488 0.466462 0.609727 0.422178 0.587093 0.384979 0.566230 0.356046 0.551075 0.330066 0.539462 0.316190 0.536313 0.311762 0.536510 0.314124 0.542415 0.315600 0.547926 0.328295 0.559144 0.348666 0.574103 0.383798 0.591423 0.402692 0.598114 0.416273 0.605594 0.456719 0.622914 0.485061 0.633542 0.498051 0.634723
1 0.582100 0.627277 0.555669 0.640967 0.529034 0.650998 0.531677 0.657639 0.537777 0.658453 0.549162 0.658182 0.564818 0.652624 0.585353 0.643949 0.597755 0.636901 0.611378 0.627277 0.620120 0.618873 0.625203 0.610334 0.588199 0.626057 0.584743 0.626328