2 0.310753 0.300194 0.314706 0.300874 0.316874 0.302574 0.318659 0.303424 0.318659 0.300364 0.320572 0.296113 0.322995 0.291267 0.325291 0.287696 0.330009 0.285316 0.333070 0.284806 0.337406 0.285656 0.342634 0.288717 0.345950 0.292287 0.348118 0.295518 0.353729 0.295858 0.360615 0.297473 0.364568 0.300109 0.365844 0.302744 0.366481 0.304700 0.366099 0.307335 0.365206 0.309631 0.364058 0.311671 0.362656 0.313541 0.362273 0.314647 0.362401 0.316772 0.362783 0.319323 0.362528 0.321533 0.361508 0.323488 0.360998 0.325784 0.357810 0.328164 0.349776 0.333605 0.345440 0.334541 0.342762 0.334711 0.340466 0.334711 0.339191 0.334115 0.337023 0.332245 0.337023 0.330205 0.331922 0.335051 0.327969 0.337346 0.322740 0.339302 0.319042 0.339982 0.315089 0.339982 0.309605 0.340067 0.306162 0.340067 0.302081 0.339472 0.298893 0.337431 0.294557 0.335391 0.293665 0.334115 0.293665 0.332585 0.294430 0.331140 0.294175 0.330375 0.290859 0.328504 0.287926 0.326124 0.284355 0.322978 0.282315 0.319663 0.282187 0.315922 0.282697 0.313201 0.286268 0.309971 0.293920 0.303850 0.301571 0.301044 0.306800 0.300279
0 0.498851 0.335055 0.499183 0.335284 0.500350 0.337255 0.501751 0.338448 0.501284 0.340004 0.500973 0.341767 0.499883 0.343531 0.497549 0.345450 0.494204 0.347162 0.491714 0.348095 0.488290 0.347473 0.486345 0.347110 0.485412 0.346384 0.482766 0.346332 0.480043 0.345346 0.479965 0.342857 0.479732 0.340315 0.482844 0.337151 0.485801 0.335606 0.488052 0.335055 0.490901 0.334044 0.493705 0.333922 0.496370 0.334657
1 0.279457 0.647151 0.279457 0.648989 0.280683 0.651168 0.286301 0.654437 0.297128 0.656956 0.312755 0.659953 0.329711 0.662472 0.347075 0.666013 0.358004 0.668601 0.370261 0.670439 0.378330 0.670439 0.383437 0.669350 0.385684 0.666762 0.387318 0.663017 0.379964 0.663562 0.375878 0.663153 0.371691 0.661383 0.363009 0.658659 0.340129 0.653552 0.311223 0.649126 0.285892 0.647083 0.280990 0.646061
2 0.315162 0.228195 0.315416 0.222363 0.316176 0.216362 0.317444 0.211376 0.320614 0.208164 0.327840 0.207573 0.332784 0.209770 0.336841 0.212559 0.338362 0.215940 0.342161 0.216344 0.345107 0.218411 0.349265 0.228786 0.348377 0.235632 0.347743 0.243408 0.345969 0.246366 0.340264 0.253212 0.335319 0.255409 0.331643 0.255156 0.329488 0.256592 0.324544 0.259804 0.318839 0.261663 0.312373 0.262424 0.308190 0.262255 0.300837 0.260311 0.298048 0.257437 0.296146 0.256339 0.292850 0.255240 0.287525 0.250845 0.283088 0.245352 0.281820 0.241295 0.284102 0.236731 0.287399 0.232252 0.292850 0.228448 0.297667 0.225237 0.300583 0.224391 0.306922 0.224053 0.309584 0.224053 0.313134 0.225152
0 0.414265 0.168900 0.416546 0.170998 0.417018 0.172991 0.417018 0.174616 0.416153 0.176347 0.414580 0.177920 0.413400 0.178916 0.408366 0.178864 0.401444 0.177867 0.400028 0.173830 0.400815 0.171417 0.401680 0.169372 0.403646 0.168324 0.405377 0.168009 0.408523 0.168009 0.411119 0.168009 0.413243 0.168586
0 0.453050 0.169154 0.454672 0.171162 0.454440 0.173094 0.453166 0.174716 0.451080 0.176801 0.449226 0.177419 0.445402 0.177188 0.440536 0.176029 0.439841 0.174252 0.439609 0.172553 0.439609 0.171162 0.440304 0.170158 0.442158 0.168691 0.443201 0.168150 0.445286 0.168073 0.449110 0.168073 0.450848 0.168459
0 0.430223 0.181668 0.431150 0.185067 0.429760 0.187384 0.429644 0.189084 0.427790 0.191015 0.425704 0.191478 0.424546 0.191787 0.422808 0.192791 0.421301 0.193718 0.420374 0.194954 0.419332 0.196422 0.418289 0.198276 0.416319 0.198585 0.413886 0.198585 0.411105 0.198585 0.409367 0.198508 0.407629 0.197658 0.403921 0.192405 0.401488 0.187925 0.401024 0.185221 0.402067 0.183445 0.405659 0.181822 0.409367 0.180432 0.414233 0.178887 0.417246 0.178501 0.419332 0.178424 0.422113 0.178424 0.425241 0.179119 0.428833 0.180432
0 0.447488 0.192173 0.447720 0.195341 0.445982 0.197890 0.443317 0.200748 0.440768 0.201752 0.435785 0.201906 0.433004 0.194645 0.430687 0.193178 0.428022 0.191633 0.428833 0.190474 0.430919 0.189161 0.436017 0.187848 0.439145 0.187848 0.444475 0.189084 0.446445 0.190860
0 0.532690 0.317923 0.531355 0.320784 0.528113 0.322500 0.524489 0.323708 0.521342 0.323772 0.518290 0.323517 0.515906 0.322310 0.514094 0.321102 0.513904 0.318813 0.515048 0.316524 0.516765 0.314363 0.521247 0.312328 0.527254 0.312010 0.530211 0.314426 0.532499 0.315952
0 0.476808 0.306861 0.478429 0.309404 0.479860 0.312964 0.479669 0.315698 0.478620 0.318622 0.476713 0.320084 0.475473 0.320784 0.472898 0.321165 0.471182 0.321038 0.468226 0.319639 0.462599 0.317287 0.462313 0.314998 0.462313 0.312583 0.462313 0.311184 0.463076 0.308387 0.463648 0.307433 0.466986 0.306416 0.469465 0.306225 0.473566 0.306734
2 0.315492 0.219238 0.311151 0.217171 0.308360 0.214897 0.308670 0.211486 0.309911 0.209212 0.311926 0.207248 0.315803 0.205387 0.319369 0.203113 0.325260 0.201149 0.328361 0.200529 0.332858 0.200426 0.331773 0.197325 0.331773 0.194741 0.332238 0.191226 0.333013 0.189469 0.335184 0.187609 0.339370 0.185438 0.342936 0.184611 0.346967 0.184301 0.349758 0.184404 0.356270 0.186368 0.364178 0.193087 0.370535 0.189676 0.379682 0.189262 0.390536 0.192157 0.394567 0.193397 0.395807 0.196188 0.395032 0.207765 0.390846 0.214277 0.382783 0.224097 0.377977 0.225027 0.373791 0.226784 0.363868 0.226061 0.358596 0.226991 0.356735 0.229678 0.351154 0.231642 0.348828 0.231849 0.348673 0.227611 0.345882 0.220169 0.343556 0.217068 0.342006 0.216034 0.338285 0.215517 0.335339 0.211589 0.327586 0.207145 0.319679 0.207661 0.317663 0.212830
2 0.436105 0.202290 0.437690 0.205882 0.437849 0.211482 0.437056 0.219405 0.440226 0.216658 0.439750 0.213594 0.441652 0.209263 0.444187 0.206939 0.448941 0.205460 0.452586 0.205460 0.461777 0.208840 0.470335 0.214651 0.475881 0.220250 0.476198 0.225427 0.471602 0.232399 0.466056 0.236625 0.464947 0.236520 0.463521 0.238738 0.458766 0.240640 0.451318 0.242330 0.443712 0.242330 0.435472 0.239478 0.431827 0.237259 0.428024 0.234195 0.427548 0.238210 0.421685 0.238210 0.417565 0.235146 0.411226 0.227645 0.407898 0.222891 0.408532 0.213911 0.409166 0.212538 0.408215 0.205354 0.408849 0.201340 0.410434 0.199121 0.411543 0.198276 0.418040 0.198487 0.421685 0.193733 0.428024 0.191092 0.432778 0.194473 0.435630 0.200389
1 0.408456 0.670361 0.446086 0.664660 0.491414 0.654967 0.527162 0.647213 0.532293 0.647441 0.531609 0.650292 0.502703 0.660213 0.462849 0.673668 0.442323 0.679484 0.426416 0.680054 0.423166 0.680168 0.415469 0.679142 0.411877 0.676975 0.410167 0.675835 0.407943 0.672642
1 0.350485 0.587733 0.294922 0.565508 0.238685 0.538344 0.216123 0.526221 0.196929 0.517017 0.178745 0.511853 0.165612 0.512078 0.161907 0.514547 0.169652 0.516792 0.179081 0.520384 0.186490 0.530936 0.208041 0.553161 0.234308 0.569100 0.262258 0.579876 0.306708 0.596713 0.349475 0.611530 0.371700 0.619163 0.366312 0.610183 0.362608 0.603897
1 0.324555 0.563937 0.328596 0.561243 0.342066 0.562141 0.362608 0.565957 0.374394 0.571570 0.391231 0.584366 0.400660 0.594917 0.405374 0.602550 0.381466 0.619163 0.371363 0.617367 0.369679 0.612428 0.348464 0.583468 0.338699 0.570672 0.334995 0.567753 0.330280 0.565284
2 0.394828 0.280690 0.394655 0.276207 0.395345 0.271839 0.396379 0.270575 0.391034 0.266322 0.385000 0.261609 0.385345 0.255172 0.387586 0.252414 0.390517 0.249080 0.394138 0.246322 0.396379 0.247241 0.398621 0.250000 0.401897 0.257701 0.408448 0.257586 0.412069 0.260115 0.417414 0.267011 0.421724 0.273218 0.425862 0.273678 0.426552 0.275287 0.423621 0.276782 0.425000 0.282069 0.426034 0.288736 0.429310 0.289885 0.431724 0.290000 0.437759 0.286552 0.443966 0.283908 0.445345 0.286322 0.443103 0.289425 0.439828 0.292529 0.435345 0.294828 0.422931 0.294138 0.419655 0.294598 0.421897 0.298046 0.420862 0.300575 0.419655 0.301839 0.415862 0.301494 0.410862 0.300115 0.408621 0.299080 0.406379 0.298046 0.404483 0.295747 0.401379 0.294483 0.400000 0.292874 0.398448 0.290115 0.397241 0.286667 0.394828 0.281954
2 0.394027 0.281575 0.389818 0.281235 0.385228 0.279705 0.382677 0.278600 0.374005 0.279025 0.368267 0.279960 0.361890 0.279365 0.356407 0.279195 0.349010 0.277069 0.346332 0.275879 0.343399 0.274264 0.341741 0.272818 0.341359 0.271033 0.341104 0.269078 0.340976 0.268483 0.338936 0.266527 0.337661 0.264657 0.335748 0.261596 0.334728 0.259216 0.333835 0.256835 0.334983 0.254880 0.339446 0.253690 0.346587 0.246208 0.351561 0.243233 0.357937 0.242553 0.363676 0.242297 0.367629 0.243828 0.371965 0.245953 0.375026 0.241362 0.377448 0.237537 0.378851 0.234731 0.382677 0.232861 0.388033 0.231075 0.392114 0.231585 0.396960 0.232946 0.400148 0.234816 0.401423 0.241702 0.401806 0.243318 0.409457 0.244508 0.413666 0.246718 0.419404 0.250544 0.420807 0.253775 0.420552 0.258281 0.415834 0.264912 0.409967 0.258961 0.408182 0.257771 0.401551 0.257430 0.396832 0.246973 0.394792 0.246378 0.389053 0.249864 0.385100 0.255560 0.385610 0.261426 0.396705 0.270608 0.394792 0.273839 0.393899 0.278855
1 0.412147 0.623004 0.437590 0.619413 0.463931 0.616619 0.489972 0.609634 0.508830 0.601652 0.522599 0.597861 0.546246 0.596464 0.570193 0.601852 0.588751 0.604446 0.607908 0.604845 0.624072 0.606242 0.630957 0.609235 0.642032 0.616220 0.644426 0.621807 0.646522 0.626996 0.649814 0.630388 0.648916 0.633780 0.628562 0.634179 0.595636 0.637971 0.580669 0.639767 0.557920 0.637771 0.541756 0.634379 0.524695 0.628592 0.507334 0.624800 0.489673 0.625399 0.456148 0.631785 0.410051 0.641363 0.392391 0.636973 0.395983 0.633182 0.410351 0.631186
1 0.404169 0.600279 0.430444 0.585715 0.450520 0.576268 0.484176 0.555798 0.498051 0.540053 0.508975 0.523914 0.517832 0.513679 0.527574 0.503248 0.542631 0.494784 0.553555 0.493013 0.558869 0.497737 0.558573 0.500689 0.555326 0.506200 0.542631 0.519780 0.528165 0.529818 0.524622 0.539856 0.508680 0.556782 0.480338 0.576661 0.439891 0.603035 0.412140 0.622717 0.398264 0.620946 0.392064 0.615238 0.392064 0.613860 0.393245 0.612482 0.403873 0.602641