1 0.535216 0.613372 0.528995 0.608040 0.523662 0.600486 0.519441 0.591747 0.523218 0.583600 0.530106 0.579453 0.543215 0.576934 0.562767 0.576342 0.567210 0.577823 0.569210 0.577379 0.565877 0.573380 0.576320 0.572491 0.589873 0.573083 0.608981 0.576194 0.621645 0.581082 0.628755 0.588636 0.630088 0.595894 0.626533 0.603596 0.601649 0.602856 0.574764 0.604041 0.566322 0.604633 0.551435 0.607596 0.544548 0.609966 0.539882 0.611891
1 0.627694 0.603397 0.661946 0.602114 0.671182 0.592108 0.684267 0.575688 0.690810 0.556188 0.691579 0.543103 0.689655 0.522578 0.682728 0.503849 0.671182 0.487172 0.651170 0.472034 0.638855 0.465876 0.626924 0.462028 0.610376 0.463824 0.612300 0.474343 0.610376 0.476396 0.606912 0.472034 0.604988 0.471008 0.598830 0.471008 0.588439 0.471778 0.566118 0.479731 0.536099 0.496408 0.512238 0.521808 0.493765 0.547978 0.484914 0.577997 0.484144 0.592108 0.498384 0.617252 0.529172 0.626232 0.533020 0.613403 0.527248 0.607245 0.519935 0.596726 0.519550 0.591338 0.521860 0.583898 0.524554 0.581332 0.529557 0.578766 0.536484 0.577484 0.544566 0.576714 0.553033 0.575944 0.557651 0.575944 0.562654 0.575944 0.566502 0.577740 0.569196 0.578253 0.566502 0.574405 0.569966 0.572352 0.588824 0.573378 0.610760 0.576714 0.623845 0.582102 0.629618 0.589542 0.631158 0.594674
1 0.551108 0.647014 0.572660 0.653684 0.584206 0.653428 0.608451 0.648296 0.632697 0.642395 0.652709 0.637777 0.672722 0.633672 0.697352 0.629567 0.725831 0.626232 0.753541 0.624436 0.788177 0.624949 0.813193 0.622640 0.829741 0.618791 0.843596 0.615712 0.850523 0.617765 0.850523 0.621357 0.858605 0.619817 0.873999 0.613660 0.877078 0.612120 0.872075 0.609555 0.865917 0.608272 0.855142 0.608528 0.843981 0.610581 0.834360 0.610581 0.809344 0.605963 0.782789 0.602114 0.728910 0.601601 0.660406 0.602114 0.622306 0.604167 0.588824 0.602114 0.558805 0.604423 0.535714 0.611864 0.531866 0.619048 0.531481 0.628797 0.533790 0.633159 0.534560 0.636238 0.542642 0.639830 0.546490 0.642395 0.548414 0.644448
0 0.637977 0.332129 0.624071 0.339116 0.624928 0.335820 0.625982 0.333931 0.627827 0.332173 0.628882 0.331295 0.631255 0.330504 0.631914 0.330416 0.633693 0.330636 0.635407 0.331163 0.636923 0.331734
0 0.302806 0.368532 0.305322 0.371942 0.307167 0.374849 0.307418 0.377197 0.305909 0.379322 0.303141 0.380496 0.298194 0.381446 0.295175 0.381502 0.291233 0.380328 0.287460 0.377533 0.285279 0.374681 0.284692 0.373172 0.284609 0.371439 0.284944 0.369985 0.286537 0.369147 0.288298 0.367581 0.289053 0.366687 0.291485 0.366128 0.293833 0.365736 0.295929 0.365736 0.298110 0.366184 0.300458 0.367246 0.301800 0.367973
0 0.298333 0.356064 0.299369 0.360162 0.299092 0.361314 0.296813 0.363294 0.294257 0.364445 0.291770 0.364169 0.287695 0.362649 0.284310 0.361590 0.281271 0.360209 0.281063 0.359334 0.281961 0.357399 0.282376 0.356294 0.283412 0.354867 0.284310 0.354406 0.287211 0.353807 0.288938 0.353623 0.291218 0.353715 0.293635 0.354360 0.295017 0.354682 0.297158 0.355327 0.298194 0.355557
0 0.169395 0.171637 0.170074 0.174485 0.169298 0.177138 0.166094 0.178368 0.160172 0.178756 0.156677 0.177397 0.156483 0.175326 0.156580 0.172932 0.156677 0.171508 0.158716 0.170472 0.161822 0.169890 0.164152 0.169825 0.165608 0.169890 0.167162 0.170407
0 0.187698 0.190736 0.190268 0.192669 0.191059 0.193987 0.191257 0.196184 0.190004 0.198601 0.189016 0.199568 0.187895 0.200051 0.185193 0.200842 0.183348 0.201062 0.180514 0.201369 0.177548 0.200798 0.174912 0.200315 0.172737 0.198118 0.171880 0.197415 0.171419 0.195306 0.171484 0.193460 0.177153 0.191395 0.179921 0.190736 0.182557 0.190516 0.184336 0.190472
0 0.202856 0.187397 0.202329 0.189110 0.202329 0.191131 0.202066 0.193548 0.201604 0.194954 0.201934 0.197195 0.202922 0.198118 0.205822 0.200271 0.211886 0.201896 0.221047 0.203215 0.226451 0.202687 0.231197 0.201413 0.233635 0.199919 0.233569 0.197019 0.232119 0.195262 0.230933 0.193636 0.231131 0.189110 0.229088 0.186826 0.227176 0.185551 0.224408 0.184453 0.221179 0.183882 0.217290 0.183486 0.211754 0.183750 0.207338 0.184848 0.205163 0.186430
0 0.246425 0.179672 0.249637 0.181286 0.250661 0.182062 0.254059 0.185196 0.254059 0.187740 0.253594 0.189696 0.251452 0.191619 0.248427 0.192675 0.238559 0.190689 0.236138 0.190316 0.235998 0.189696 0.235347 0.189696 0.233764 0.189013 0.233345 0.187275 0.232880 0.184761 0.232973 0.182713 0.233671 0.181720 0.235160 0.180541 0.237069 0.179827 0.239071 0.179269 0.241584 0.179083 0.245401 0.179362
0 0.296924 0.187926 0.306014 0.187585 0.314900 0.187585 0.319190 0.187994 0.322254 0.190854 0.322254 0.193509 0.324195 0.195348 0.325421 0.197731 0.324910 0.199502 0.326442 0.201817 0.327668 0.204609 0.329098 0.207332 0.328996 0.211350 0.327157 0.214346 0.325217 0.216253 0.317045 0.218772 0.313675 0.219181 0.305810 0.217887 0.298149 0.216116 0.290795 0.213801 0.285994 0.211622 0.281807 0.208422 0.279968 0.205834 0.278742 0.202770 0.280172 0.199842 0.281092 0.198072 0.282215 0.195961 0.283237 0.194531 0.284462 0.193305 0.286403 0.191943 0.288650 0.190649 0.291408 0.189492 0.293961 0.188811
0 0.298251 0.216116 0.287322 0.221087 0.287322 0.222449 0.286607 0.224220 0.286607 0.225105 0.287833 0.226603 0.288037 0.228101 0.289672 0.229395 0.290693 0.230144 0.291101 0.231574 0.291510 0.233140 0.292531 0.234366 0.293553 0.235115 0.294881 0.235455 0.296515 0.235932 0.298047 0.236272 0.299886 0.236272 0.302950 0.236000 0.305810 0.235728 0.307648 0.235455 0.310304 0.234638 0.313470 0.233889 0.315105 0.233072 0.316024 0.232391 0.318884 0.225922 0.317862 0.222041 0.315002 0.220338 0.313062 0.219113
2 0.471097 0.321327 0.469260 0.319879 0.464080 0.317428 0.458567 0.316315 0.449379 0.316983 0.442195 0.318542 0.438018 0.320324 0.434342 0.326005 0.434677 0.331239 0.438519 0.339816 0.444199 0.345607 0.444366 0.349840 0.446037 0.355854 0.449211 0.360532 0.454892 0.365321 0.461742 0.369888 0.469761 0.372449 0.485298 0.373897 0.490811 0.371893 0.490978 0.369665 0.496993 0.371893 0.499499 0.373452 0.507017 0.375679 0.518377 0.376793 0.531576 0.376125 0.542936 0.375011 0.548784 0.373118 0.553629 0.371336 0.556469 0.369442 0.556636 0.367549 0.555634 0.365655 0.565825 0.361200 0.570670 0.356634 0.575515 0.350508 0.575348 0.346610 0.573176 0.341932 0.566660 0.335695 0.555801 0.330794 0.544941 0.327007 0.532077 0.325448 0.518043 0.325225 0.519714 0.312973 0.516206 0.308518 0.509523 0.306068 0.504678 0.305400 0.495656 0.305288 0.487637 0.306736 0.484296 0.308295
2 0.376124 0.289355 0.376874 0.293603 0.374625 0.297976 0.366567 0.306972 0.358696 0.314718 0.358883 0.315592 0.363381 0.310345 0.366192 0.309345 0.366192 0.315217 0.366379 0.320965 0.366004 0.329960 0.363193 0.337081 0.363193 0.341204 0.360195 0.345577 0.357384 0.346327 0.354760 0.349200 0.349888 0.351699 0.346327 0.352949 0.344265 0.352074 0.342391 0.348576 0.342391 0.345077 0.342579 0.344328 0.331334 0.343703 0.327774 0.344828 0.316529 0.344828 0.310157 0.342079 0.307534 0.340080 0.301912 0.335082 0.306597 0.334833 0.302474 0.332084 0.306034 0.333083 0.321777 0.339205 0.324025 0.339830 0.331709 0.338956 0.330210 0.334833 0.329460 0.331459 0.330585 0.324838 0.331334 0.322589 0.327774 0.318716 0.327961 0.315967 0.330960 0.315092 0.331897 0.312094 0.337519 0.305097 0.339580 0.299350 0.344078 0.296352 0.346139 0.296352 0.348388 0.297976 0.353073 0.289105 0.355135 0.288731 0.356634 0.291729 0.357384 0.292479 0.358508 0.288481 0.359070 0.284733 0.360757 0.286232 0.363193 0.287606 0.367879 0.287856 0.372376 0.288106
2 0.410993 0.213933 0.417951 0.215065 0.425078 0.220948 0.429830 0.230338 0.429321 0.232827 0.434581 0.232827 0.439842 0.233618 0.446460 0.237126 0.453078 0.242443 0.454436 0.246289 0.455115 0.250249 0.455115 0.253756 0.454266 0.256924 0.452400 0.263372 0.449684 0.266087 0.450024 0.270386 0.449345 0.276156 0.446969 0.281700 0.446121 0.282831 0.444084 0.285433 0.440012 0.288601 0.437127 0.290071 0.428133 0.292787 0.420157 0.293013 0.414726 0.291542 0.410314 0.289619 0.407939 0.287469 0.408957 0.281134 0.401829 0.287922 0.391817 0.290411 0.384181 0.290411 0.375356 0.289053 0.363987 0.287356 0.356690 0.283510 0.351599 0.280229 0.349053 0.275025 0.345999 0.271518 0.339889 0.263712 0.336835 0.256358 0.336835 0.252285 0.338023 0.247534 0.343283 0.242556 0.347356 0.239841 0.349392 0.236899 0.360051 0.233853 0.367919 0.231801 0.374076 0.230889 0.382115 0.231231 0.390497 0.234766 0.395551 0.223663 0.399963 0.218006 0.405054 0.213933
2 0.410338 0.213442 0.417351 0.210363 0.423337 0.208767 0.430521 0.208995 0.436337 0.210363 0.442323 0.212074 0.446429 0.214696 0.451047 0.218801 0.454810 0.225415 0.454981 0.229406 0.461310 0.229178 0.466270 0.229520 0.476533 0.231801 0.487308 0.236590 0.494492 0.242862 0.497058 0.248107 0.497058 0.252440 0.496887 0.255747 0.486453 0.265440 0.485940 0.270229 0.483203 0.273878 0.475164 0.277869 0.468151 0.279808 0.459770 0.282088 0.447284 0.282658 0.450534 0.272396 0.449849 0.266580 0.453099 0.262247 0.453955 0.257115 0.455494 0.250274 0.452928 0.242976 0.447797 0.238529 0.439416 0.234081 0.435482 0.232941 0.429495 0.232257 0.417469 0.215629 0.403602 0.216742 0.389813 0.234423 0.382115 0.230774 0.374932 0.230774 0.367748 0.232029 0.348420 0.237160 0.354235 0.232143 0.362958 0.226669 0.372195 0.224275 0.385194 0.222678 0.393918 0.223020 0.396141 0.223020 0.398023 0.219942 0.401444 0.216749 0.405549 0.214468 0.408114 0.213442