1 0.514611 0.761007 0.542373 0.753214 0.573422 0.748831 0.618717 0.750536 0.673510 0.756380 0.711134 0.762468 0.756064 0.778784 0.772501 0.791447 0.786017 0.812147 0.784921 0.821888 0.776520 0.831385 0.741818 0.839908 0.716248 0.845509 0.666204 0.843074 0.607759 0.836012 0.565386 0.822375 0.500365 0.795344 0.485023 0.783898 0.477718 0.775132 0.477718 0.769043 0.508767 0.774644
0 0.260262 0.112746 0.258680 0.110944 0.256571 0.110373 0.254791 0.110241 0.252682 0.110812 0.251694 0.111999 0.251628 0.113844 0.252880 0.115558 0.254594 0.117052 0.256176 0.117667 0.258021 0.117359 0.258878 0.116832 0.258878 0.115470 0.258944 0.114855
0 0.278057 0.117227 0.277398 0.116041 0.276936 0.115250 0.275223 0.114152 0.272323 0.113273 0.270939 0.113273 0.269818 0.114064 0.268830 0.114943 0.268830 0.115646 0.269159 0.116656 0.275289 0.119864 0.274893 0.117315
0 0.275398 0.135116 0.273770 0.135283 0.271827 0.135450 0.269697 0.135283 0.267442 0.134531 0.265186 0.132861 0.264998 0.131190 0.265688 0.129644 0.266252 0.128099 0.266815 0.126971 0.268006 0.126763 0.271389 0.127556 0.276213 0.129143 0.277779 0.132652 0.276839 0.134406
0 0.305032 0.139293 0.301900 0.140922 0.299206 0.141632 0.296637 0.141381 0.292377 0.139376 0.290685 0.138040 0.287866 0.135826 0.287490 0.134573 0.287365 0.133696 0.287991 0.133195 0.288806 0.132401 0.290998 0.131190 0.293316 0.130062 0.295071 0.129519 0.297075 0.129519 0.300772 0.130480 0.303090 0.131608 0.305784 0.133821 0.306849 0.135742 0.307287 0.137371
0 0.310863 0.182156 0.309263 0.178552 0.306370 0.176420 0.301267 0.174186 0.296165 0.173627 0.292966 0.173576 0.289235 0.174186 0.286265 0.175607 0.285199 0.177283 0.283371 0.179009 0.282686 0.182258 0.284285 0.185609 0.288854 0.189112 0.296926 0.191447 0.301496 0.190635 0.307207 0.189213 0.309797 0.187944
0 0.324459 0.170822 0.328894 0.170177 0.331112 0.167940 0.331339 0.166045 0.331396 0.164263 0.331339 0.162406 0.329406 0.160321 0.327643 0.158273 0.326449 0.157326 0.324288 0.157136 0.322298 0.157439 0.320762 0.158008 0.319739 0.158463 0.317351 0.159411 0.316839 0.159904 0.316611 0.160207 0.316441 0.160700
0 0.325067 0.242667 0.324647 0.241827 0.326467 0.240708 0.325487 0.237256 0.321009 0.231751 0.315271 0.225873 0.310513 0.224007 0.302396 0.223168 0.298477 0.223448 0.295119 0.224660 0.290500 0.226526 0.288121 0.229698 0.287702 0.232404 0.288541 0.233990 0.289801 0.237629 0.291340 0.239961 0.293999 0.242200 0.298197 0.244253 0.303096 0.245279 0.305055 0.245279 0.308833 0.244253 0.314711 0.243880 0.321569 0.243040
0 0.396250 0.204342 0.398853 0.203787 0.400414 0.201288 0.399894 0.199345 0.400310 0.194347 0.398540 0.190807 0.396770 0.188794 0.393126 0.187337 0.389274 0.186296 0.386151 0.186435 0.379591 0.186504 0.377613 0.188864 0.375635 0.191363 0.374698 0.192612 0.373345 0.194694 0.372512 0.198165 0.372303 0.200386 0.372616 0.202468 0.373761 0.204551 0.375219 0.206008 0.378967 0.206008 0.381986 0.205453 0.384172 0.205106 0.386047 0.205106 0.388962 0.204689
0 0.417134 0.252730 0.415625 0.252874 0.413147 0.251006 0.412069 0.248060 0.412284 0.246049 0.413147 0.243750 0.412823 0.242672 0.411315 0.240374 0.410560 0.237716 0.410668 0.235560 0.412177 0.232543 0.414978 0.228448 0.420366 0.225359 0.425323 0.223563 0.431358 0.222773 0.434591 0.222486 0.441918 0.223420 0.447414 0.226509 0.449461 0.228089 0.451401 0.231825 0.452047 0.233693 0.451293 0.237213 0.449569 0.241667 0.446552 0.245115 0.443319 0.246911 0.437716 0.249066 0.427047 0.252586 0.422629 0.253736 0.420366 0.253879 0.418319 0.253879
0 0.396290 0.502351 0.391588 0.500871 0.390282 0.498781 0.390021 0.497301 0.390413 0.493992 0.391850 0.492163 0.392894 0.490770 0.395115 0.489812 0.397466 0.489115 0.401385 0.487722 0.403344 0.487548 0.405564 0.487548 0.407393 0.488767 0.408960 0.490596 0.410266 0.493643 0.409875 0.495733 0.409875 0.498520 0.409613 0.500871 0.408046 0.502786 0.403344 0.503396
0 0.460189 0.496448 0.455460 0.494852 0.452287 0.493255 0.451449 0.492377 0.451449 0.491060 0.452407 0.489863 0.453185 0.488945 0.454322 0.488067 0.455280 0.487149 0.457256 0.485792 0.459591 0.484155 0.462943 0.483038 0.464200 0.482878 0.466415 0.483238 0.468630 0.484036 0.470187 0.485393 0.471504 0.486909 0.472222 0.487668 0.472641 0.488226 0.472641 0.489264 0.472043 0.490501 0.471504 0.491260 0.470546 0.492337 0.469409 0.493654 0.467553 0.494572 0.465338 0.495490 0.463123 0.496408 0.461985 0.496687
0 0.496570 0.461905 0.498487 0.460350 0.501544 0.458589 0.505170 0.457069 0.506932 0.456862 0.508952 0.457656 0.511335 0.457898 0.512268 0.458900 0.510610 0.460627 0.511905 0.462803 0.511180 0.463355 0.511180 0.464564 0.510403 0.465704 0.508745 0.466567 0.507243 0.466844 0.504704 0.466878 0.502114 0.466429 0.500404 0.466084 0.499782 0.465393 0.499316 0.464080 0.498850 0.463252 0.497088 0.461835
0 0.496415 0.462008 0.494964 0.460938 0.492944 0.460903 0.491908 0.461145 0.489991 0.462112 0.488644 0.462733 0.487141 0.463493 0.486572 0.464322 0.486572 0.465497 0.487504 0.466636 0.488126 0.467431 0.488592 0.468121 0.489421 0.468812 0.490405 0.469330 0.491649 0.469468 0.493773 0.469537 0.497192 0.468985 0.498953 0.468260 0.499213 0.467811 0.500093 0.466118 0.499782 0.465462 0.499523 0.463804 0.498746 0.463079 0.497088 0.461870
0 0.473672 0.464495 0.473361 0.462733 0.472946 0.460834 0.473620 0.459521 0.475329 0.458727 0.478852 0.457415 0.481132 0.456931 0.483360 0.456931 0.484862 0.456966 0.486831 0.458244 0.488281 0.459660 0.490509 0.461559 0.488903 0.462457 0.486572 0.463942 0.486364 0.464357 0.485328 0.464702 0.479629 0.465600 0.476521 0.466291 0.475485 0.466256 0.475122 0.465773
2 0.450862 0.265086 0.442457 0.267385 0.435560 0.271983 0.432543 0.275287 0.430388 0.278736 0.428664 0.283333 0.427371 0.291092 0.424138 0.294253 0.421046 0.295507 0.418750 0.298132 0.415302 0.302443 0.412931 0.306609 0.411207 0.313218 0.410129 0.322270 0.410345 0.330747 0.411638 0.334339 0.415948 0.339224 0.419828 0.340805 0.423922 0.341523 0.427586 0.341092 0.431681 0.339799 0.435345 0.337644 0.437931 0.332184 0.438868 0.329078 0.448060 0.335920 0.451078 0.339655 0.456466 0.343247 0.458836 0.344253 0.463362 0.344397 0.470905 0.342529 0.478034 0.342341 0.479957 0.341810 0.486323 0.338887 0.487566 0.335710 0.480521 0.335848 0.488362 0.330172 0.497845 0.321408 0.506034 0.311925 0.508190 0.306609 0.507974 0.298707 0.501940 0.290948 0.496336 0.287069 0.493966 0.286351 0.490086 0.286351 0.482543 0.284770 0.478448 0.285201 0.467880 0.288185 0.464655 0.292098 0.455653 0.306974 0.461853 0.292960 0.461853 0.290374 0.463735 0.286666 0.462077 0.275061 0.457759 0.267098 0.454957 0.265230
2 0.320249 0.342229 0.319103 0.340548 0.315664 0.343146 0.311766 0.345745 0.306034 0.347273 0.301220 0.347732 0.294112 0.346509 0.288151 0.346509 0.282190 0.345286 0.274395 0.343452 0.269580 0.341923 0.264536 0.339172 0.262243 0.337032 0.259950 0.334587 0.259950 0.331377 0.260409 0.329084 0.261555 0.326944 0.262931 0.324957 0.258346 0.321900 0.253760 0.319149 0.251697 0.317468 0.247340 0.313035 0.244589 0.310131 0.244589 0.307074 0.245048 0.305240 0.248258 0.302183 0.251009 0.299584 0.254906 0.297597 0.259950 0.296069 0.264077 0.295152 0.268663 0.294846 0.272102 0.294540 0.274853 0.294540 0.277834 0.294846 0.280127 0.296069 0.281044 0.293776 0.281731 0.291483 0.284024 0.288426 0.287005 0.286439 0.290444 0.284758 0.292737 0.283535 0.297781 0.282312 0.302366 0.281854 0.306493 0.282007 0.310620 0.282312 0.317727 0.284452 0.323001 0.287968 0.323918 0.289343 0.322313 0.292859 0.327586 0.297903 0.325981 0.301418 0.320937 0.306615 0.318645 0.311506 0.316581 0.313952 0.314747 0.317926 0.312913 0.320525 0.312683 0.324193 0.311996 0.330307 0.316123 0.330460 0.319332 0.330307 0.319562 0.333211 0.322084 0.334587 0.325293 0.334587 0.335152 0.332294 0.344552 0.327250 0.351660 0.322664 0.355328 0.313646 0.356475 0.309214 0.356475 0.304170 0.354640 0.300043 0.354411 0.296833 0.356704 0.294846 0.359914 0.294693 0.363811 0.296069 0.372295 0.298514 0.379631 0.300043 0.390178 0.305087 0.394305 0.307838 0.396139 0.310437 0.397285 0.315481 0.395451 0.320219 0.393617 0.324193 0.392471 0.326027 0.378026 0.328014 0.378714 0.341923 0.375963 0.343758 0.370002 0.344828 0.355328 0.346815 0.342718 0.347579 0.337216 0.347885 0.332860 0.345439 0.330337 0.342382
2 0.355099 0.255869 0.356933 0.255564 0.360831 0.256634 0.361748 0.259079 0.362894 0.261066 0.367021 0.264276 0.369314 0.267027 0.370919 0.270390 0.370919 0.272836 0.370919 0.275434 0.368626 0.279408 0.364499 0.285369 0.359914 0.290413 0.358538 0.292859 0.357850 0.293929 0.356475 0.295304 0.354411 0.296527 0.354640 0.300501 0.356016 0.304781 0.356016 0.307838 0.355787 0.311659 0.354640 0.314563 0.352118 0.319913 0.351431 0.321747 0.350514 0.323582 0.348909 0.325110 0.341572 0.329084 0.334923 0.332141 0.327586 0.334128 0.322084 0.334587 0.319791 0.333975 0.319332 0.331988 0.319332 0.330307 0.313371 0.330154 0.312454 0.328626 0.312454 0.323887 0.312913 0.320372 0.315435 0.316551 0.318186 0.311659 0.321396 0.306921 0.327128 0.298209 0.322313 0.292553 0.323918 0.289955 0.331484 0.289649 0.334235 0.286134 0.335611 0.283382 0.334235 0.279561 0.331025 0.280020 0.328045 0.280172 0.326211 0.278644 0.323459 0.277268 0.320937 0.275434 0.318874 0.271766 0.318415 0.269167 0.318415 0.268250 0.323001 0.268709 0.325981 0.270084 0.329650 0.272071 0.333318 0.277115 0.331484 0.271154 0.332630 0.268250 0.334464 0.265652 0.336757 0.262442 0.338591 0.259996 0.338591 0.257704 0.340196 0.255105 0.342948 0.253271 0.344552 0.252965 0.348221 0.255258 0.349826 0.259079 0.350972 0.257551
2 0.331235 0.269255 0.328520 0.262807 0.328689 0.254548 0.330047 0.246855 0.334629 0.241538 0.343962 0.235655 0.348714 0.234637 0.356180 0.234297 0.360423 0.234750 0.366193 0.233732 0.366193 0.227962 0.367381 0.223663 0.368059 0.221740 0.369078 0.220382 0.371453 0.219137 0.373150 0.217214 0.374168 0.216988 0.379599 0.220043 0.387235 0.224907 0.390460 0.230111 0.390629 0.234637 0.388932 0.240633 0.385369 0.244027 0.381805 0.249570 0.381466 0.251041 0.383502 0.253756 0.386556 0.258621 0.386726 0.262807 0.386896 0.267898 0.384181 0.272989 0.371962 0.282152 0.366193 0.282378 0.372132 0.272423 0.368568 0.265974 0.362968 0.261336 0.359405 0.256471 0.356859 0.256245 0.352617 0.257489 0.350580 0.257716 0.344811 0.252738 0.340908 0.253643 0.339041 0.255566 0.338701 0.258621 0.337683 0.260996 0.334459 0.264617
2 0.394612 0.398994 0.398060 0.395115 0.402802 0.388362 0.405819 0.382184 0.407112 0.378592 0.406466 0.373276 0.403879 0.370115 0.399138 0.366523 0.395905 0.363362 0.391379 0.361207 0.388793 0.360201 0.387716 0.363937 0.390302 0.368678 0.390302 0.372414 0.389440 0.378592 0.388793 0.379598 0.385560 0.378161 0.386853 0.371983 0.385345 0.368966 0.381897 0.365661 0.378664 0.363506 0.376078 0.361638 0.373707 0.360201 0.370259 0.358477 0.366595 0.356178 0.360776 0.354598 0.357112 0.355316 0.354741 0.356609 0.352155 0.359483 0.349353 0.364080 0.348707 0.367672 0.348276 0.370690 0.347629 0.372989 0.347414 0.375575 0.347629 0.378736 0.350000 0.384626 0.352586 0.389799 0.356681 0.393103 0.359698 0.395546 0.358405 0.397414 0.357112 0.398994 0.358405 0.401006 0.361638 0.404023 0.366379 0.406178 0.370474 0.406178 0.375000 0.408621 0.373060 0.409770 0.371336 0.410489 0.362284 0.408477 0.353664 0.409770 0.348060 0.411207 0.346336 0.413937 0.334267 0.412787 0.334914 0.415517 0.339655 0.420690 0.343750 0.424856 0.352155 0.426868 0.357543 0.428161 0.364009 0.425000 0.370690 0.420259 0.375000 0.420115 0.375431 0.422845 0.374138 0.424425 0.373491 0.426580 0.373707 0.429598 0.373707 0.432615 0.373707 0.433621 0.372845 0.435201 0.371552 0.436351 0.367888 0.437644 0.368534 0.438506 0.373276 0.438506 0.373060 0.440086 0.372629 0.440805 0.374784 0.442241 0.384914 0.438937 0.390086 0.434483 0.394828 0.430891 0.398060 0.420833 0.398922 0.412931 0.398491 0.409770 0.390086 0.403879
2 0.347629 0.371839 0.343750 0.370833 0.338362 0.370977 0.335776 0.375287 0.334914 0.379167 0.331897 0.375287 0.330819 0.371983 0.327155 0.366810 0.325216 0.370690 0.323276 0.368678 0.321336 0.366236 0.317457 0.363362 0.313147 0.359052 0.309698 0.356322 0.307112 0.356034 0.305388 0.356322 0.303879 0.358046 0.303664 0.358764 0.303233 0.363075 0.303017 0.368391 0.305388 0.373563 0.309483 0.378305 0.318750 0.384626 0.327802 0.389511 0.328664 0.391810 0.327802 0.393534 0.324784 0.393534 0.326940 0.398132 0.329741 0.402443 0.332974 0.406322 0.337716 0.411351 0.340517 0.413506 0.345905 0.413793 0.349569 0.411494 0.358190 0.409052 0.362931 0.404741 0.360345 0.403017 0.356897 0.399425 0.359483 0.395690 0.354741 0.391379 0.351293 0.387931 0.350216 0.383908 0.347629 0.379885 0.347414 0.375718
1 0.452155 0.599856 0.437069 0.602586 0.429526 0.606178 0.427586 0.607902 0.424569 0.615086 0.421336 0.618822 0.419612 0.622701 0.415948 0.626149 0.407328 0.641810 0.404526 0.649569 0.402586 0.660776 0.403233 0.677730 0.404957 0.685776 0.407543 0.692385 0.412931 0.702299 0.419181 0.710201 0.430172 0.721552 0.438147 0.728305 0.444612 0.732471 0.447198 0.735201 0.451078 0.735920 0.453664 0.738218 0.458621 0.740374 0.462931 0.743391 0.466595 0.744109 0.474353 0.747414 0.478448 0.744971 0.490086 0.741092 0.493534 0.739224 0.512931 0.733046 0.521336 0.729310 0.526078 0.728448 0.537069 0.722845 0.540302 0.718678 0.545259 0.708764 0.546336 0.701437 0.545690 0.686063 0.540948 0.672414 0.533405 0.658190 0.513578 0.630747 0.500000 0.617385 0.489440 0.609770 0.474569 0.603592 0.459052 0.600144
1 0.442888 0.543678 0.423707 0.545977 0.418103 0.548851 0.411853 0.557040 0.399353 0.577299 0.380819 0.615086 0.375216 0.634626 0.372629 0.655891 0.376293 0.677299 0.382974 0.702011 0.388793 0.712644 0.390086 0.718822 0.402155 0.733621 0.415948 0.744253 0.431034 0.751149 0.435191 0.751642 0.439440 0.752730 0.442672 0.752874 0.450431 0.754105 0.454957 0.754454 0.466595 0.754885 0.477371 0.756773 0.478140 0.751539 0.473522 0.750205 0.473676 0.747537 0.462931 0.743247 0.460437 0.742816 0.457204 0.740866 0.447198 0.733908 0.442457 0.732471 0.439224 0.728592 0.435129 0.727011 0.423922 0.716667 0.410129 0.698851 0.404526 0.685201 0.401940 0.669828 0.402155 0.658333 0.405603 0.643966 0.413147 0.629167 0.417888 0.623994 0.428017 0.606466 0.437284 0.601724 0.454957 0.598276 0.456897 0.599569 0.464871 0.600287 0.476724 0.603879 0.496767 0.614080 0.509698 0.626868 0.513578 0.626724 0.514009 0.624713 0.513578 0.606609 0.509914 0.588649 0.506250 0.578879 0.500647 0.568247 0.493966 0.560632 0.487716 0.555603 0.478448 0.550575 0.466379 0.545977
1 0.385536 0.710373 0.389794 0.719597 0.404161 0.734852 0.415070 0.745317 0.430768 0.750816 0.477065 0.756847 0.487441 0.759330 0.477863 0.768731 0.475468 0.778665 0.467486 0.779906 0.444870 0.779729 0.410015 0.773698 0.390858 0.764119 0.375160 0.755428 0.368508 0.748510 0.363985 0.739109 0.363453 0.732901 0.366113 0.726515 0.368774 0.723145 0.377022 0.716404 0.384206 0.712857