1 0.431217 0.694635 0.426103 0.691348 0.421172 0.685260 0.420076 0.676128 0.425921 0.665169 0.437792 0.655306 0.448203 0.652141 0.457518 0.651288 0.465919 0.651654 0.477973 0.654576 0.485644 0.655428 0.499342 0.659081 0.507927 0.666021 0.513589 0.674666 0.513589 0.680511 0.513406 0.688060 0.509570 0.695609 0.479800 0.693783 0.460075 0.693783 0.442358 0.694148
1 0.450466 0.651215 0.438101 0.626248 0.434921 0.603872 0.437041 0.581261 0.442694 0.555351 0.463539 0.538628 0.488977 0.524967 0.518301 0.517665 0.533847 0.517194 0.553279 0.520256 0.568824 0.527558 0.579070 0.538628 0.584370 0.551112 0.588963 0.570426 0.585430 0.591624 0.576950 0.614707 0.565644 0.633079 0.549039 0.649802 0.529607 0.660872 0.511588 0.662992 0.501343 0.660872 0.496750 0.658517 0.476964 0.653806 0.463185 0.651215
1 0.552219 0.520256 0.546213 0.511306 0.540206 0.501413 0.529254 0.491756 0.523248 0.488459 0.514062 0.485161 0.504169 0.485397 0.495336 0.488223 0.481911 0.488459 0.466012 0.490578 0.447993 0.495996 0.432801 0.503298 0.418315 0.520492 0.415136 0.530855 0.411956 0.552761 0.409836 0.572781 0.413016 0.583145 0.433508 0.618005 0.438454 0.624129 0.434921 0.605285 0.441280 0.554409 0.489683 0.524260 0.520421 0.516252 0.533140 0.516723
1 0.433371 0.636321 0.418830 0.629397 0.400135 0.616241 0.392605 0.604296 0.393124 0.568464 0.410002 0.566732 0.409223 0.571926 0.411820 0.582485
0 0.496824 0.135057 0.493761 0.133545 0.492570 0.132184 0.495349 0.129083 0.497164 0.128554 0.501304 0.128781 0.503063 0.129537 0.504594 0.132978 0.502666 0.134415 0.500510 0.134906 0.498185 0.135322
0 0.489451 0.150408 0.488600 0.148669 0.488487 0.146854 0.489224 0.144699 0.492287 0.142771 0.497334 0.141334 0.501418 0.141107 0.503970 0.141712 0.505275 0.144056 0.505728 0.145833 0.505955 0.147686 0.505728 0.149728 0.503686 0.151202 0.501078 0.152261 0.497448 0.152866 0.495349 0.152979 0.492797 0.152677 0.491209 0.151618
0 0.478845 0.143111 0.474365 0.141523 0.472550 0.139028 0.473117 0.137364 0.474308 0.135322 0.476010 0.133999 0.479242 0.133016 0.482702 0.133999 0.486388 0.136645 0.481171 0.140616
0 0.470565 0.146892 0.465347 0.145228 0.462681 0.143451 0.459052 0.141107 0.458314 0.137440 0.459222 0.135209 0.460923 0.133054 0.463646 0.130823 0.464780 0.130104 0.470168 0.128819 0.473798 0.129613 0.477824 0.131050 0.479412 0.133016 0.474535 0.134339 0.472493 0.138498 0.474195 0.141410 0.477711 0.142771 0.474535 0.145153 0.472380 0.146741
0 0.484852 0.193583 0.491828 0.189099 0.497683 0.184863 0.501669 0.184365 0.508770 0.184697 0.514750 0.187272 0.517615 0.189763 0.520605 0.194248 0.519235 0.197985 0.516120 0.201889 0.510390 0.204961 0.507400 0.205792 0.503040 0.205958 0.494319 0.204629 0.487468 0.202387 0.484727 0.200477 0.483481 0.198317 0.483481 0.196490 0.484478 0.194497
0 0.446831 0.170746 0.450641 0.173551 0.453200 0.176281 0.454849 0.179541 0.454338 0.181702 0.454338 0.182384 0.453996 0.184280 0.452234 0.185758 0.447912 0.187691 0.446035 0.188639 0.443192 0.189018 0.439723 0.189170 0.439098 0.189170 0.437221 0.189132 0.435402 0.188753 0.434094 0.188033 0.433070 0.187464 0.431705 0.186175 0.429147 0.182195 0.428578 0.179655 0.428578 0.177380 0.431762 0.174044 0.433355 0.172603 0.436653 0.171390 0.439723 0.171125 0.442112 0.170746 0.444443 0.170632
0 0.401322 0.187804 0.405277 0.189903 0.408506 0.192378 0.409152 0.195876 0.410524 0.198244 0.413995 0.202656 0.414076 0.204755 0.413672 0.206854 0.411977 0.207876 0.408748 0.209652 0.406730 0.210190 0.400919 0.210836 0.393170 0.210513 0.386309 0.209436 0.380174 0.208468 0.378802 0.206800 0.376622 0.203840 0.375412 0.199912 0.375573 0.197383 0.376622 0.193885 0.379448 0.191571 0.384856 0.188826 0.392766 0.187374 0.399062 0.187804
0 0.303033 0.383979 0.306812 0.380878 0.311755 0.381944 0.314190 0.383374 0.315607 0.385942 0.315753 0.387250 0.315171 0.387977 0.311828 0.389067 0.310701 0.389382 0.309865 0.389382 0.306776 0.387638 0.305504 0.386620 0.305177 0.386329 0.304777 0.384852
0 0.314154 0.394107 0.315026 0.393429 0.317134 0.392605 0.318733 0.392459 0.322040 0.392944 0.325347 0.394955 0.327746 0.397087 0.328364 0.399704 0.327855 0.401739 0.325784 0.403459 0.321313 0.405543 0.316698 0.404744 0.313899 0.403338 0.311392 0.401618 0.309756 0.399413 0.309502 0.397281 0.310410 0.396094 0.312046 0.394907 0.312409 0.394616 0.313863 0.394301
0 0.322694 0.422576 0.324693 0.421583 0.327528 0.421486 0.331126 0.422382 0.334143 0.424393 0.335778 0.426962 0.335633 0.429360 0.333779 0.432316 0.330763 0.433358 0.325493 0.433697 0.322985 0.432680 0.320005 0.430572 0.318806 0.428512 0.318224 0.426744 0.318224 0.425096 0.318806 0.423642 0.319387 0.423012 0.320368 0.422746 0.321495 0.422600 0.321967 0.422576
2 0.415948 0.236063 0.414009 0.235201 0.410345 0.232328 0.404310 0.229885 0.400431 0.229310 0.392457 0.229023 0.388690 0.229478 0.384698 0.231609 0.380646 0.230490 0.377586 0.230316 0.376940 0.228448 0.375000 0.226868 0.373922 0.224569 0.367672 0.220690 0.361207 0.218822 0.353017 0.218534 0.350000 0.218966 0.344181 0.220402 0.337500 0.225000 0.333836 0.229454 0.332328 0.232902 0.331897 0.237500 0.330071 0.238532 0.328879 0.238793 0.326724 0.238218 0.318927 0.237082 0.314224 0.237500 0.310560 0.238075 0.303233 0.240230 0.295474 0.243534 0.290733 0.246839 0.285345 0.252874 0.283621 0.255747 0.283405 0.259770 0.286638 0.264655 0.292672 0.269253 0.294397 0.271408 0.296552 0.272270 0.306466 0.279454 0.312500 0.281466 0.314871 0.283190 0.331158 0.285222 0.339039 0.285263 0.346182 0.285016 0.352155 0.283046 0.354926 0.281609 0.358405 0.279167 0.361084 0.278818 0.364840 0.277381 0.366133 0.277956 0.368103 0.279598 0.374569 0.281486 0.380357 0.282020 0.388578 0.280603 0.395043 0.278017 0.397845 0.276970 0.399261 0.276929 0.400924 0.276273 0.402155 0.275287 0.404002 0.274425 0.410560 0.271408 0.415733 0.263506 0.413147 0.256034 0.413578 0.252011 0.415948 0.250862 0.418319 0.244397 0.417888 0.240086
0 0.525461 0.398664 0.522838 0.397738 0.521192 0.396675 0.520317 0.395544 0.520626 0.393109 0.521706 0.391634 0.524586 0.389577 0.529627 0.387348 0.534616 0.386011 0.536725 0.385771 0.538731 0.385874 0.540789 0.386457 0.542846 0.388445 0.545058 0.390811 0.545058 0.393452 0.543721 0.395852 0.541766 0.397498 0.539503 0.398767 0.537291 0.399727 0.531067 0.401030 0.528033 0.400687
0 0.512160 0.367895 0.511303 0.370531 0.511699 0.372289 0.512489 0.373431 0.513280 0.374530 0.516576 0.375628 0.521057 0.376112 0.523101 0.375365 0.524946 0.374706 0.526791 0.373607 0.528834 0.371762 0.529823 0.370268 0.531141 0.367851 0.529757 0.366094 0.526198 0.364380 0.522969 0.363413 0.518882 0.363809 0.516708 0.364644 0.514533 0.365962 0.513478 0.366797 0.512489 0.367456
0 0.556485 0.374323 0.551654 0.372441 0.550622 0.371681 0.550622 0.370957 0.550622 0.369836 0.550622 0.369112 0.551002 0.368316 0.552956 0.365746 0.555236 0.364479 0.559851 0.364443 0.563434 0.364877 0.568482 0.366796 0.567831 0.369184 0.565551 0.372224 0.561751 0.373672 0.558277 0.374468
0 0.572840 0.355225 0.574023 0.356088 0.574392 0.357000 0.574207 0.358429 0.572618 0.360746 0.574392 0.361485 0.575834 0.361608 0.578163 0.361485 0.580788 0.360598 0.581527 0.359760 0.581897 0.358404 0.581823 0.356359 0.581342 0.354831 0.579568 0.354215 0.576869 0.353968 0.575797 0.354165 0.574466 0.354609
2 0.454491 0.274143 0.456993 0.269268 0.463150 0.262469 0.473541 0.258492 0.481816 0.258749 0.486049 0.261956 0.494901 0.264009 0.500481 0.271834 0.501636 0.280686 0.506254 0.279146 0.513181 0.278376 0.519339 0.277863 0.529153 0.279146 0.539928 0.282097 0.546856 0.287613 0.552629 0.291975 0.553013 0.296208 0.552436 0.298902 0.551859 0.300954 0.549357 0.304675 0.544931 0.309549 0.536080 0.314809 0.536080 0.317631 0.535310 0.320325 0.530884 0.323404 0.521840 0.326483 0.511257 0.328279 0.502213 0.328279 0.494323 0.328151 0.489513 0.326740 0.482778 0.325328 0.477967 0.325200 0.470847 0.322763 0.468731 0.323789 0.460456 0.325585 0.451605 0.324687 0.441406 0.323532 0.432170 0.318786 0.427167 0.316605 0.423126 0.311987 0.422548 0.307625 0.422741 0.303905 0.418700 0.299287 0.416776 0.292616 0.418700 0.287228 0.422933 0.283380 0.431015 0.279403 0.441021 0.276196 0.447949 0.274784 0.451990 0.274656
2 0.414387 0.303761 0.411332 0.304779 0.406751 0.307720 0.403696 0.312245 0.401829 0.306476 0.398096 0.299122 0.394363 0.294257 0.389102 0.291882 0.385029 0.291882 0.375017 0.299122 0.372471 0.302742 0.371623 0.306815 0.371114 0.309304 0.371962 0.312019 0.369078 0.315866 0.366871 0.321183 0.366193 0.324464 0.366362 0.330912 0.366702 0.334646 0.368399 0.339737 0.369417 0.345167 0.369926 0.349353 0.370944 0.350710 0.380278 0.356028 0.386726 0.358630 0.393005 0.358177 0.397587 0.355236 0.394702 0.350597 0.399114 0.352747 0.400472 0.353991 0.410484 0.353991 0.423551 0.354218 0.427624 0.352747 0.433902 0.352181 0.437805 0.350258 0.438993 0.347090 0.438824 0.344941 0.438993 0.343696 0.437466 0.344262 0.438654 0.342452 0.441199 0.339623 0.442727 0.337361 0.443236 0.333741 0.450193 0.325708 0.449854 0.324690 0.441369 0.323332 0.427114 0.316544 0.423381 0.311793 0.414048 0.312132
2 0.448825 0.230366 0.446757 0.236488 0.446111 0.239936 0.446326 0.242378 0.446973 0.244821 0.449128 0.248269 0.451283 0.250424 0.452792 0.251962 0.454732 0.252292 0.456891 0.253548 0.464824 0.255576 0.471170 0.255576 0.475852 0.254735 0.478438 0.255022 0.482964 0.258183 0.484042 0.259764 0.486197 0.261057 0.488568 0.261775 0.490507 0.262924 0.497404 0.264792 0.498697 0.264792 0.501499 0.264074 0.505378 0.264649 0.509257 0.264218 0.513783 0.264649 0.518309 0.263355 0.521542 0.261344 0.523266 0.259907 0.524775 0.257321 0.526499 0.252292 0.526283 0.249993 0.525637 0.248126 0.523266 0.244246 0.521542 0.242666 0.519387 0.241373 0.518309 0.240223 0.515938 0.239505 0.514861 0.238787 0.514214 0.236344 0.513568 0.235626 0.512490 0.232608 0.509904 0.229304 0.505594 0.226574 0.499128 0.224562 0.494818 0.224131 0.490292 0.224275 0.486386 0.223688 0.482767 0.224291 0.479516 0.225999 0.475117 0.226129 0.470245 0.225518 0.466274 0.225032 0.459817 0.225690 0.456156 0.226677 0.455163 0.227580 0.453277 0.227856 0.451509 0.228021 0.450941 0.229044
2 0.453380 0.190828 0.451264 0.191445 0.445975 0.196293 0.442802 0.200612 0.442670 0.205548 0.443331 0.209514 0.454041 0.219211 0.456156 0.221591 0.456421 0.226086 0.463693 0.224852 0.466866 0.224940 0.468188 0.224852 0.474006 0.225822 0.476121 0.226350 0.481278 0.224940 0.486674 0.223661 0.487492 0.222296 0.484947 0.221303 0.480749 0.221502 0.477576 0.208897 0.475460 0.202727 0.470568 0.197438 0.465279 0.198673 0.461048 0.210749 0.461048 0.213657 0.459065 0.204578 0.455627 0.196557