0 0.694313 0.040921 0.695658 0.042714 0.697003 0.043040 0.697207 0.044019 0.696799 0.045051 0.695495 0.046247 0.693172 0.046953 0.691338 0.047062 0.690360 0.046464 0.689300 0.044236 0.689259 0.042334 0.689463 0.041682 0.691093 0.040323 0.692316 0.040215 0.693498 0.040215
0 0.671163 0.038204 0.671366 0.040921 0.672141 0.041954 0.672059 0.044779 0.670877 0.046084 0.669818 0.046899 0.667494 0.047388 0.666435 0.047497 0.665293 0.046573 0.665130 0.044888 0.665130 0.043910 0.665619 0.042443 0.666109 0.041410 0.667494 0.039671 0.669206 0.038095 0.670266 0.037769 0.670918 0.037660
0 0.658587 0.058027 0.658171 0.056455 0.658241 0.054513 0.659004 0.052108 0.660183 0.049611 0.662471 0.048132 0.664483 0.048086 0.666737 0.048733 0.668089 0.049889 0.668402 0.051692 0.668298 0.054282 0.667361 0.057518 0.666806 0.058813 0.665419 0.061495 0.663824 0.063113 0.662541 0.063298 0.660252 0.061726 0.658483 0.059229
0 0.645967 0.070695 0.643727 0.071308 0.642004 0.072687 0.640108 0.076057 0.639591 0.079733 0.639246 0.085631 0.641257 0.089231 0.644416 0.090533 0.645967 0.090533 0.647346 0.089767 0.649012 0.088082 0.650103 0.085018 0.651252 0.082797 0.651827 0.080270 0.651712 0.077742 0.651080 0.076363
0 0.612649 0.088848 0.615292 0.092601 0.616613 0.097120 0.617762 0.102252 0.616900 0.108226 0.615292 0.111060 0.613856 0.111443 0.611615 0.111596 0.608054 0.111673 0.605526 0.110141 0.604148 0.105545 0.603688 0.099954 0.603803 0.095435 0.604894 0.093061 0.606560 0.089767 0.607767 0.089001 0.610581 0.088388 0.611558 0.088388
0 0.584000 0.214282 0.585230 0.212935 0.587776 0.212467 0.590060 0.212584 0.590235 0.213638 0.590235 0.216448 0.589752 0.219024 0.588830 0.220839 0.587645 0.222127 0.586108 0.222244 0.584351 0.222186 0.582727 0.220780 0.582200 0.219024 0.582902 0.217853 0.583517 0.215394
0 0.581497 0.206319 0.582639 0.212408 0.584747 0.212935 0.586020 0.212525 0.587469 0.210710 0.587864 0.208720 0.587864 0.206846 0.586679 0.205441 0.585713 0.204270 0.584044 0.204270 0.582332 0.204739
0 0.598095 0.152925 0.600467 0.154213 0.599764 0.156379 0.600203 0.160653 0.599413 0.165863 0.598008 0.171660 0.596163 0.176402 0.594802 0.178568 0.593617 0.180032 0.592211 0.180383 0.590192 0.180032 0.588699 0.179622 0.587425 0.179271 0.586547 0.178627 0.585625 0.177280 0.585010 0.176226 0.584220 0.174704 0.582024 0.172655 0.580487 0.168674 0.580224 0.166156 0.580531 0.163990 0.581409 0.161121 0.583166 0.157608 0.585449 0.153920 0.587250 0.151929 0.590455 0.150407 0.592519 0.149939 0.594802 0.150407 0.596295 0.150992 0.597700 0.152456
0 0.636797 0.128359 0.639821 0.130606 0.642155 0.134178 0.642932 0.135964 0.642846 0.140746 0.641420 0.147890 0.638655 0.152384 0.635759 0.155322 0.632259 0.156244 0.629019 0.154689 0.625951 0.153306 0.624006 0.150771 0.624222 0.147948 0.624222 0.146853 0.624481 0.144491 0.628414 0.134466 0.630099 0.130606 0.632432 0.129454
0 0.561881 0.221575 0.563452 0.223992 0.565144 0.225845 0.566595 0.229149 0.563150 0.236320 0.559827 0.241638 0.557651 0.239543 0.554629 0.236642 0.553783 0.234709 0.554146 0.231244 0.554690 0.228182 0.556684 0.224878 0.559645 0.222703
0 0.618655 0.234317 0.622529 0.238054 0.625281 0.242268 0.626250 0.244103 0.626505 0.248860 0.627218 0.249879 0.627167 0.253073 0.627167 0.256267 0.626301 0.258985 0.624823 0.260820 0.621408 0.263471 0.616311 0.266597 0.610857 0.268704 0.606015 0.269451 0.600358 0.268160 0.598574 0.266121 0.597554 0.262859 0.596331 0.255995 0.596484 0.254432 0.597299 0.252529 0.598217 0.250695 0.599236 0.245394 0.600205 0.241044 0.601020 0.238598 0.602804 0.235132 0.605098 0.232957 0.612692 0.232550 0.617177 0.233569
0 0.657199 0.292969 0.659653 0.293773 0.660428 0.294921 0.660170 0.297275 0.659739 0.299112 0.658663 0.300203 0.657457 0.300317 0.655993 0.299456 0.655864 0.298136 0.655864 0.296471 0.656209 0.294863
0 0.638210 0.296643 0.641009 0.297275 0.641741 0.298251 0.641913 0.300088 0.640665 0.303360 0.638555 0.304221 0.636789 0.304221 0.636316 0.304164 0.635971 0.302958 0.635627 0.301466 0.636014 0.299628 0.636359 0.298538 0.637392 0.297160
0 0.629419 0.319727 0.628003 0.321224 0.627368 0.322526 0.627148 0.324479 0.627148 0.325879 0.627783 0.327865 0.628833 0.328516 0.630566 0.328483 0.633032 0.327279 0.633838 0.326432 0.634326 0.325033 0.634668 0.321549 0.634448 0.320540 0.633008 0.319303 0.629956 0.319629
0 0.545358 0.283833 0.543695 0.288090 0.543230 0.294920 0.542897 0.301129 0.544826 0.307693 0.549217 0.309999 0.551212 0.309467 0.554672 0.305564 0.559062 0.302282 0.560725 0.300863 0.561523 0.299444 0.561523 0.294033 0.560725 0.287824 0.559794 0.283922 0.557865 0.280551 0.555869 0.278600 0.554073 0.278156 0.552410 0.278156 0.551678 0.278245
0 0.554272 0.242056 0.555802 0.244274 0.556135 0.250660 0.556002 0.255627 0.554805 0.259618 0.552942 0.262368 0.550547 0.265295 0.548418 0.265384 0.544760 0.262900 0.543096 0.262634 0.541300 0.258554 0.541034 0.253055 0.541101 0.249862 0.541833 0.247023 0.542830 0.244628 0.544560 0.242500 0.546489 0.241347 0.548485 0.240726 0.551478 0.240637 0.553807 0.241081
2 0.570837 0.231856 0.574961 0.237089 0.576225 0.240903 0.574961 0.247112 0.573365 0.250926 0.574163 0.253321 0.574296 0.255538 0.573298 0.259707 0.571169 0.263965 0.565714 0.270972 0.555869 0.277092 0.552609 0.278245 0.547753 0.277801 0.544627 0.277269 0.543429 0.275495 0.541833 0.277624 0.539571 0.281172 0.537509 0.284099 0.533983 0.284365 0.528661 0.284276 0.525069 0.283922 0.521942 0.282857 0.517418 0.280285 0.513693 0.277801 0.510167 0.274076 0.508903 0.270706 0.508571 0.268222 0.509170 0.264940 0.510300 0.262723 0.510833 0.261215 0.510899 0.259530 0.509436 0.257578 0.507107 0.252700 0.504713 0.247733 0.504313 0.243919 0.504713 0.241790 0.506708 0.238154 0.509303 0.235226 0.512828 0.233541 0.519148 0.231324 0.523073 0.231146 0.525601 0.231235 0.528395 0.232743 0.529925 0.233541 0.530457 0.226978 0.532519 0.220148 0.535712 0.215269 0.540302 0.209682 0.542498 0.207730 0.546024 0.207287 0.548618 0.208440 0.550148 0.210036 0.553408 0.213496 0.557599 0.222099 0.557599 0.223696 0.554871 0.226623 0.553873 0.230437 0.553740 0.234606 0.554871 0.237178 0.556401 0.239041 0.560326 0.241613 0.563320 0.243475
0 0.486572 0.303711 0.485107 0.305990 0.484619 0.307292 0.484619 0.307943 0.484131 0.308919 0.484131 0.309570 0.483887 0.309896 0.483887 0.314453 0.484131 0.314779 0.484131 0.316406 0.484375 0.316732 0.484375 0.317708 0.484619 0.318034 0.484131 0.319661 0.483398 0.320638 0.482422 0.320964 0.481201 0.321940 0.480713 0.321940 0.479492 0.323242 0.478760 0.323568 0.478271 0.324219 0.477051 0.327474 0.477051 0.328125 0.476562 0.329427 0.476562 0.331380 0.476807 0.331706 0.476807 0.333008 0.477051 0.333333 0.477051 0.334635 0.477295 0.334961 0.477539 0.337565 0.478271 0.338542 0.480225 0.339844 0.481689 0.341797 0.482666 0.342122 0.482910 0.342448 0.483398 0.342448 0.484863 0.343424 0.486572 0.345378 0.487549 0.346029 0.488770 0.346354 0.490234 0.347331 0.491211 0.347331 0.491455 0.347656 0.492432 0.347656 0.492676 0.347982 0.493896 0.347982 0.494141 0.348307 0.495605 0.348307 0.495850 0.348633 0.496826 0.348633 0.497803 0.349284 0.498291 0.348958 0.499268 0.348958 0.499512 0.348633 0.501953 0.348307 0.502930 0.347331 0.504883 0.346029 0.505371 0.346029 0.505615 0.345703 0.506592 0.345378 0.509521 0.342122 0.513428 0.342122 0.513428 0.340495 0.512939 0.339518 0.512939 0.337891 0.512695 0.337565 0.512695 0.336914 0.511963 0.334635 0.511963 0.331706 0.512207 0.331380 0.512207 0.329427 0.512695 0.328125 0.513428 0.327148 0.513672 0.325846 0.513916 0.325521 0.513916 0.323568 0.514160 0.323242 0.514160 0.317708 0.512939 0.315430 0.512695 0.314453 0.511719 0.313151 0.511719 0.312826 0.510742 0.311523 0.510742 0.311198 0.509766 0.309896 0.507812 0.308594 0.506348 0.306641 0.506104 0.305990 0.505859 0.305990 0.502441 0.302409 0.501465 0.301758 0.500977 0.301758 0.500732 0.301432 0.498047 0.300456 0.497803 0.300130 0.495361 0.300130 0.495117 0.299805 0.493652 0.299805 0.493408 0.300130 0.492676 0.300130 0.492432 0.300456 0.490723 0.300781 0.489258 0.301758 0.488770 0.301758 0.487793 0.302409 0.486816 0.303711
2 0.512207 0.374023 0.511230 0.373372 0.509521 0.373047 0.506104 0.375651 0.500732 0.375651 0.500488 0.375326 0.497314 0.375000 0.493896 0.375977 0.492432 0.378906 0.487061 0.385417 0.486328 0.386719 0.483887 0.393880 0.482178 0.396159 0.481934 0.397461 0.480713 0.399414 0.478516 0.400716 0.473877 0.400716 0.469727 0.402344 0.468262 0.403320 0.467285 0.404622 0.464844 0.406250 0.462891 0.406901 0.460205 0.410482 0.458740 0.411458 0.456299 0.414714 0.455078 0.415365 0.453857 0.417969 0.451519 0.419452 0.449951 0.423503 0.448328 0.425001 0.449022 0.428515 0.450928 0.430990 0.452637 0.433268 0.455078 0.435547 0.456929 0.436283 0.454834 0.439128 0.454102 0.441732 0.453322 0.442756 0.454590 0.444661 0.457764 0.446940 0.461914 0.448242 0.464844 0.448242 0.466553 0.447591 0.468994 0.448242 0.470947 0.448242 0.472168 0.447266 0.474365 0.446615 0.482910 0.439453 0.488281 0.432292 0.489990 0.430664 0.490723 0.430664 0.493164 0.431966 0.494141 0.433594 0.494873 0.430339 0.494873 0.427409 0.495605 0.425781 0.498047 0.423503 0.499237 0.420747 0.500977 0.418294 0.501709 0.417969 0.503906 0.414388 0.505859 0.412760 0.508789 0.403971 0.508789 0.401693 0.510254 0.391602 0.512207 0.384766 0.512939 0.376628
2 0.540039 0.345052 0.538330 0.348633 0.538086 0.363607 0.539062 0.367839 0.539062 0.372721 0.538086 0.373698 0.533936 0.375000 0.531738 0.376302 0.530273 0.378581 0.529053 0.383464 0.528320 0.391602 0.528076 0.401042 0.528320 0.403971 0.529745 0.405393 0.532180 0.406012 0.534442 0.407558 0.535486 0.407326 0.536066 0.407790 0.536413 0.407404 0.536935 0.407713 0.537921 0.407868 0.539081 0.408795 0.539777 0.408254 0.540771 0.408529 0.545166 0.410482 0.548360 0.410960 0.551025 0.406576 0.552490 0.405599 0.554932 0.411784 0.556641 0.414388 0.559326 0.416992 0.562256 0.418294 0.563965 0.419596 0.572021 0.422201 0.575928 0.422526 0.580078 0.421875 0.583496 0.419596 0.584961 0.416016 0.585449 0.411458 0.587646 0.409180 0.591553 0.403971 0.592529 0.400391 0.592529 0.398112 0.591553 0.392578 0.590332 0.389974 0.588379 0.383789 0.585938 0.379232 0.582520 0.374349 0.575928 0.368164 0.572021 0.367188 0.568359 0.367188 0.567383 0.365885 0.566162 0.358073 0.564941 0.346029 0.564453 0.343750 0.562256 0.337891 0.560547 0.335938 0.554199 0.336589 0.552490 0.337891 0.548828 0.344401 0.544678 0.343424
1 0.467529 0.771484 0.467041 0.770833 0.462646 0.771159 0.457275 0.773112 0.449707 0.773438 0.435547 0.777344 0.426025 0.778320 0.414307 0.777995 0.405029 0.776693 0.395752 0.777018 0.388428 0.777995 0.387939 0.778971 0.387695 0.783529 0.386719 0.786458 0.385986 0.791016 0.385498 0.798503 0.385498 0.810547 0.384766 0.816081 0.385498 0.824870 0.385498 0.830404 0.387207 0.837891 0.392334 0.847656 0.396240 0.851237 0.400391 0.856771 0.402344 0.858398 0.405762 0.860352 0.406982 0.861654 0.412109 0.864258 0.416016 0.868164 0.419434 0.870443 0.424072 0.871094 0.428955 0.868815 0.429932 0.867188 0.435303 0.861654 0.439453 0.854167 0.440430 0.850586 0.447266 0.837565 0.447754 0.834635 0.451660 0.824870 0.455322 0.812500 0.458984 0.802409 0.459229 0.800130 0.461426 0.792643 0.465088 0.782552 0.467041 0.775391
1 0.432962 0.659091 0.434796 0.666430 0.438042 0.671698 0.442276 0.672827 0.446650 0.672451 0.451731 0.679413 0.456529 0.683741 0.458222 0.681294 0.463867 0.671886 0.471206 0.668876 0.477415 0.672639 0.486023 0.684869 0.490539 0.699922 0.491104 0.710836 0.489975 0.720997 0.487576 0.736238 0.482495 0.752232 0.474169 0.765027 0.466831 0.769919 0.452577 0.773118 0.448767 0.774435 0.438183 0.777257 0.424918 0.778386 0.410523 0.776316 0.396834 0.776316 0.392742 0.777069 0.390343 0.777634 0.387803 0.781773 0.384980 0.778386 0.380605 0.765779 0.378771 0.759194 0.378065 0.752232 0.377360 0.744141 0.376795 0.732475 0.376795 0.717798 0.376795 0.706696 0.376936 0.698605 0.377783 0.691643 0.381593 0.682235 0.400221 0.668311 0.418003 0.660597 0.430562 0.658903
1 0.459717 0.456380 0.452881 0.459310 0.443359 0.468424 0.438721 0.476562 0.437256 0.482422 0.435059 0.485677 0.433838 0.489258 0.431396 0.501628 0.430420 0.533529 0.429443 0.538737 0.423828 0.555339 0.419189 0.581380 0.418945 0.600260 0.423096 0.627604 0.427734 0.641276 0.431641 0.647135 0.434082 0.645182 0.435547 0.642578 0.441895 0.640299 0.447754 0.640625 0.461914 0.648438 0.470703 0.645508 0.470703 0.650065 0.466309 0.661133 0.466553 0.663086 0.468262 0.664714 0.479004 0.665690 0.482422 0.664714 0.483154 0.665690 0.482910 0.667643 0.481201 0.669271 0.480225 0.672201 0.478516 0.673503 0.482422 0.674805 0.489990 0.667318 0.495117 0.658854 0.495117 0.653971 0.498047 0.650391 0.499268 0.642904 0.500977 0.638672 0.501221 0.629883 0.502930 0.625977 0.504395 0.615234 0.505859 0.569010 0.505371 0.559896 0.503906 0.555013 0.503174 0.546224 0.498291 0.529622 0.495850 0.517904 0.494873 0.498047 0.486816 0.472005 0.483643 0.468099 0.477051 0.463867 0.470459 0.457682 0.466797 0.456380
1 0.431382 0.647189 0.432677 0.660608 0.435567 0.667783 0.439353 0.672300 0.444834 0.672699 0.446728 0.671769 0.447026 0.672699 0.449916 0.677881 0.455497 0.681734 0.457888 0.678943 0.459881 0.672566 0.460977 0.668048 0.462074 0.663797 0.462970 0.660608 0.464565 0.657419 0.469547 0.650244 0.470843 0.646923 0.470843 0.645063 0.469248 0.645727 0.464066 0.647189 0.460878 0.648251 0.447923 0.640147 0.442144 0.639349 0.437560 0.641210 0.435069 0.642405 0.433773 0.644930