1 0.437302 0.617321 0.417460 0.612143 0.384524 0.607321 0.345635 0.606071 0.313889 0.606964 0.274603 0.609821 0.238492 0.610179 0.214286 0.611964 0.193254 0.617679 0.182540 0.624643 0.176190 0.631429 0.176587 0.644643 0.180159 0.648393 0.165079 0.653750 0.165476 0.655179 0.182540 0.655536 0.214286 0.651071 0.257937 0.649643 0.269444 0.650536 0.285317 0.648750 0.336508 0.651607 0.379762 0.652679 0.418254 0.644464 0.438095 0.637857 0.470238 0.629643 0.469444 0.629286 0.457143 0.629107 0.448413 0.628393 0.445238 0.626429
0 0.269354 0.300439 0.269145 0.299279 0.267822 0.298120 0.265873 0.297838 0.262183 0.297870 0.257728 0.298340 0.254038 0.299937 0.254107 0.300909 0.257658 0.303321 0.261348 0.303728 0.265525 0.303383 0.267057 0.303039 0.268727 0.302318 0.269284 0.300783
0 0.257284 0.291833 0.255123 0.293278 0.252716 0.294556 0.250741 0.294611 0.247963 0.294611 0.245556 0.294222 0.244012 0.293306 0.242963 0.292389 0.242593 0.290583 0.242963 0.289750 0.245185 0.289611 0.247840 0.289361 0.250432 0.289500 0.253889 0.290361 0.256728 0.291222
0 0.288556 0.296700 0.285722 0.298875 0.272000 0.296175 0.269111 0.295250 0.272222 0.293450 0.275667 0.293050 0.278111 0.293225 0.281000 0.293450 0.283389 0.294075 0.285167 0.294850
0 0.307296 0.303477 0.307505 0.302318 0.307923 0.301848 0.310498 0.301128 0.315998 0.301441 0.322751 0.303321 0.326441 0.305107 0.326789 0.307018 0.322612 0.309962 0.319618 0.311153 0.314884 0.311028 0.311960 0.310620 0.308758 0.309806 0.306669 0.308615 0.305347 0.307644 0.305207 0.306485 0.306182 0.305357 0.307783 0.304386
0 0.308480 0.316134 0.321080 0.317544 0.327137 0.319706 0.330131 0.321397 0.330131 0.322776 0.330061 0.323966 0.327068 0.325846 0.324074 0.327224 0.321011 0.327412 0.315163 0.326974 0.307992 0.325564 0.302980 0.323308 0.302283 0.321773 0.303397 0.320269 0.304511 0.319016 0.305486 0.317638 0.306391 0.317011
0 0.394684 0.340243 0.399880 0.343795 0.402378 0.345863 0.402278 0.348291 0.401079 0.350225 0.398481 0.351709 0.393885 0.353192 0.390288 0.353642 0.387990 0.353732 0.386291 0.353642 0.383193 0.353013 0.379796 0.351844 0.377298 0.351124 0.375000 0.349505 0.374301 0.347797 0.373801 0.345863 0.373601 0.343750 0.373801 0.342311 0.374800 0.340513 0.375699 0.339658 0.379596 0.338849 0.381595 0.338714 0.385292 0.338669 0.386990 0.338669 0.391387 0.339568
0 0.396583 0.352653 0.400480 0.354541 0.399580 0.356205 0.395284 0.357419 0.390987 0.357914 0.384293 0.357284 0.376699 0.356340 0.371902 0.355755 0.369804 0.354317 0.365008 0.351439 0.365108 0.349101 0.366107 0.347167 0.368006 0.343930 0.371603 0.342761 0.373701 0.342626 0.373801 0.346987 0.374800 0.348651 0.376799 0.351259 0.381195 0.352248 0.386191 0.353732 0.388689 0.353957 0.391687 0.353687
0 0.362186 0.313226 0.366308 0.310685 0.370341 0.309556 0.377688 0.309234 0.381631 0.310323 0.386649 0.312903 0.389785 0.315887 0.390054 0.317823 0.388530 0.319798 0.384498 0.322702 0.382168 0.323629 0.377688 0.323306 0.374194 0.322702 0.368728 0.320766 0.364875 0.318508 0.362993 0.316452 0.362634 0.315242
0 0.500255 0.358538 0.508508 0.361983 0.511315 0.363936 0.511315 0.365850 0.510294 0.369142 0.508423 0.372243 0.502552 0.374694 0.496512 0.375459 0.490897 0.375613 0.482814 0.375077 0.475838 0.374349 0.471074 0.373201 0.468606 0.371210 0.467926 0.369946 0.472945 0.365237 0.477114 0.362749 0.480432 0.360528 0.482389 0.359686 0.487579 0.358844 0.490471 0.358538 0.496937 0.358423
2 0.411185 0.357023 0.428837 0.367726 0.436826 0.374498 0.437570 0.378177 0.434597 0.384448 0.431438 0.388545 0.421776 0.394064 0.413601 0.396656 0.407841 0.395819 0.405611 0.399164 0.400595 0.403177 0.390933 0.406020 0.375139 0.409114 0.364734 0.410786 0.356931 0.411288 0.352285 0.411037 0.350242 0.410535 0.348384 0.408946 0.347640 0.407107 0.347454 0.405936 0.347454 0.404515 0.343924 0.404181 0.333891 0.402508 0.329617 0.400669 0.328502 0.397659 0.329431 0.392809 0.333705 0.388963 0.337049 0.386371 0.341323 0.384365 0.345968 0.382943 0.351542 0.381104 0.357488 0.379181 0.358789 0.375920 0.358045 0.372074 0.358417 0.368562 0.360275 0.366054 0.362505 0.363796 0.366035 0.361957 0.371609 0.360619 0.376254 0.360284 0.383129 0.360117 0.388146 0.360368 0.390375 0.360953 0.392791 0.362542 0.393720 0.362458 0.396693 0.361037 0.399108 0.360201 0.408956 0.357943
2 0.511259 0.363206 0.512735 0.361545 0.515504 0.359219 0.518642 0.357890 0.527685 0.356063 0.534884 0.355814 0.539683 0.357558 0.540421 0.363953 0.540052 0.369103 0.538021 0.374169 0.533223 0.377326 0.532484 0.381478 0.530823 0.384718 0.523994 0.391362 0.505906 0.394269 0.500000 0.395930 0.494647 0.397508 0.487265 0.399252 0.480805 0.400581 0.452750 0.396927 0.451089 0.393522 0.450904 0.393106 0.441307 0.389286 0.435031 0.385133 0.435031 0.383970 0.437800 0.378571 0.436323 0.372841 0.451274 0.368023 0.461979 0.365698 0.473606 0.364950 0.468069 0.369684 0.470284 0.372591 0.475452 0.374419 0.489664 0.375748 0.500554 0.375166 0.507567 0.372841 0.510336 0.370847 0.512366 0.365365
2 0.365000 0.419750 0.362222 0.423750 0.362778 0.424250 0.362778 0.427000 0.364444 0.429250 0.367222 0.430750 0.368889 0.432250 0.375000 0.435500 0.377222 0.435750 0.381111 0.437250 0.382778 0.438500 0.383889 0.440250 0.389444 0.443500 0.396111 0.445250 0.405000 0.446500 0.409444 0.447750 0.411667 0.448750 0.414745 0.450629 0.421111 0.449000 0.425000 0.449500 0.427222 0.450250 0.431667 0.451000 0.434444 0.451000 0.435000 0.451250 0.441111 0.451000 0.444444 0.449750 0.447778 0.447500 0.448889 0.444250 0.450556 0.442250 0.451667 0.442500 0.453333 0.444250 0.461667 0.447750 0.465556 0.448500 0.474444 0.448250 0.477778 0.447500 0.482778 0.445500 0.484444 0.444000 0.485000 0.441750 0.486111 0.440500 0.486111 0.430750 0.485556 0.430500 0.485000 0.427250 0.482778 0.424000 0.478333 0.419750 0.472778 0.418000 0.467778 0.415500 0.465000 0.415000 0.462222 0.414000 0.460000 0.411750 0.458333 0.408250 0.454444 0.405500 0.452222 0.402250 0.448889 0.400750 0.443333 0.399250 0.438889 0.398750 0.435556 0.397750 0.430000 0.397500 0.429444 0.397250 0.424444 0.397500 0.420556 0.398750 0.415556 0.402500 0.414444 0.404000 0.415000 0.411250 0.415556 0.411500 0.415556 0.413750 0.427324 0.422642 0.428896 0.425079 0.422956 0.422956 0.412222 0.414750 0.409444 0.413500 0.405660 0.412343 0.402778 0.412500 0.386111 0.412500 0.380556 0.413250 0.375556 0.414500 0.368889 0.417250
2 0.503333 0.395500 0.500000 0.397250 0.495000 0.401750 0.493333 0.405000 0.494444 0.415750 0.496667 0.417750 0.497222 0.420000 0.501667 0.423500 0.508333 0.426000 0.510556 0.427750 0.516111 0.429500 0.520556 0.430250 0.533333 0.430250 0.536111 0.431250 0.537778 0.432750 0.537778 0.435250 0.541111 0.438000 0.549444 0.438000 0.554444 0.439750 0.560000 0.440750 0.564444 0.441000 0.567778 0.441750 0.572778 0.441500 0.576111 0.442000 0.580000 0.442000 0.591667 0.444000 0.607778 0.444250 0.610556 0.443500 0.615556 0.443250 0.617778 0.442250 0.622222 0.441500 0.625000 0.440500 0.630000 0.439750 0.633889 0.438500 0.638333 0.437750 0.642778 0.436000 0.646667 0.435000 0.650000 0.431750 0.650000 0.426500 0.648889 0.424000 0.643333 0.419500 0.637778 0.416250 0.634444 0.414750 0.631111 0.414000 0.626667 0.411500 0.615000 0.411000 0.610556 0.408750 0.610556 0.407750 0.613333 0.406000 0.616111 0.401500 0.616111 0.398000 0.613333 0.392750 0.611111 0.391000 0.605000 0.388000 0.599444 0.387000 0.592222 0.386250 0.583333 0.386250 0.580000 0.387250 0.577778 0.387250 0.571667 0.388500 0.563333 0.392000 0.560000 0.394500 0.556667 0.394750 0.552778 0.393000 0.542778 0.391500 0.535000 0.391500 0.530556 0.391000 0.529444 0.390500 0.524444 0.390750 0.521111 0.392000 0.517222 0.392000 0.514444 0.392750 0.512778 0.392750
1 0.634073 0.522302 0.641472 0.520781 0.641281 0.520350 0.627886 0.519948 0.619913 0.521269 0.614444 0.523000 0.606667 0.525000 0.596667 0.529250 0.575556 0.542000 0.571667 0.546250 0.566111 0.550750 0.554444 0.558250 0.548889 0.563000 0.543333 0.566000 0.541667 0.568250 0.538333 0.570000 0.536111 0.573250 0.535556 0.580250 0.531111 0.588000 0.527778 0.592000 0.525556 0.593750 0.523889 0.594250 0.522222 0.596250 0.517778 0.599500 0.503981 0.611215 0.481481 0.626246 0.480443 0.633879 0.513499 0.622586 0.517222 0.621000 0.527778 0.618000 0.550556 0.609000 0.556667 0.607250 0.571111 0.600500 0.572778 0.599000 0.585000 0.591750 0.600556 0.583500 0.605000 0.579750 0.610556 0.576250 0.617222 0.570000 0.618889 0.569250 0.626667 0.559500 0.630556 0.552750 0.632222 0.548000 0.632778 0.524500
1 0.481340 0.511260 0.480916 0.521947 0.497031 0.532634 0.516539 0.543130 0.530534 0.556679 0.537744 0.571565 0.535623 0.576527 0.534351 0.583779 0.529262 0.591031 0.520356 0.597328 0.504665 0.610496 0.481340 0.626336 0.472858 0.628244 0.460560 0.627481 0.455047 0.626908 0.452078 0.624809 0.443596 0.616031 0.434266 0.609160 0.431722 0.607252 0.435963 0.589695 0.438931 0.577672 0.448685 0.554962 0.446141 0.548092 0.443596 0.537214 0.443596 0.530344 0.444869 0.522901 0.450806 0.519084 0.460560 0.517176 0.469042 0.515649 0.474131 0.514313
0 0.336333 0.443575 0.333611 0.447450 0.327889 0.445175 0.327667 0.443425 0.328778 0.442475 0.329500 0.442250 0.332556 0.442275 0.334056 0.442275 0.335889 0.442750
0 0.756386 0.431983 0.756258 0.430086 0.756513 0.428649 0.758493 0.427701 0.765006 0.427845 0.766539 0.429138 0.765006 0.430805 0.763346 0.431523 0.758685 0.432328
0 0.724722 0.436875 0.725278 0.435800 0.725889 0.434925 0.727111 0.433950 0.729667 0.433250 0.732889 0.432675 0.735944 0.432650 0.737889 0.433325 0.738833 0.433925 0.738611 0.434175 0.728167 0.436350
0 0.735833 0.438025 0.733389 0.439775 0.733444 0.440475 0.735611 0.441875 0.737667 0.442275 0.739889 0.442275 0.741889 0.442300 0.743778 0.441775 0.744500 0.441425 0.745167 0.440875 0.745167 0.439725 0.745278 0.438250 0.745056 0.437950 0.743056 0.437475 0.741556 0.437350 0.739500 0.437350 0.737722 0.437450
0 0.698556 0.436025 0.702111 0.437900 0.703444 0.439550 0.703833 0.441325 0.702333 0.442375 0.695056 0.443850 0.691333 0.444200 0.689000 0.443950 0.685722 0.443375 0.684278 0.442500 0.683833 0.441375 0.683833 0.440000 0.683889 0.438750 0.684278 0.438200 0.686111 0.437200 0.687111 0.436725 0.690000 0.436175 0.692333 0.435950 0.696944 0.435875
0 0.675611 0.465325 0.670556 0.463550 0.668500 0.462500 0.668500 0.461425 0.668389 0.459475 0.672000 0.458550 0.676389 0.457775 0.681556 0.457250 0.690444 0.457925 0.693056 0.460625 0.693333 0.461250 0.691389 0.462575 0.687444 0.464325 0.682389 0.465275 0.677611 0.465525
0 0.334557 0.455975 0.342938 0.457034 0.344727 0.458898 0.344256 0.460297 0.342561 0.461822 0.340395 0.462627 0.337194 0.462415 0.333239 0.461186 0.329379 0.459703 0.329849 0.458051 0.332580 0.456483
0 0.365222 0.461325 0.359722 0.463875 0.361222 0.465775 0.364278 0.468650 0.369500 0.469350 0.373444 0.469100 0.374667 0.467800 0.375833 0.465950 0.376333 0.464750 0.374556 0.463250 0.371889 0.462175 0.368722 0.461750
0 0.378444 0.482300 0.384556 0.485150 0.385556 0.487150 0.385389 0.488100 0.383667 0.489400 0.379833 0.490400 0.376222 0.489825 0.373778 0.489175 0.370667 0.487375 0.369667 0.485275 0.370833 0.484050 0.373889 0.483025 0.376722 0.482550 0.377667 0.482425