0 0.587104 0.087773 0.587329 0.090945 0.586835 0.093278 0.585668 0.095433 0.584995 0.095552 0.583290 0.094535 0.581764 0.092860 0.581405 0.091483 0.581360 0.089329 0.581539 0.088372 0.582437 0.087055 0.583738 0.086636 0.585444 0.086636 0.586745 0.087055
0 0.581885 0.107487 0.584546 0.108333 0.584424 0.109831 0.583325 0.113737 0.582471 0.113802 0.580957 0.112663 0.580151 0.112402 0.579883 0.111979 0.580078 0.111133 0.580469 0.110221 0.581030 0.108919 0.581616 0.107454
0 0.574020 0.116079 0.573482 0.118065 0.574268 0.122037 0.575427 0.124630 0.577331 0.125623 0.579399 0.125623 0.580931 0.124244 0.581965 0.122644 0.582586 0.120216 0.583082 0.117292 0.583082 0.114865 0.582337 0.113541 0.580931 0.112547 0.579482 0.112216 0.578117 0.111996 0.575758 0.112437 0.574930 0.113541
0 0.544258 0.126034 0.547136 0.129983 0.549378 0.137204 0.549294 0.141040 0.547770 0.143748 0.544978 0.145102 0.542481 0.145328 0.538885 0.143128 0.536896 0.139799 0.535627 0.136245 0.536050 0.132352 0.537235 0.130265 0.538335 0.129193 0.539477 0.128065 0.541593 0.126598 0.542777 0.126203
0 0.547162 0.150429 0.551413 0.153416 0.553481 0.159926 0.552792 0.165135 0.550896 0.170113 0.549403 0.173407 0.546703 0.174403 0.535329 0.170650 0.534869 0.162914 0.536477 0.157858 0.537741 0.153799 0.539235 0.151961 0.541762 0.150352 0.543773 0.149740
0 0.573529 0.159007 0.570140 0.160309 0.568359 0.162607 0.566521 0.166896 0.564223 0.171492 0.563879 0.173330 0.567383 0.176854 0.573817 0.179151 0.580825 0.171952 0.580882 0.169654 0.580595 0.165594 0.578814 0.161305 0.577206 0.159620
0 0.516234 0.202200 0.524301 0.202955 0.528618 0.207484 0.529254 0.212579 0.526070 0.225789 0.524584 0.231450 0.526919 0.231356 0.529962 0.228242 0.532014 0.224185 0.533996 0.217203 0.534562 0.210787 0.534066 0.204276 0.533359 0.202295 0.531377 0.200596 0.528688 0.199370 0.526565 0.198615 0.524584 0.198615 0.522461 0.198615 0.520692 0.198521 0.519843 0.198898 0.517295 0.200879
0 0.502216 0.500194 0.505195 0.501356 0.506648 0.504069 0.505922 0.506879 0.504614 0.509979 0.502289 0.513176 0.499673 0.512885 0.496985 0.511723 0.496113 0.510754 0.495967 0.507847 0.496185 0.506491 0.496258 0.504650 0.497057 0.502035 0.498801 0.500969 0.501272 0.500291
0 0.529028 0.496609 0.528083 0.499903 0.526776 0.502810 0.524596 0.503197 0.522343 0.502616 0.521980 0.501259 0.522198 0.498256 0.522416 0.496222 0.523433 0.494575 0.525613 0.494090 0.526994 0.494090 0.528229 0.494962
0 0.524160 0.504941 0.526921 0.508913 0.525395 0.513176 0.523360 0.516082 0.521108 0.517245 0.519219 0.516373 0.518129 0.515985 0.517330 0.513563 0.516821 0.510560 0.517402 0.507654 0.520309 0.506007 0.522561 0.505425
1 0.464111 0.700521 0.462891 0.697266 0.461914 0.695964 0.459229 0.694336 0.455078 0.694661 0.454102 0.694010 0.451904 0.690430 0.451416 0.689128 0.451172 0.686198 0.449463 0.687500 0.447021 0.687826 0.444824 0.689779 0.438477 0.694010 0.435059 0.695312 0.430420 0.697917 0.424072 0.700195 0.420898 0.700846 0.419922 0.701497 0.412598 0.702474 0.409180 0.703451 0.405518 0.703451 0.405273 0.703776 0.385986 0.703451 0.384277 0.703776 0.383301 0.704427 0.383057 0.705078 0.383789 0.706380 0.387207 0.709635 0.390381 0.714193 0.392334 0.715495 0.396240 0.720052 0.398926 0.723958 0.401611 0.729167 0.405029 0.733398 0.408203 0.735677 0.408936 0.736979 0.410889 0.738932 0.416016 0.742513 0.417969 0.743164 0.419189 0.744141 0.422363 0.744792 0.423340 0.745443 0.424561 0.745443 0.424805 0.745117 0.432373 0.744141 0.437500 0.742513 0.440186 0.740234 0.443359 0.738932 0.448242 0.734375 0.453369 0.728190 0.458984 0.719727 0.459717 0.717122 0.461426 0.713867 0.462891 0.709310 0.463623 0.705729
1 0.467529 0.661784 0.466553 0.661133 0.464355 0.662435 0.454590 0.662435 0.453369 0.659180 0.453857 0.656250 0.455078 0.654622 0.454999 0.653505 0.454834 0.653646 0.449463 0.651042 0.444580 0.650065 0.429443 0.650065 0.412109 0.653646 0.407715 0.653646 0.404785 0.654948 0.399658 0.654622 0.394775 0.655599 0.376953 0.654622 0.364502 0.650716 0.353516 0.650716 0.338379 0.654297 0.331543 0.657878 0.325684 0.663411 0.322266 0.665690 0.317383 0.672852 0.315674 0.677083 0.314453 0.685221 0.315186 0.693359 0.316406 0.696940 0.318115 0.699219 0.322021 0.698242 0.325684 0.695964 0.334473 0.695964 0.339600 0.697917 0.347656 0.699544 0.370605 0.699870 0.384277 0.702474 0.388916 0.702148 0.391602 0.703125 0.399658 0.703776 0.415527 0.702148 0.431396 0.696940 0.448242 0.687174 0.452393 0.683268 0.455078 0.679362 0.457275 0.678060 0.464111 0.671224 0.466064 0.667318 0.466309 0.664714
1 0.521457 0.611635 0.516239 0.619117 0.506887 0.628830 0.491628 0.641037 0.481981 0.645106 0.478535 0.646681 0.476862 0.648256 0.467903 0.654688 0.466919 0.657182 0.470168 0.670308 0.482473 0.667158 0.490644 0.660726 0.505903 0.648388 0.511514 0.638806 0.517322 0.627780 0.519980 0.619905
1 0.455359 0.623365 0.461256 0.630756 0.465620 0.641292 0.470455 0.646009 0.470338 0.650255 0.469158 0.652300 0.462435 0.652300 0.452174 0.649784 0.437314 0.640977 0.427524 0.636102 0.422689 0.630284 0.414787 0.619119 0.404762 0.607324 0.397095 0.601191 0.392142 0.599304 0.387778 0.599147 0.383178 0.599776 0.381527 0.600720 0.377989 0.604022 0.374686 0.605280 0.372209 0.603865 0.369733 0.598204 0.369143 0.591913 0.371148 0.584994 0.378696 0.578075 0.388368 0.575244 0.394501 0.576817 0.407592 0.587196 0.418207 0.592385 0.441560 0.609840 0.454415 0.622106
1 0.541373 0.479087 0.539696 0.483063 0.541560 0.483063 0.545474 0.492506 0.548828 0.508160 0.548642 0.536985 0.545474 0.557610 0.533546 0.591404 0.520128 0.615756 0.497577 0.634393 0.486209 0.642345 0.475213 0.645326 0.470554 0.646072 0.467572 0.643339 0.462913 0.635138 0.459745 0.629672 0.455831 0.625199 0.454526 0.614265 0.455458 0.594635 0.460304 0.580222 0.472231 0.549410 0.481177 0.530773 0.489004 0.514621 0.496645 0.502197 0.502236 0.494742 0.514350 0.484305 0.523669 0.477596 0.530937 0.476105 0.536155 0.476105
2 0.525635 0.204102 0.525146 0.203451 0.517334 0.202799 0.515137 0.204102 0.512939 0.204427 0.510986 0.203125 0.505859 0.196940 0.502441 0.194987 0.497803 0.195638 0.493896 0.198893 0.490723 0.204102 0.489746 0.206380 0.485596 0.221680 0.483887 0.222982 0.478760 0.223958 0.472656 0.228516 0.469482 0.232096 0.468750 0.233724 0.464600 0.239909 0.464355 0.240885 0.462646 0.243164 0.462158 0.244466 0.461426 0.250000 0.461670 0.255859 0.462891 0.258464 0.465576 0.262044 0.468018 0.269206 0.469482 0.271159 0.470459 0.271810 0.475830 0.273112 0.478027 0.274089 0.489990 0.274414 0.494385 0.271810 0.497559 0.267904 0.499512 0.266602 0.501953 0.263021 0.503418 0.264323 0.505615 0.265299 0.507080 0.264648 0.511719 0.258464 0.514648 0.255208 0.516602 0.250977 0.520264 0.245443 0.521973 0.241211 0.524170 0.231771 0.525635 0.228190 0.526123 0.224609 0.527100 0.222331 0.527832 0.218424 0.528564 0.216797 0.528320 0.210286
2 0.560303 0.191081 0.558105 0.192383 0.556152 0.194987 0.554688 0.198893 0.552002 0.204427 0.551758 0.207357 0.551514 0.207682 0.551270 0.212891 0.551025 0.213216 0.550537 0.216797 0.549561 0.219076 0.548584 0.220378 0.548340 0.229818 0.548828 0.231445 0.549072 0.236979 0.549805 0.239583 0.549561 0.248698 0.550293 0.250326 0.550537 0.251628 0.551758 0.253255 0.552490 0.256185 0.553955 0.259766 0.554443 0.261719 0.554932 0.262695 0.556885 0.264974 0.557861 0.267904 0.559814 0.271810 0.562256 0.273438 0.565186 0.276367 0.567871 0.277995 0.569824 0.277995 0.570068 0.278320 0.572266 0.278320 0.573975 0.276693 0.576416 0.273112 0.577881 0.268880 0.578857 0.267253 0.579834 0.261393 0.581055 0.257812 0.582520 0.255534 0.582764 0.252279 0.583008 0.251953 0.582520 0.250651 0.581543 0.249349 0.579590 0.248372 0.578125 0.246419 0.576660 0.241862 0.576416 0.240234 0.574951 0.236654 0.574951 0.236003 0.574219 0.234701 0.573486 0.231445 0.572510 0.229167 0.568604 0.224935 0.567139 0.224609 0.565674 0.223633 0.564941 0.222331 0.564575 0.225321 0.564697 0.219076 0.564941 0.218750 0.564941 0.215169 0.565186 0.214844 0.565186 0.212240 0.564941 0.211914 0.564941 0.206380 0.565186 0.206055 0.565186 0.204753 0.564941 0.204427 0.564941 0.202799 0.564453 0.201172 0.564453 0.196940 0.563721 0.195638 0.562988 0.193359 0.562012 0.192057
2 0.550293 0.260742 0.548096 0.260417 0.547852 0.260742 0.545898 0.260742 0.541016 0.262044 0.538818 0.264648 0.536133 0.266602 0.535156 0.268229 0.534180 0.271484 0.532227 0.274089 0.531006 0.277995 0.530029 0.279297 0.527344 0.281576 0.525391 0.286458 0.521729 0.290690 0.516846 0.293294 0.515381 0.295898 0.514893 0.298503 0.514893 0.303385 0.514404 0.306315 0.514648 0.306966 0.514893 0.314779 0.516385 0.317643 0.516357 0.319987 0.517334 0.324219 0.517578 0.324544 0.519583 0.328876 0.521240 0.324544 0.521240 0.323893 0.521973 0.322591 0.523682 0.321940 0.525146 0.321940 0.526123 0.323893 0.526855 0.326823 0.528809 0.330729 0.531494 0.334310 0.532959 0.335612 0.537109 0.336263 0.539551 0.335612 0.541748 0.334310 0.543213 0.332357 0.544678 0.331380 0.546875 0.328125 0.549072 0.326172 0.550537 0.324219 0.553955 0.322591 0.555176 0.321615 0.556396 0.321289 0.560303 0.318359 0.562988 0.314128 0.563965 0.310872 0.564209 0.305664 0.563721 0.303060 0.561768 0.298828 0.558105 0.293620 0.556641 0.292318 0.552979 0.290690 0.551514 0.290690 0.548584 0.291667 0.546949 0.293946 0.545657 0.294766 0.544243 0.294520 0.541906 0.296898 0.537714 0.296185 0.544678 0.288086 0.545903 0.285173 0.546703 0.283369 0.548828 0.279297 0.552246 0.271159 0.552490 0.267578 0.553711 0.263346 0.552734 0.262044
2 0.504150 0.314128 0.501953 0.315430 0.500488 0.319010 0.497803 0.322266 0.497559 0.325521 0.497314 0.325846 0.497314 0.330404 0.497070 0.330729 0.497070 0.334635 0.499512 0.341471 0.499512 0.346354 0.500488 0.349284 0.500488 0.353190 0.501465 0.356120 0.502686 0.357422 0.502686 0.364258 0.502441 0.364583 0.502441 0.371419 0.502686 0.371745 0.502686 0.373047 0.503906 0.376302 0.504395 0.381185 0.505371 0.383464 0.505859 0.383789 0.507324 0.387695 0.507324 0.388346 0.513428 0.396484 0.518066 0.396484 0.521484 0.394531 0.525391 0.389974 0.525879 0.388672 0.526123 0.378255 0.526367 0.377279 0.527100 0.376302 0.529053 0.375326 0.530029 0.373698 0.531006 0.373047 0.532959 0.370443 0.533203 0.368164 0.532959 0.367513 0.529053 0.367513 0.528564 0.368164 0.527344 0.368815 0.526123 0.370768 0.525146 0.371094 0.522705 0.367513 0.521729 0.364909 0.520752 0.363281 0.519531 0.357422 0.519287 0.353190 0.518066 0.351562 0.516602 0.350586 0.513916 0.347005 0.513428 0.346680 0.510010 0.346354 0.509033 0.345378 0.509766 0.344727 0.510010 0.343750 0.510010 0.337891 0.509766 0.337565 0.509766 0.336263 0.508789 0.333984 0.509033 0.329753 0.508301 0.327474 0.508301 0.326172 0.508637 0.323382 0.507568 0.317383 0.507324 0.317057 0.507324 0.315755 0.506592 0.314128 0.505859 0.313802
2 0.450415 0.367142 0.445873 0.365250 0.438681 0.364114 0.430638 0.364240 0.426758 0.365502 0.423824 0.367268 0.423162 0.368656 0.423067 0.372441 0.423351 0.376479 0.430448 0.388339 0.434044 0.390988 0.431300 0.391998 0.429218 0.393007 0.428745 0.394395 0.430921 0.400830 0.441804 0.409283 0.453159 0.412690 0.457796 0.411428 0.460162 0.411176 0.464514 0.413951 0.473409 0.416980 0.482967 0.416601 0.490537 0.412690 0.493565 0.409535 0.493471 0.405498 0.492335 0.403732 0.494890 0.400704 0.498864 0.396414 0.501703 0.390484 0.503123 0.383166 0.500189 0.376731 0.496310 0.374208 0.490064 0.372063 0.486374 0.370044 0.483440 0.369792 0.479371 0.369792 0.476154 0.369792 0.475397 0.369287 0.472747 0.363609 0.470476 0.359319 0.468394 0.357805 0.464798 0.356796 0.460729 0.356291 0.457607 0.356291 0.455146 0.356291 0.454011 0.357301 0.451740 0.362221 0.450415 0.365628