0 0.533889 0.086438 0.532925 0.087672 0.532694 0.090242 0.532771 0.091887 0.536202 0.093018 0.538323 0.092350 0.540019 0.091759 0.541060 0.090448 0.541484 0.089163 0.541253 0.087672 0.539094 0.086155 0.536665 0.085487 0.534969 0.085924
1 0.315463 0.647809 0.318427 0.654993 0.296067 0.658226 0.324892 0.658226 0.363147 0.657507 0.388470 0.653915 0.448006 0.657866 0.507543 0.660201 0.545797 0.660201 0.595905 0.669001 0.593211 0.663075 0.595366 0.663434 0.598330 0.661818 0.600485 0.654993 0.599407 0.648527 0.591325 0.640266 0.575700 0.630747 0.542834 0.620869 0.504310 0.614045 0.457705 0.610453 0.415679 0.617636 0.345905 0.636853
0 0.186380 0.394917 0.187566 0.396367 0.190400 0.399399 0.192048 0.399399 0.193366 0.398916 0.194816 0.399003 0.196134 0.398037 0.197650 0.397158 0.196529 0.394917 0.194025 0.393160 0.192245 0.392808 0.190136 0.393204 0.187895 0.394170
0 0.207404 0.404847 0.216104 0.408011 0.216038 0.409637 0.213863 0.412229 0.211293 0.412976 0.207799 0.412844 0.205625 0.412009 0.202922 0.410296 0.201736 0.409065 0.203516 0.407308 0.204109 0.406165 0.205822 0.405375
0 0.231526 0.403881 0.238051 0.407396 0.238644 0.408582 0.234624 0.412888 0.231988 0.414558 0.229483 0.414646 0.226715 0.413986 0.223815 0.412361 0.222233 0.410691 0.221838 0.409724 0.221970 0.408406 0.222695 0.407176 0.223749 0.406034 0.227176 0.404672 0.229747 0.403837
0 0.261250 0.402299 0.264216 0.404935 0.265205 0.406385 0.263557 0.408582 0.262107 0.410076 0.255582 0.409153 0.251628 0.408099 0.250507 0.407088 0.250310 0.404979 0.250573 0.403265 0.251760 0.402299 0.254528 0.401332 0.257032 0.401244 0.259207 0.401596
0 0.530949 0.336265 0.533997 0.337329 0.536681 0.338442 0.537697 0.339990 0.537843 0.342602 0.536246 0.345215 0.532618 0.347488 0.527175 0.348988 0.524781 0.348407 0.518976 0.344537 0.518468 0.343715 0.524926 0.339071 0.529280 0.336265
0 0.534722 0.318124 0.534069 0.320252 0.535230 0.321413 0.534867 0.323494 0.533126 0.326154 0.529498 0.327606 0.525216 0.327993 0.519919 0.326783 0.517670 0.323107 0.517597 0.321317 0.519048 0.319382 0.521298 0.317495 0.524853 0.316237 0.526014 0.316092 0.531239 0.316092 0.534069 0.317301
0 0.581023 0.311677 0.581403 0.313993 0.580643 0.315983 0.579231 0.318336 0.576680 0.320073 0.573097 0.320145 0.569297 0.318951 0.568320 0.317359 0.568157 0.316092 0.568211 0.314319 0.568754 0.313124 0.569785 0.311858 0.570871 0.311206 0.573585 0.310410 0.575268 0.310265 0.578200 0.310699
0 0.581240 0.311532 0.582217 0.311025 0.583737 0.310772 0.586071 0.310627 0.588134 0.311242 0.589166 0.311713 0.590360 0.314246 0.589763 0.315585 0.588514 0.316780 0.586451 0.318010 0.584823 0.318263 0.581511 0.318336 0.579557 0.317902 0.581565 0.313920 0.580914 0.311858
0 0.526170 0.094036 0.531316 0.096147 0.532811 0.097818 0.532460 0.098669 0.531932 0.099666 0.530348 0.101161 0.528369 0.102422 0.525950 0.103038 0.524367 0.103038 0.522080 0.102393 0.520056 0.101689 0.518781 0.100545 0.518825 0.099519 0.519309 0.098346 0.519968 0.097027 0.520672 0.095971 0.521552 0.094622 0.522211 0.094358 0.524411 0.094036
0 0.517285 0.094681 0.520056 0.096763 0.519309 0.098639 0.518517 0.099900 0.516406 0.103360 0.513195 0.105677 0.510072 0.105941 0.507301 0.104592 0.504354 0.102129 0.503519 0.099930 0.504222 0.097965 0.505542 0.096470 0.507917 0.094974 0.510732 0.093889 0.513151 0.093831 0.514514 0.093919
0 0.536462 0.111453 0.539849 0.112743 0.543323 0.114034 0.544995 0.115500 0.544995 0.117054 0.545127 0.119869 0.543411 0.122156 0.540816 0.124883 0.537781 0.126407 0.534043 0.127111 0.531140 0.126642 0.526610 0.126085 0.524323 0.125323 0.522080 0.123387 0.521640 0.122508 0.522211 0.120484 0.522739 0.118960 0.523795 0.117112 0.525158 0.115676 0.526610 0.114268 0.528677 0.112685 0.530260 0.111893 0.532020 0.111512 0.535011 0.111277
0 0.472026 0.125126 0.473920 0.126728 0.476686 0.130369 0.477560 0.133232 0.478070 0.136776 0.476978 0.138523 0.474284 0.140368 0.467003 0.140562 0.462780 0.140950 0.458557 0.140222 0.456008 0.138281 0.454625 0.135271 0.455135 0.132067 0.456081 0.129398 0.457537 0.127893 0.459940 0.126631 0.464745 0.125272 0.465692 0.125175 0.469842 0.124932
0 0.495835 0.138960 0.500349 0.138669 0.505592 0.139300 0.508868 0.140513 0.509888 0.142018 0.510543 0.143135 0.511853 0.143766 0.512873 0.144785 0.513382 0.145756 0.513601 0.147115 0.513091 0.148862 0.512217 0.150270 0.510688 0.152794 0.508504 0.153959 0.506757 0.154736 0.504136 0.155706 0.501733 0.156143 0.498165 0.156483 0.495471 0.156580 0.491831 0.156483 0.489865 0.156240 0.487608 0.155318 0.486297 0.154493 0.485569 0.153182 0.484841 0.151629 0.485059 0.150173 0.486588 0.147940 0.488554 0.145513 0.489646 0.144348 0.491612 0.142455 0.494525 0.140368
0 0.472245 0.180413 0.471153 0.178472 0.471371 0.175559 0.474502 0.172647 0.479162 0.169929 0.484404 0.168133 0.489938 0.166919 0.494598 0.166919 0.500641 0.167987 0.503844 0.169589 0.503844 0.170414 0.506538 0.172404 0.507266 0.173715 0.508067 0.175074 0.506174 0.179200 0.503480 0.182500 0.500495 0.185655 0.495617 0.188131 0.489210 0.190267 0.484404 0.190704 0.481273 0.190704 0.477269 0.189053 0.476104 0.187451 0.475885 0.184830 0.474720 0.182209
2 0.411312 0.155979 0.415809 0.153911 0.424336 0.151224 0.434259 0.150810 0.441857 0.151327 0.447594 0.154635 0.449764 0.157839 0.448214 0.165075 0.446508 0.168796 0.450695 0.171173 0.452865 0.175618 0.450229 0.179959 0.447439 0.183991 0.438291 0.189366 0.428833 0.194431 0.419065 0.195361 0.414413 0.194947 0.408832 0.193294 0.405265 0.197015 0.401079 0.201149 0.395497 0.204044 0.388675 0.205904 0.377822 0.206421 0.367899 0.206008 0.360612 0.203837 0.356580 0.202286 0.355185 0.200116 0.354255 0.195774 0.355340 0.192570 0.351309 0.190503 0.342781 0.186265 0.341075 0.184818 0.340455 0.180786 0.343711 0.175205 0.353169 0.169209 0.359371 0.166625 0.369294 0.164248 0.372550 0.164971 0.373481 0.159286 0.379062 0.152671 0.384489 0.149157 0.391776 0.148226 0.401699 0.149157 0.408987 0.152774
1 0.323234 0.474138 0.329866 0.470270 0.318675 0.469441 0.305827 0.471651 0.295051 0.477177 0.288006 0.484361 0.278473 0.499558 0.273914 0.518347 0.268941 0.548740 0.262724 0.580239 0.260237 0.604553 0.254435 0.626382 0.255264 0.633565 0.264796 0.641578 0.296295 0.646552 0.313702 0.646828 0.314116 0.639920 0.321577 0.623618 0.328208 0.612566 0.340227 0.594607 0.356805 0.575818 0.371311 0.560621 0.375041 0.547911 0.373798 0.527465 0.365509 0.510610 0.350174 0.492098 0.331109 0.476072
1 0.093211 0.513373 0.101500 0.519728 0.109789 0.520557 0.122223 0.524425 0.140459 0.536583 0.176102 0.563937 0.205114 0.584383 0.250290 0.611185 0.255678 0.614224 0.254849 0.633565 0.268941 0.642407 0.275986 0.651249 0.261066 0.644341 0.244073 0.639092 0.222107 0.629697 0.196411 0.615606 0.163669 0.595712 0.139630 0.577199 0.119736 0.555924 0.102744 0.534649 0.099014 0.525807
1 0.278085 0.655532 0.222858 0.658450 0.178071 0.666307 0.140019 0.675287 0.122508 0.682696 0.093885 0.694145 0.088497 0.700880 0.095568 0.703349 0.098936 0.699309 0.133284 0.683818 0.170326 0.678655 0.222185 0.676410 0.284146 0.675063 0.291218 0.674389 0.290544 0.668552 0.284820 0.661144
2 0.457196 0.184033 0.456946 0.180960 0.457320 0.178302 0.458441 0.175561 0.460435 0.171907 0.464546 0.168668 0.472020 0.173568 0.471273 0.175977 0.471522 0.179050 0.472768 0.181292 0.475384 0.183285 0.475508 0.185943 0.477128 0.189265 0.480491 0.190511 0.489087 0.190594 0.497683 0.187272 0.502791 0.191590 0.507649 0.197155 0.509518 0.199148 0.511262 0.201473 0.511137 0.208284 0.512632 0.207785 0.516245 0.204463 0.519857 0.201639 0.519982 0.203965 0.523595 0.203383 0.523221 0.205875 0.521851 0.208782 0.520730 0.211273 0.519235 0.212685 0.504285 0.215509 0.506154 0.216256 0.506029 0.218499 0.504784 0.221156 0.502292 0.222817 0.493946 0.223814 0.487841 0.222070 0.482235 0.217917 0.482360 0.219080 0.478374 0.219661 0.475757 0.218748 0.469404 0.213682 0.465791 0.207536 0.463923 0.205460 0.461680 0.199397 0.462552 0.195826 0.463051 0.191175
2 0.413578 0.265661 0.412716 0.267098 0.412716 0.271408 0.414009 0.272989 0.415302 0.276149 0.417672 0.278161 0.419612 0.280891 0.421983 0.282759 0.423922 0.290948 0.427586 0.294397 0.431466 0.296121 0.435560 0.297270 0.442457 0.298132 0.445854 0.298915 0.452416 0.298346 0.456363 0.297777 0.460044 0.297030 0.462500 0.294971 0.468534 0.294540 0.474353 0.294828 0.485991 0.296839 0.493966 0.297270 0.505819 0.296552 0.509698 0.295259 0.513578 0.294828 0.521336 0.289080 0.522845 0.283046 0.529526 0.277586 0.531034 0.274425 0.533621 0.271408 0.533836 0.267385 0.532112 0.263649 0.528017 0.259914 0.525431 0.258477 0.522414 0.257471 0.518966 0.255460 0.509052 0.252874 0.502155 0.251724 0.492241 0.251724 0.490302 0.251437 0.486207 0.245690 0.484267 0.244971 0.482328 0.243103 0.480172 0.241810 0.474569 0.239224 0.467241 0.238506 0.457543 0.240086 0.454741 0.241667 0.447845 0.247989 0.446767 0.250287 0.444612 0.251868 0.443103 0.252443 0.439440 0.252586 0.435776 0.253305 0.427802 0.257759 0.423707 0.258190 0.420043 0.260920 0.417672 0.262069
2 0.400216 0.290948 0.393966 0.286638 0.384483 0.284770 0.374353 0.284195 0.369397 0.284483 0.365302 0.285776 0.361207 0.285920 0.359914 0.283333 0.356897 0.280029 0.354095 0.278017 0.349353 0.275862 0.342672 0.274138 0.333836 0.274856 0.329526 0.276868 0.325862 0.279310 0.324138 0.281322 0.321121 0.286494 0.319612 0.292241 0.318103 0.293822 0.315086 0.293822 0.309914 0.292960 0.302586 0.294109 0.299138 0.294971 0.295690 0.297126 0.290086 0.298707 0.288793 0.300287 0.285129 0.302586 0.282328 0.305747 0.281466 0.309770 0.282112 0.312787 0.282974 0.314511 0.287500 0.317385 0.290733 0.320690 0.294181 0.322126 0.296767 0.324569 0.299569 0.326149 0.300216 0.330029 0.302371 0.332184 0.310129 0.334626 0.326509 0.335489 0.329741 0.334626 0.334052 0.334483 0.336638 0.332902 0.341595 0.331466 0.345690 0.328592 0.353448 0.327299 0.368103 0.328592 0.373060 0.328448 0.376509 0.327730 0.380603 0.327443 0.384483 0.325287 0.388362 0.324425 0.395690 0.318247 0.397198 0.313937 0.395474 0.310345 0.396767 0.306609 0.401509 0.298132 0.401724 0.294540
2 0.358258 0.203742 0.365598 0.205304 0.371377 0.206345 0.377468 0.206553 0.385120 0.205928 0.391054 0.205720 0.399332 0.202388 0.399956 0.203325 0.406359 0.200827 0.410888 0.199577 0.417135 0.199265 0.425881 0.199265 0.432440 0.200723 0.436188 0.200827 0.442435 0.203325 0.447433 0.207698 0.448370 0.210301 0.448370 0.213216 0.448370 0.215923 0.446964 0.220504 0.445246 0.224981 0.445090 0.226959 0.447589 0.229666 0.446496 0.232165 0.444621 0.234768 0.441654 0.237371 0.437125 0.240286 0.429629 0.243410 0.423070 0.245284 0.416979 0.246533 0.407296 0.246845 0.401049 0.246325 0.395583 0.246325 0.391992 0.249656 0.390430 0.252676 0.384651 0.254237 0.373095 0.256632 0.365130 0.257049 0.356384 0.256007 0.351543 0.254758 0.346702 0.252988 0.343110 0.250177 0.342641 0.246012 0.341236 0.243305 0.341704 0.241848 0.341079 0.241119 0.337175 0.238204 0.333271 0.235705 0.329054 0.232269 0.328586 0.229771 0.328430 0.228417 0.327336 0.225814 0.328430 0.222899 0.331709 0.219671 0.337644 0.215194 0.344047 0.212175 0.347795 0.210613 0.354198 0.210613 0.357321 0.210718 0.357946 0.210093 0.357009 0.207906 0.357790 0.205928 0.358102 0.204991