0 0.583144 0.160201 0.583428 0.161751 0.582067 0.162961 0.578097 0.163642 0.574467 0.163113 0.573219 0.161865 0.573219 0.161260 0.573219 0.160957 0.574240 0.160012 0.577586 0.159407 0.580932 0.159369
0 0.567888 0.165306 0.570440 0.166213 0.571234 0.166894 0.572652 0.168217 0.573049 0.169238 0.571121 0.170032 0.567888 0.171015 0.565166 0.169313 0.564088 0.167725 0.564145 0.166402 0.565506 0.165570
0 0.551962 0.175583 0.557309 0.172846 0.563737 0.171478 0.564601 0.172522 0.564277 0.174970 0.563035 0.176519 0.560874 0.177599 0.557363 0.177851 0.555149 0.177563 0.553636 0.177023
0 0.537324 0.171406 0.536352 0.175619 0.535595 0.178031 0.533921 0.179184 0.531706 0.180300 0.528520 0.179868 0.526683 0.179364 0.524252 0.178463 0.523172 0.176267 0.523280 0.175655 0.523820 0.174430 0.525009 0.173170 0.526035 0.172522 0.528358 0.171406 0.530302 0.170541 0.532193 0.169893 0.533975 0.170001 0.535379 0.170433 0.536784 0.171117
0 0.546552 0.190757 0.547198 0.193918 0.547773 0.196121 0.546336 0.198228 0.542601 0.200575 0.537787 0.201389 0.534986 0.201389 0.531537 0.201102 0.530172 0.199808 0.528448 0.196887 0.529167 0.193918 0.530388 0.192241 0.533190 0.191715 0.536566 0.191379 0.539080 0.191236 0.541739 0.190948 0.543678 0.190661
0 0.488362 0.185728 0.489943 0.187452 0.489871 0.188170 0.493032 0.188985 0.494468 0.190517 0.494756 0.192720 0.493966 0.194349 0.491667 0.197222 0.489009 0.198851 0.485417 0.200383 0.482471 0.200862 0.480819 0.200910 0.478017 0.200048 0.473635 0.197126 0.472629 0.195546 0.472629 0.193199 0.473563 0.190230 0.476724 0.187979 0.480603 0.185967 0.484124 0.185249 0.487213 0.185441
0 0.473361 0.204353 0.475692 0.207273 0.478872 0.209299 0.480851 0.212455 0.480285 0.215470 0.478590 0.217449 0.475198 0.219992 0.467566 0.222583 0.464316 0.222866 0.457533 0.219898 0.454777 0.217543 0.453929 0.215329 0.454494 0.212408 0.456261 0.209629 0.458522 0.207226 0.460430 0.205813 0.462337 0.204777 0.466577 0.204211 0.468626 0.204211 0.471594 0.204259
0 0.449265 0.235613 0.448449 0.232765 0.449265 0.230237 0.451329 0.228125 0.455505 0.225949 0.458961 0.224957 0.461744 0.224669 0.468368 0.224989 0.473168 0.226461 0.474464 0.227933 0.474224 0.230173 0.476672 0.231389 0.477584 0.232541 0.477200 0.234941 0.475952 0.237245 0.473792 0.239421 0.470144 0.241149 0.467024 0.242173 0.464192 0.242653 0.460161 0.242845 0.457185 0.242845 0.455601 0.242429 0.454353 0.241853 0.453393 0.241373
0 0.408563 0.248401 0.412801 0.252549 0.413973 0.256096 0.415416 0.260605 0.414605 0.263129 0.412801 0.266075 0.409194 0.267758 0.404866 0.268239 0.400177 0.267818 0.395127 0.267578 0.389536 0.266436 0.384306 0.263069 0.382683 0.260725 0.383765 0.256276 0.384486 0.252850 0.385478 0.251166 0.388454 0.248942 0.392061 0.247559 0.394586 0.247018 0.398283 0.246958 0.403333 0.247319 0.405587 0.247800
0 0.476906 0.265666 0.481849 0.267050 0.485804 0.269884 0.487188 0.273311 0.487286 0.275750 0.485606 0.280759 0.481058 0.284911 0.471666 0.288207 0.461583 0.290777 0.456837 0.290250 0.452290 0.288272 0.449027 0.287086 0.459506 0.284318 0.463856 0.281154 0.465240 0.278518 0.464548 0.275948 0.463065 0.275618 0.458419 0.275750 0.456244 0.275552 0.459408 0.271071 0.463560 0.268566 0.469590 0.267643 0.473545 0.267248 0.476115 0.266193
0 0.452668 0.274231 0.444984 0.282294 0.443165 0.279809 0.443484 0.277475 0.445666 0.275504 0.447303 0.274656 0.449167 0.274110 0.450804 0.273958 0.452168 0.273928
0 0.457351 0.275747 0.454760 0.277202 0.453759 0.278111 0.453441 0.279111 0.453123 0.280051 0.453714 0.281355 0.454896 0.282264 0.456260 0.282840 0.457715 0.283810 0.459170 0.283476 0.462262 0.282112 0.463217 0.281324 0.465308 0.278657 0.464535 0.275777 0.462898 0.275777 0.461671 0.275686
0 0.262872 0.395692 0.260395 0.399881 0.256477 0.399585 0.254776 0.398649 0.254111 0.397910 0.253150 0.396505 0.252115 0.394755 0.252078 0.394533 0.252188 0.393301 0.254037 0.393153 0.256255 0.393523 0.259508 0.393843 0.262170 0.394657
0 0.265652 0.402263 0.271573 0.405962 0.271360 0.409376 0.268212 0.409483 0.264691 0.409163 0.260851 0.407776 0.259143 0.405962 0.259143 0.404041 0.260744 0.402690 0.263038 0.402228 0.264585 0.402192
0 0.291044 0.405606 0.295792 0.406744 0.299900 0.409269 0.299953 0.411652 0.297979 0.413964 0.296059 0.414675 0.293765 0.414924 0.284376 0.409803 0.286243 0.407491 0.288430 0.406282 0.290831 0.405997
0 0.303720 0.426474 0.305829 0.426885 0.307886 0.427845 0.310046 0.429594 0.310715 0.432783 0.311075 0.434189 0.310407 0.435767 0.307475 0.437138 0.302897 0.437275 0.300479 0.436658 0.298731 0.435218 0.296673 0.433126 0.296107 0.431206 0.296107 0.430006 0.296827 0.428703 0.297650 0.427777 0.299193 0.426988 0.301611 0.426542
0 0.427864 0.292936 0.434060 0.296188 0.434851 0.297726 0.434455 0.300230 0.433005 0.302823 0.431292 0.304536 0.429051 0.305371 0.424899 0.305635 0.421537 0.304932 0.420153 0.303745 0.419230 0.302164 0.419165 0.299176 0.419428 0.297418 0.420351 0.296276 0.422262 0.294958 0.425558 0.293859 0.426744 0.293420
0 0.448432 0.322549 0.454994 0.323794 0.458004 0.325279 0.458305 0.328248 0.456680 0.331138 0.452345 0.334951 0.450238 0.335753 0.443737 0.335432 0.440727 0.333747 0.440065 0.332342 0.440305 0.328971 0.441269 0.327646 0.443616 0.324957 0.446085 0.323151
2 0.389890 0.343260 0.392372 0.350401 0.392111 0.357367 0.393286 0.356757 0.393025 0.351968 0.394592 0.345524 0.395637 0.342651 0.398511 0.339342 0.402560 0.336816 0.408830 0.336729 0.412618 0.336991 0.416667 0.339603 0.421761 0.343434 0.424112 0.347266 0.413009 0.369645 0.411050 0.375392 0.411311 0.379397 0.421369 0.380878 0.426594 0.377656 0.430381 0.374956 0.432863 0.374782 0.433386 0.377308 0.432210 0.379310 0.429990 0.382010 0.424896 0.384361 0.422414 0.385057 0.410136 0.386277 0.403736 0.385841 0.398380 0.385057 0.391327 0.382271 0.391719 0.389150 0.388454 0.390718 0.386364 0.389934 0.375131 0.384448 0.371473 0.381052 0.369906 0.377395 0.371343 0.367207 0.371604 0.364246 0.373824 0.354754 0.365987 0.343173 0.366118 0.338732 0.368600 0.341170 0.373955 0.341867 0.376306 0.347962
2 0.392773 0.277137 0.399906 0.282500 0.404459 0.288267 0.404459 0.292921 0.401575 0.301724 0.393380 0.312854 0.397629 0.319431 0.395656 0.330359 0.391407 0.338048 0.389585 0.343411 0.385639 0.343411 0.382604 0.342703 0.378506 0.342703 0.377747 0.341994 0.378354 0.338554 0.376381 0.338150 0.371069 0.336227 0.369400 0.335721 0.363936 0.336227 0.358320 0.337340 0.354222 0.337441 0.340107 0.332382 0.334644 0.327829 0.339652 0.328234 0.345723 0.330662 0.349973 0.329144 0.355588 0.327829 0.362570 0.328335 0.356954 0.321252 0.356499 0.315788 0.356195 0.307795 0.357713 0.298588 0.359383 0.293731 0.362266 0.289684 0.366516 0.286749 0.369096 0.286243 0.372739 0.287154 0.377595 0.293326 0.381845 0.297171 0.383666 0.293933 0.386853 0.284220 0.390192 0.279464
2 0.390041 0.278452 0.378202 0.276024 0.368641 0.276024 0.361204 0.276935 0.354526 0.279059 0.353312 0.277238 0.349366 0.272584 0.344661 0.268739 0.337527 0.265096 0.332215 0.264489 0.325537 0.265299 0.318708 0.267828 0.311422 0.272887 0.311422 0.276328 0.309298 0.282601 0.309601 0.285029 0.302771 0.285232 0.295638 0.286648 0.289871 0.289785 0.281979 0.293933 0.278943 0.297272 0.278336 0.299701 0.278336 0.303343 0.279854 0.306884 0.285621 0.312146 0.290174 0.314878 0.293969 0.320847 0.295031 0.323681 0.298218 0.326311 0.306566 0.328942 0.316734 0.330864 0.326600 0.330966 0.331456 0.329549 0.334644 0.327627 0.337376 0.327020 0.340259 0.324996 0.344509 0.323276 0.349669 0.323175 0.357561 0.323175 0.356802 0.320645 0.356195 0.306277 0.358624 0.296766 0.360141 0.293124 0.362418 0.289481 0.366212 0.286345 0.368944 0.285940 0.372739 0.287154 0.377595 0.292921 0.382452 0.297373 0.384729 0.290999 0.386398 0.286041 0.387309 0.283511 0.389889 0.280172
1 0.385909 0.742535 0.357759 0.740086 0.333836 0.741092 0.326293 0.743822 0.322198 0.743822 0.318319 0.745402 0.314224 0.745833 0.310560 0.747414 0.298707 0.750287 0.294828 0.750287 0.287069 0.754310 0.271336 0.759052 0.263362 0.763649 0.258836 0.764511 0.245259 0.769684 0.229526 0.774713 0.212500 0.778592 0.207974 0.780603 0.173707 0.789655 0.169181 0.791810 0.160345 0.794397 0.148491 0.800144 0.128879 0.806609 0.123707 0.809339 0.111207 0.813793 0.097198 0.822126 0.087716 0.830891 0.085991 0.833764 0.085560 0.837787 0.087716 0.842672 0.091595 0.844109 0.107543 0.842960 0.121983 0.839943 0.128017 0.839511 0.149353 0.834483 0.154526 0.833908 0.157974 0.832615 0.162069 0.832471 0.181897 0.828161 0.196121 0.823851 0.203448 0.822414 0.225216 0.814224 0.237931 0.810632 0.243534 0.807328 0.255819 0.803448 0.259698 0.800862 0.271552 0.795977 0.276293 0.792960 0.282974 0.790948 0.284914 0.789368 0.294828 0.785632 0.300216 0.782184 0.314655 0.775718 0.317026 0.773707 0.320690 0.772557 0.324138 0.769540 0.335345 0.763506 0.339009 0.759770 0.349353 0.753017 0.367690 0.754829 0.377022 0.754829
1 0.406350 0.753792 0.431679 0.740757 0.452120 0.733944 0.472783 0.732759 0.493668 0.732610 0.512331 0.733944 0.531439 0.738091 0.547436 0.743127 0.542104 0.744608 0.515886 0.747275 0.496556 0.749645 0.480337 0.755421 0.464562 0.761939 0.445454 0.771715 0.427902 0.775714 0.417015 0.775270 0.411016 0.774381 0.405906 0.772011 0.404795 0.764901 0.406794 0.756014
1 0.204523 0.579918 0.206397 0.582001 0.201399 0.587415 0.198901 0.596368 0.198276 0.605739 0.199838 0.619482 0.207334 0.630102 0.228261 0.648426 0.284170 0.689030 0.334770 0.712769 0.355072 0.725054 0.380372 0.725262 0.384745 0.715476 0.376000 0.707771 0.349138 0.684449 0.336019 0.665709 0.314468 0.643012 0.294790 0.616775 0.269490 0.594078 0.242629 0.583875 0.220452 0.579710
1 0.347574 0.677836 0.354178 0.663237 0.360435 0.644466 0.365997 0.617816 0.374340 0.597191 0.383377 0.578884 0.394153 0.569846 0.406320 0.565211 0.417791 0.565211 0.434128 0.568687 0.445947 0.573554 0.459851 0.593020 0.465065 0.607388 0.460199 0.633574 0.432738 0.672506 0.415705 0.696144 0.392068 0.712829 0.395196 0.706340 0.397629 0.700779 0.389634 0.699852 0.378163 0.699388 0.368778 0.700083
1 0.471209 0.543313 0.466187 0.555170 0.473092 0.572048 0.476440 0.593251 0.479997 0.612920 0.477486 0.628962 0.467861 0.651141 0.451749 0.675831 0.455516 0.652675 0.459073 0.636773 0.465978 0.607340 0.453423 0.582510 0.455097 0.558657 0.458445 0.555309 0.457189 0.551264 0.454679 0.547776 0.454679 0.545126 0.456980 0.544708 0.460537 0.544150 0.463885 0.543592 0.467233 0.543592