1 0.526855 0.650391 0.519531 0.641602 0.513184 0.638997 0.512451 0.635417 0.513184 0.631510 0.512695 0.622721 0.508057 0.620443 0.505615 0.617839 0.501709 0.616862 0.497803 0.613607 0.490479 0.610352 0.483398 0.608724 0.470459 0.609049 0.462891 0.610677 0.441650 0.618815 0.407227 0.640625 0.387695 0.656901 0.373047 0.673503 0.364990 0.689453 0.361084 0.704102 0.360352 0.712240 0.361084 0.723307 0.368408 0.725911 0.374023 0.734049 0.384521 0.741862 0.387939 0.742513 0.392578 0.745117 0.405273 0.747721 0.412354 0.748047 0.426758 0.745443 0.450195 0.737630 0.454834 0.734375 0.459229 0.733073 0.462891 0.730143 0.466553 0.728841 0.470947 0.724609 0.474609 0.723307 0.476807 0.720378 0.482666 0.716471 0.486084 0.712240 0.490723 0.709310 0.492676 0.706706 0.498535 0.702148 0.513428 0.685221 0.516276 0.680551 0.518311 0.677409 0.521240 0.671549 0.525879 0.658203
1 0.520629 0.674242 0.513672 0.684570 0.511475 0.687826 0.509033 0.689453 0.506592 0.693034 0.503662 0.696289 0.501953 0.697591 0.499268 0.701823 0.495361 0.704427 0.490723 0.709310 0.487305 0.711914 0.482910 0.716471 0.472168 0.724284 0.467529 0.728841 0.461182 0.732096 0.457520 0.734701 0.454590 0.735677 0.451416 0.738281 0.445801 0.740560 0.443848 0.743490 0.444092 0.751302 0.445068 0.757812 0.445068 0.759766 0.447266 0.767253 0.450195 0.769531 0.452637 0.772786 0.455078 0.773438 0.458984 0.772461 0.472168 0.763672 0.475830 0.760417 0.481689 0.753581 0.484131 0.751953 0.485840 0.749674 0.486572 0.747721 0.491455 0.741536 0.498535 0.734049 0.499512 0.731771 0.501953 0.728516 0.502930 0.726237 0.505615 0.722331 0.509521 0.712240 0.511963 0.703125 0.513428 0.700521 0.513916 0.696940 0.516113 0.689453
1 0.669678 0.569336 0.666016 0.559570 0.662598 0.555990 0.660645 0.548503 0.657471 0.541016 0.654297 0.536784 0.650146 0.533203 0.645752 0.530924 0.635742 0.527995 0.628906 0.527669 0.620605 0.528646 0.604004 0.535156 0.595947 0.540039 0.585205 0.544596 0.572021 0.547201 0.563721 0.550130 0.552734 0.556641 0.542480 0.565755 0.535156 0.570964 0.527100 0.579102 0.524902 0.583333 0.525635 0.587565 0.528564 0.591471 0.530273 0.595378 0.530273 0.599609 0.529053 0.600911 0.518799 0.604492 0.516357 0.607096 0.515625 0.614258 0.516113 0.619141 0.518311 0.625326 0.525391 0.628581 0.526855 0.630534 0.525391 0.633138 0.522949 0.634115 0.520752 0.638346 0.525635 0.647461 0.531006 0.652018 0.539551 0.655273 0.552490 0.657227 0.568359 0.656250 0.575684 0.653971 0.585449 0.648763 0.593262 0.646484 0.599121 0.641927 0.607178 0.637695 0.613525 0.632161 0.621826 0.628581 0.626709 0.625326 0.630615 0.625000 0.639160 0.619792 0.647461 0.611328 0.657959 0.603516 0.659668 0.600911 0.662109 0.599284 0.670166 0.583659 0.670410 0.576172
0 0.343885 0.127420 0.347272 0.128812 0.348486 0.129565 0.348345 0.130995 0.347131 0.132876 0.346821 0.136376 0.345438 0.136527 0.343970 0.135925 0.343095 0.135360 0.342333 0.134156 0.341825 0.132952 0.341628 0.131672 0.341712 0.129791 0.341994 0.129038 0.342615 0.128172 0.343095 0.127796
0 0.354216 0.120684 0.355909 0.121135 0.358195 0.123581 0.359945 0.126893 0.359437 0.129979 0.357969 0.132011 0.355881 0.132839 0.353200 0.131258 0.351760 0.129490 0.350518 0.127119 0.350236 0.125087 0.350546 0.123657 0.351421 0.122302 0.352466 0.121135 0.353792 0.120382
0 0.376110 0.153052 0.377157 0.160857 0.374254 0.164283 0.369875 0.165425 0.366639 0.164220 0.363403 0.161745 0.362689 0.160032 0.362689 0.157938 0.362689 0.156415 0.362689 0.153877 0.363022 0.151783 0.364212 0.150450 0.365687 0.149562 0.367686 0.149118 0.370066 0.148927 0.372398 0.148927 0.374206 0.149943 0.375729 0.151592
0 0.419560 0.153877 0.420560 0.157684 0.421416 0.162697 0.420226 0.165616 0.418037 0.168281 0.414468 0.170248 0.411708 0.171136 0.408662 0.169804 0.407615 0.167139 0.407282 0.163014 0.407377 0.158826 0.407758 0.155844 0.408329 0.154131 0.409423 0.152354 0.411517 0.151085 0.413278 0.150641 0.415277 0.150450 0.416895 0.151212 0.418608 0.152544
0 0.391902 0.184510 0.394883 0.188295 0.397296 0.199366 0.397225 0.203246 0.395948 0.205801 0.394812 0.207410 0.391973 0.208072 0.388567 0.208072 0.385231 0.207694 0.379624 0.205517 0.376218 0.202584 0.374798 0.197852 0.374727 0.190661 0.376644 0.184888 0.379554 0.184037 0.384309 0.181955 0.389773 0.183280 0.391690 0.183563
0 0.484389 0.435872 0.483272 0.441191 0.481197 0.441900 0.479017 0.440836 0.478698 0.438283 0.479070 0.435517 0.480240 0.433531 0.481144 0.433106 0.483272 0.434382
0 0.463432 0.413816 0.465134 0.418993 0.465772 0.421688 0.463432 0.421546 0.461730 0.421120 0.460666 0.419844 0.459975 0.418142 0.459815 0.416085 0.459868 0.414525 0.460347 0.413532 0.461730 0.413461
2 0.459717 0.294271 0.458496 0.294271 0.456543 0.295898 0.454590 0.298828 0.454590 0.299805 0.453857 0.302734 0.453857 0.304036 0.453613 0.304362 0.453613 0.305664 0.453369 0.305990 0.453369 0.307943 0.453125 0.308268 0.452881 0.311198 0.452488 0.312267 0.452148 0.318034 0.451904 0.318359 0.451416 0.322591 0.450928 0.323242 0.450684 0.322917 0.448730 0.322917 0.448486 0.322591 0.443115 0.322917 0.439941 0.325846 0.436035 0.331380 0.435303 0.331706 0.434082 0.333333 0.432861 0.336263 0.431641 0.337891 0.430664 0.340495 0.429932 0.343750 0.429199 0.345378 0.429199 0.347005 0.428711 0.348633 0.428711 0.349935 0.427979 0.352539 0.428553 0.356308 0.429443 0.361003 0.431545 0.362691 0.435494 0.364446 0.435059 0.366536 0.436035 0.369792 0.436768 0.370768 0.437744 0.371419 0.438477 0.371419 0.438721 0.371745 0.443604 0.371419 0.444580 0.370768 0.446777 0.370443 0.450928 0.368815 0.453369 0.366862 0.455811 0.363607 0.458008 0.360026 0.459961 0.358073 0.461670 0.353841 0.461670 0.353190 0.463135 0.350586 0.464111 0.347982 0.464844 0.344401 0.466797 0.342122 0.470215 0.333659 0.470459 0.331380 0.470703 0.331055 0.470703 0.328125 0.470215 0.325846 0.469727 0.325195 0.468750 0.322266 0.468506 0.313151 0.468262 0.312826 0.468262 0.311198 0.468018 0.310872 0.467773 0.308268 0.467041 0.305013 0.465576 0.302083 0.464111 0.297852 0.462646 0.295898 0.462158 0.295898
2 0.486816 0.345378 0.487061 0.349284 0.488037 0.352539 0.489258 0.355143 0.490967 0.357422 0.492188 0.360677 0.492432 0.368164 0.493408 0.371419 0.499268 0.378255 0.501465 0.379557 0.504883 0.382812 0.508545 0.384115 0.511230 0.386068 0.512939 0.388346 0.513428 0.391276 0.513672 0.388346 0.514160 0.387044 0.515625 0.385091 0.517334 0.383789 0.519043 0.385091 0.521484 0.388672 0.525391 0.390951 0.526855 0.390951 0.528809 0.391602 0.535645 0.391927 0.535889 0.392253 0.539795 0.391927 0.541992 0.391276 0.544678 0.391276 0.547119 0.389648 0.548096 0.388346 0.547852 0.388021 0.547852 0.384440 0.549805 0.381510 0.552734 0.379557 0.554443 0.377604 0.555664 0.375651 0.556641 0.373047 0.556396 0.368490 0.555176 0.364909 0.552246 0.360352 0.549316 0.357422 0.545410 0.354167 0.541016 0.351888 0.536377 0.351237 0.532471 0.352214 0.530518 0.351237 0.528809 0.348307 0.527832 0.345703 0.522217 0.337565 0.518066 0.335938 0.517334 0.335286 0.513672 0.335286 0.509277 0.337565 0.507812 0.339518 0.505859 0.341146 0.501465 0.340820 0.497803 0.339193 0.497559 0.339518 0.493408 0.339518 0.490967 0.340169 0.488770 0.341471
2 0.464111 0.254557 0.463623 0.258464 0.463623 0.261719 0.464355 0.266927 0.465088 0.268555 0.467041 0.270833 0.469727 0.275391 0.470215 0.279297 0.471924 0.282552 0.473633 0.284831 0.480957 0.291992 0.482422 0.292969 0.488037 0.295247 0.490234 0.296875 0.492676 0.296224 0.494141 0.293620 0.497803 0.292969 0.498535 0.294596 0.500000 0.295898 0.505859 0.297852 0.506592 0.297526 0.510498 0.297526 0.517090 0.295247 0.520752 0.294596 0.522705 0.292643 0.525879 0.291016 0.528076 0.288411 0.528809 0.286784 0.529297 0.282878 0.535400 0.273438 0.536377 0.271484 0.536621 0.269857 0.536621 0.266927 0.534424 0.261393 0.532959 0.259115 0.530518 0.257161 0.527100 0.255208 0.520996 0.253255 0.515869 0.252930 0.514160 0.251953 0.513428 0.250977 0.512695 0.248047 0.510498 0.244466 0.509766 0.242513 0.507812 0.239909 0.505859 0.238281 0.501709 0.236654 0.497803 0.236654 0.492676 0.239583 0.488770 0.246094 0.487061 0.248047 0.486084 0.250326 0.484131 0.248698 0.481934 0.248047 0.474121 0.247721 0.472900 0.248372 0.470703 0.248698 0.466064 0.251302
2 0.442675 0.132433 0.446145 0.140890 0.447821 0.150145 0.443872 0.162591 0.442196 0.166261 0.442076 0.171368 0.440521 0.177431 0.439204 0.182218 0.438486 0.193867 0.435494 0.202324 0.431784 0.206792 0.428074 0.209026 0.425920 0.209824 0.424364 0.210462 0.423646 0.210462 0.422808 0.207909 0.422689 0.205675 0.422210 0.202803 0.420894 0.202324 0.419098 0.201047 0.416944 0.199771 0.415389 0.198494 0.412636 0.195303 0.410601 0.192112 0.410123 0.190516 0.410003 0.185250 0.410123 0.182059 0.411559 0.181580 0.413713 0.185569 0.416585 0.188282 0.417902 0.188282 0.418979 0.185888 0.419697 0.179665 0.421612 0.174719 0.422808 0.169134 0.424484 0.166102 0.427356 0.162432 0.430109 0.159240 0.432143 0.158123 0.433699 0.158123 0.434656 0.156847 0.437409 0.149187 0.437409 0.145837 0.437409 0.141688 0.440162 0.135624
2 0.440521 0.178548 0.447342 0.180303 0.450095 0.181420 0.450693 0.179027 0.452488 0.172804 0.457156 0.165144 0.460148 0.162591 0.464815 0.163230 0.468405 0.165304 0.473192 0.172963 0.475107 0.182378 0.482168 0.183495 0.487913 0.189080 0.489947 0.196101 0.488990 0.206951 0.485519 0.213015 0.485040 0.219877 0.482288 0.225142 0.477620 0.229929 0.471876 0.233599 0.463977 0.233759 0.461464 0.231525 0.457754 0.231206 0.455241 0.231206 0.451770 0.232004 0.449736 0.232163 0.450693 0.220994 0.450334 0.211739 0.447192 0.206829 0.444709 0.205196 0.442149 0.208560 0.441717 0.214132 0.439853 0.228996 0.439204 0.229291 0.435858 0.227265 0.433112 0.223538 0.431545 0.223387 0.431265 0.222739 0.428792 0.219398 0.429750 0.211898 0.430827 0.208866 0.432742 0.206154 0.437170 0.199771 0.438127 0.194505 0.439324 0.186846 0.439683 0.180782
2 0.444795 0.205165 0.446842 0.206696 0.449538 0.210290 0.450537 0.212554 0.449588 0.232791 0.449089 0.244773 0.447791 0.248834 0.446643 0.250565 0.446443 0.252894 0.446842 0.255757 0.446692 0.259618 0.445544 0.262813 0.444246 0.263545 0.440979 0.272013 0.438690 0.276489 0.435867 0.279236 0.434418 0.280253 0.432663 0.281270 0.431213 0.283101 0.428543 0.285034 0.426025 0.285238 0.424194 0.285136 0.422974 0.284119 0.423279 0.283000 0.425491 0.279236 0.423203 0.277812 0.420380 0.276286 0.418854 0.274556 0.418701 0.271301 0.418396 0.268656 0.416718 0.266622 0.415039 0.260722 0.416946 0.259908 0.417099 0.256144 0.419540 0.257263 0.420761 0.259094 0.421448 0.254211 0.428238 0.242513 0.430450 0.237630 0.432663 0.236816 0.434341 0.236613 0.435181 0.238444 0.435944 0.240580 0.435867 0.244344 0.437622 0.244548 0.438080 0.244039 0.438232 0.239461 0.439682 0.227763 0.441513 0.212504 0.442047 0.208232