0 0.158372 0.184571 0.156290 0.185137 0.154440 0.186139 0.154131 0.187270 0.154594 0.189018 0.155519 0.189994 0.157062 0.190920 0.160030 0.191177 0.161572 0.191151 0.163346 0.190740 0.164040 0.190046 0.164580 0.188349 0.164695 0.186807 0.163731 0.185985 0.161842 0.185137 0.159683 0.184674
0 0.178228 0.189660 0.176994 0.188607 0.175336 0.185625 0.175221 0.185085 0.176030 0.184160 0.178266 0.183312 0.180464 0.182875 0.182469 0.183183 0.185746 0.184597 0.187828 0.186113 0.188714 0.187784 0.187519 0.189378 0.186401 0.190046 0.184936 0.190611 0.183240 0.190868 0.181428 0.190945
0 0.180607 0.210835 0.184708 0.210166 0.186497 0.208421 0.187064 0.205832 0.185711 0.203709 0.182396 0.202255 0.179036 0.201818 0.172231 0.201818 0.170965 0.203185 0.170747 0.204843 0.170747 0.206152 0.171271 0.207519 0.172492 0.208333 0.174674 0.209642 0.175895 0.210049 0.178513 0.210806 0.180214 0.210980
0 0.210055 0.201760 0.208964 0.203593 0.207307 0.204727 0.206478 0.206792 0.206303 0.208392 0.207787 0.210660 0.211538 0.212667 0.215247 0.213394 0.218519 0.213801 0.221922 0.213132 0.223710 0.212114 0.225543 0.209700 0.225586 0.207897 0.225194 0.206297 0.223012 0.203796 0.219958 0.202080 0.215814 0.200917 0.213327 0.200888 0.211146 0.201062
0 0.252027 0.258346 0.251564 0.262221 0.248529 0.262496 0.246934 0.262187 0.245957 0.261398 0.244877 0.259718 0.244620 0.258278 0.245237 0.257661 0.247449 0.257180 0.248117 0.257078 0.249403 0.257043 0.250792 0.257626 0.251306 0.258038
0 0.230819 0.218653 0.235475 0.224061 0.237731 0.225917 0.240131 0.225949 0.242147 0.225405 0.244595 0.223965 0.245075 0.222909 0.248723 0.219997 0.249923 0.218301 0.248627 0.215325 0.246083 0.212733 0.241715 0.210333 0.238307 0.209693 0.235667 0.209821 0.233267 0.210301 0.231971 0.211133 0.230867 0.211965 0.230195 0.212797 0.230051 0.213181 0.230387 0.214077 0.230819 0.215517 0.231011 0.216957 0.231011 0.218237
0 0.226699 0.245461 0.227511 0.242837 0.229260 0.241421 0.231759 0.240255 0.235632 0.239838 0.239755 0.239838 0.244065 0.240213 0.247814 0.241213 0.251624 0.243378 0.251874 0.247376 0.251499 0.250208 0.250812 0.252540 0.249688 0.253540 0.246502 0.254956 0.243753 0.255581 0.240567 0.255914 0.237256 0.255789 0.234695 0.255539 0.232321 0.255247 0.230822 0.254664 0.229260 0.253665 0.227761 0.252457 0.226012 0.250916 0.225887 0.249584 0.226012 0.247834 0.226762 0.246044
0 0.293954 0.242150 0.298394 0.241040 0.306164 0.240115 0.312546 0.241718 0.317356 0.246158 0.318096 0.250845 0.316709 0.254545 0.311436 0.257566 0.308106 0.257566 0.306996 0.259231 0.305239 0.260218 0.303112 0.260711 0.299504 0.261204 0.297099 0.261204 0.294787 0.260649 0.293122 0.259046 0.292012 0.257381 0.290810 0.255593 0.290625 0.253558 0.290625 0.250166 0.290532 0.248255 0.291180 0.246528 0.291734 0.245788 0.292659 0.244370
0 0.260724 0.271611 0.259509 0.272484 0.259135 0.273855 0.259883 0.276379 0.259088 0.276722 0.257125 0.274915 0.255208 0.273356 0.253992 0.272203 0.254039 0.271330 0.254694 0.270801 0.256423 0.270364 0.258574 0.270271 0.259556 0.270271
0 0.260350 0.271611 0.262454 0.270925 0.265960 0.270240 0.267924 0.270551 0.270168 0.271767 0.271243 0.273668 0.271009 0.275943 0.270635 0.277065 0.269654 0.277688 0.267503 0.278592 0.266054 0.278561 0.264792 0.278249 0.263857 0.277751 0.262127 0.277034 0.259930 0.276348 0.259228 0.273606 0.259462 0.272608
0 0.254263 0.272235 0.248198 0.270743 0.243016 0.270704 0.237363 0.271450 0.232888 0.272824 0.230592 0.274394 0.229473 0.277142 0.229532 0.280910 0.231181 0.283972 0.233124 0.286171 0.238718 0.288683 0.241603 0.289508 0.248728 0.290371 0.255853 0.290567 0.260446 0.290646 0.261624 0.289979 0.263214 0.287898 0.264038 0.285229 0.264038 0.283187 0.262507 0.280871 0.260446 0.278280 0.259386 0.277377 0.258385 0.276239
0 0.289241 0.283187 0.286414 0.283541 0.284118 0.284679 0.283588 0.285739 0.284353 0.290646 0.288946 0.289625 0.291007 0.289233 0.291890 0.288291 0.289771 0.283462
0 0.274275 0.326780 0.278730 0.325903 0.280766 0.326045 0.283015 0.324942 0.282930 0.322425 0.282251 0.320162 0.279409 0.318126 0.275081 0.316117 0.273766 0.316174 0.270839 0.316994 0.268506 0.318069 0.267572 0.318946 0.267318 0.320699 0.267403 0.322311 0.268378 0.322990 0.270712 0.324348 0.274021 0.326412
1 0.435776 0.654167 0.436853 0.655460 0.439224 0.656609 0.451078 0.656322 0.465948 0.658764 0.482112 0.660201 0.487069 0.660057 0.493750 0.661207 0.497198 0.661207 0.510560 0.663506 0.513578 0.663649 0.517026 0.663075 0.540948 0.663506 0.544828 0.662931 0.548707 0.661351 0.560560 0.659339 0.564871 0.657471 0.582974 0.654167 0.610129 0.646408 0.619833 0.644266 0.630388 0.640517 0.637614 0.638392 0.643518 0.634584 0.646926 0.632024 0.649518 0.629080 0.645150 0.627224 0.638578 0.625862 0.630603 0.622414 0.627294 0.620440 0.621983 0.619109 0.611407 0.616824 0.600550 0.615951 0.592026 0.615230 0.563578 0.615086 0.546121 0.616236 0.512069 0.614943 0.498491 0.615517 0.494181 0.616236 0.475431 0.629167 0.469828 0.631897 0.455172 0.637787 0.450216 0.639368 0.444612 0.640086 0.439655 0.641523 0.436638 0.645259
1 0.431688 0.621038 0.427443 0.618861 0.417646 0.617555 0.409156 0.602752 0.419279 0.576411 0.438871 0.532872 0.449974 0.507184 0.464015 0.488898 0.478056 0.475618 0.496669 0.467999 0.513323 0.466475 0.522139 0.467564 0.516262 0.473877 0.525209 0.483804 0.526385 0.485545 0.536834 0.504136 0.544344 0.524382 0.541405 0.545498 0.531609 0.570533 0.514303 0.591867 0.493404 0.618208 0.474138 0.629310 0.448668 0.639107 0.428422 0.634970 0.427443 0.632140 0.432341 0.627569
1 0.315155 0.672258 0.299694 0.678296 0.285014 0.686105 0.276268 0.694955 0.274863 0.702139 0.276737 0.707657 0.279079 0.707552 0.276893 0.710780 0.280329 0.712029 0.295633 0.711821 0.319840 0.707344 0.364037 0.697766 0.405891 0.693913 0.417604 0.688395 0.420259 0.685272 0.392304 0.682981 0.376374 0.686938 0.357478 0.688395 0.342485 0.686730 0.337488 0.686105 0.327180 0.689749 0.320465 0.689957 0.322339 0.687771 0.328430 0.683398 0.327336 0.681211 0.320465 0.678817 0.317966 0.677255 0.316873 0.673923
1 0.341721 0.601209 0.312332 0.588147 0.296378 0.579564 0.296098 0.585908 0.297778 0.596358 0.295539 0.601209 0.290780 0.604008 0.287422 0.605128 0.277345 0.605314 0.293299 0.616137 0.296938 0.624534 0.308973 0.650657 0.316530 0.672862 0.320449 0.679019 0.331365 0.683871 0.340041 0.686670 0.355715 0.687789 0.374748 0.687043 0.389303 0.682751 0.404417 0.678086 0.417852 0.668010 0.427928 0.655881 0.433526 0.652150 0.404137 0.653642 0.400218 0.645805 0.378387 0.641514 0.362153 0.627519 0.347599 0.611658
1 0.326607 0.565196 0.342281 0.573406 0.353196 0.571727 0.371949 0.570981 0.384544 0.573966 0.401898 0.590573 0.412813 0.609046 0.425968 0.631624 0.433526 0.636102 0.445841 0.640207 0.437164 0.641700 0.417012 0.643566 0.402178 0.645059 0.399938 0.645246 0.377827 0.640581 0.361033 0.625466 0.347878 0.610166 0.343400 0.600090 0.338082 0.591133 0.328286 0.585908 0.321848 0.580310 0.319049 0.575272 0.320169 0.571354 0.322408 0.568928
0 0.453293 0.376107 0.452869 0.378415 0.454141 0.379829 0.455271 0.380394 0.458734 0.379310 0.462267 0.377473 0.461843 0.376248 0.458946 0.374270 0.457179 0.374223 0.455271 0.374223 0.454070 0.374552
0 0.448841 0.388025 0.448629 0.387272 0.448417 0.385576 0.448559 0.384398 0.450466 0.383691 0.452021 0.383267 0.455271 0.383079 0.456755 0.383126 0.458310 0.383738 0.458310 0.384916 0.458098 0.386000 0.456967 0.386942 0.455695 0.387837 0.453434 0.388261 0.451385 0.388449
0 0.424463 0.394715 0.423332 0.392077 0.424039 0.390239 0.425806 0.388638 0.430045 0.387413 0.433790 0.387695 0.435910 0.389910 0.436334 0.391935 0.434709 0.393301 0.432730 0.394243 0.430328 0.394762 0.427007 0.394950
0 0.424604 0.400462 0.427784 0.400697 0.429409 0.402958 0.429339 0.404984 0.427289 0.407669 0.424463 0.408564 0.421283 0.408941 0.418598 0.407999 0.420082 0.405926 0.422767 0.402110
2 0.302371 0.338937 0.299138 0.340517 0.297845 0.341810 0.296983 0.345115 0.297629 0.348420 0.302155 0.358908 0.307974 0.367385 0.309698 0.370977 0.316810 0.376724 0.316595 0.380603 0.314871 0.381322 0.311422 0.380603 0.306466 0.381178 0.302586 0.383333 0.298707 0.384483 0.298491 0.384770 0.300000 0.386638 0.300431 0.388649 0.306681 0.392672 0.310776 0.393822 0.314655 0.393966 0.318750 0.392816 0.326724 0.387931 0.329526 0.385201 0.330388 0.384914 0.332974 0.385776 0.334052 0.386638 0.335129 0.392672 0.336638 0.394684 0.339224 0.396839 0.341595 0.397557 0.343966 0.396695 0.346983 0.394540 0.349569 0.391667 0.351078 0.388649 0.351078 0.384052 0.350216 0.380460 0.346767 0.374713 0.343319 0.371408 0.339440 0.365230 0.340948 0.361207 0.343103 0.357328 0.343319 0.353879 0.344397 0.349569 0.342888 0.344397 0.337931 0.338793 0.331034 0.334483 0.329741 0.334052 0.327802 0.335345 0.325862 0.337787 0.324784 0.341379 0.324784 0.349713 0.323922 0.350718 0.322198 0.351580 0.318103 0.347845 0.315302 0.344540 0.310991 0.341667 0.306466 0.339655
2 0.307112 0.267529 0.305172 0.273851 0.304167 0.276245 0.308046 0.282184 0.304095 0.287500 0.303448 0.290805 0.304095 0.294684 0.308621 0.300862 0.309626 0.306992 0.313937 0.310441 0.322198 0.314368 0.326078 0.315805 0.330172 0.315805 0.337716 0.317672 0.341595 0.320259 0.357543 0.320833 0.360991 0.322414 0.364871 0.322270 0.367888 0.321121 0.369612 0.320977 0.376940 0.322701 0.383621 0.323132 0.392457 0.322989 0.400216 0.320690 0.404526 0.318247 0.406897 0.310489 0.411422 0.306466 0.415086 0.302299 0.416164 0.299282 0.415086 0.294828 0.411207 0.290374 0.404095 0.285776 0.396121 0.282902 0.392457 0.282040 0.387931 0.281897 0.384914 0.280603 0.381250 0.271264 0.377155 0.267098 0.368534 0.263362 0.363793 0.262787 0.357759 0.263218 0.353448 0.265086 0.349569 0.267672 0.346767 0.271408 0.344397 0.275862 0.342026 0.277730 0.330388 0.275862 0.326724 0.276006 0.322629 0.276724 0.321121 0.276580 0.318103 0.274856 0.314224 0.268966 0.310345 0.265661