0 0.167845 0.167254 0.170122 0.166596 0.177179 0.167102 0.181505 0.168518 0.184540 0.170744 0.185072 0.172768 0.184540 0.174235 0.183402 0.175652 0.179835 0.178029 0.177483 0.178535 0.172095 0.177776 0.167997 0.176613 0.166328 0.175500 0.164127 0.173375 0.164127 0.171807 0.164506 0.169935 0.165493 0.168923 0.166479 0.168063
0 0.117641 0.138655 0.120725 0.142931 0.117851 0.143608 0.114592 0.142767 0.112525 0.140571 0.112560 0.139636 0.114417 0.138912 0.115503 0.138725
0 0.121075 0.146178 0.125841 0.147416 0.128259 0.149379 0.126892 0.150570 0.125105 0.151014 0.122337 0.150757 0.119779 0.149799 0.119323 0.148724 0.119603 0.147486 0.120129 0.146669
0 0.144209 0.147788 0.143405 0.149147 0.141850 0.150898 0.141689 0.152184 0.143190 0.154365 0.146032 0.154829 0.150696 0.154722 0.153108 0.154043 0.155146 0.151648 0.155253 0.149861 0.152251 0.148646 0.150321 0.147860 0.147265 0.147395 0.145442 0.147431
0 0.161311 0.151255 0.176054 0.156509 0.176268 0.152792 0.174767 0.150576 0.171819 0.148968 0.167423 0.148146 0.165921 0.148146 0.164528 0.148467 0.163295 0.149218 0.162544 0.149718 0.161954 0.150469
0 0.258329 0.173889 0.255417 0.174278 0.254718 0.175210 0.252039 0.175210 0.249126 0.174705 0.246738 0.173307 0.245282 0.170472 0.245340 0.166589 0.246330 0.162783 0.248369 0.159793 0.252679 0.158745 0.258621 0.159677 0.261999 0.162162 0.263455 0.165812 0.263572 0.169346 0.263339 0.171055
0 0.225401 0.184876 0.222803 0.186201 0.221529 0.188816 0.222192 0.192485 0.225401 0.196051 0.230293 0.198531 0.235031 0.199618 0.239107 0.198938 0.240992 0.199380 0.246189 0.198395 0.246444 0.194557 0.245425 0.186201 0.242164 0.183517 0.239362 0.182329 0.236050 0.181615 0.232687 0.181751
0 0.315859 0.196314 0.320334 0.198646 0.322803 0.201321 0.324551 0.205264 0.325014 0.207665 0.324860 0.210579 0.319871 0.213666 0.316065 0.214386 0.311692 0.214386 0.309326 0.215209 0.305366 0.215380 0.301508 0.214694 0.299193 0.213631 0.298216 0.212534 0.298010 0.211197 0.296879 0.209791 0.296570 0.207493 0.297856 0.204373 0.299554 0.200224 0.301868 0.197720 0.306034 0.196383 0.309172 0.195903 0.315550 0.196040
1 0.345714 0.756855 0.390614 0.758950 0.396900 0.761195 0.399930 0.761345 0.404196 0.763440 0.407227 0.762916 0.409584 0.761494 0.410370 0.759923 0.446401 0.761494 0.452912 0.762766 0.451565 0.765760 0.447973 0.770399 0.434278 0.779304 0.417778 0.786413 0.385001 0.792550 0.386348 0.787162 0.384665 0.789556 0.378266 0.787012 0.364460 0.782821 0.353460 0.777733 0.344816 0.769950 0.342908 0.763964 0.343806 0.759324 0.344704 0.757229
0 0.290090 0.224341 0.286180 0.224596 0.280554 0.226439 0.279600 0.229364 0.279600 0.231017 0.278170 0.232288 0.277979 0.235149 0.280935 0.239536 0.283033 0.239599 0.288183 0.238391 0.298291 0.239917 0.305825 0.241697 0.310879 0.232860 0.310974 0.230826 0.308781 0.227774
2 0.402344 0.316220 0.405807 0.312243 0.410426 0.307753 0.417738 0.303392 0.422741 0.301339 0.430053 0.301724 0.440252 0.302750 0.445062 0.305958 0.449296 0.311987 0.449103 0.323276 0.455646 0.324046 0.463343 0.326355 0.475273 0.331614 0.483548 0.341620 0.483932 0.346110 0.482201 0.348933 0.470847 0.357271 0.467961 0.358682 0.468923 0.361248 0.466037 0.365096 0.461996 0.367406 0.451990 0.369971 0.442753 0.370484 0.429091 0.368817 0.422548 0.366379 0.413697 0.367662 0.409271 0.364968 0.399457 0.363172 0.385603 0.363557 0.374827 0.361120 0.363474 0.358426 0.355777 0.353936 0.352698 0.348548 0.355584 0.344443 0.352890 0.338542 0.348849 0.329690 0.348849 0.324944 0.352121 0.320710 0.359433 0.316733 0.364243 0.315579 0.375212 0.313911 0.383294 0.313655 0.392338 0.314168 0.399457 0.314937
1 0.449902 0.589837 0.432131 0.599415 0.417763 0.606725 0.397346 0.623614 0.380331 0.644283 0.373525 0.660667 0.407933 0.720407 0.422300 0.721920 0.450658 0.726961 0.486956 0.733263 0.507751 0.729230 0.529303 0.716626 0.565600 0.675791 0.590933 0.634957 0.603032 0.606473 0.598495 0.591097 0.589043 0.581771 0.573162 0.574461 0.572406 0.577233 0.565979 0.573704 0.551611 0.570680 0.513423 0.573452 0.479015 0.580762
1 0.474478 0.579502 0.459732 0.579502 0.436668 0.582275 0.421166 0.588576 0.403395 0.601180 0.388271 0.616808 0.365585 0.645543 0.372391 0.660667 0.387137 0.634453 0.396590 0.624874 0.416629 0.605465 0.449902 0.589333 0.468429 0.584291
1 0.467672 0.578494 0.444230 0.551522 0.426838 0.539171 0.407176 0.529845 0.376550 0.528584 0.373147 0.526316 0.361804 0.524551 0.349327 0.527576 0.339874 0.535642 0.330422 0.552783 0.317945 0.574965 0.313407 0.593114 0.312273 0.613783 0.316432 0.632436 0.324372 0.653862 0.341765 0.675791 0.354998 0.684866 0.377306 0.698225 0.375416 0.690663 0.368610 0.682093 0.361048 0.669490 0.361048 0.652097 0.364829 0.644787 0.381844 0.623866 0.401127 0.600928 0.422678 0.587064 0.435912 0.582779
0 0.246767 0.239980 0.245973 0.238657 0.247788 0.236426 0.250340 0.235821 0.253686 0.235972 0.256919 0.237560 0.259074 0.241531 0.250624 0.238695
0 0.306320 0.242128 0.309385 0.243967 0.310713 0.246827 0.310508 0.249006 0.309895 0.252138 0.309078 0.255134 0.308670 0.257858 0.307750 0.259356 0.306116 0.260922 0.303869 0.262897 0.301622 0.263918 0.298047 0.264531 0.294472 0.264599 0.291612 0.264463 0.288139 0.263918 0.285177 0.262761 0.281602 0.261535 0.278232 0.259356 0.276393 0.257449 0.273329 0.254113 0.272001 0.251253 0.272001 0.249006 0.272512 0.247372 0.274657 0.244784 0.276700 0.242809 0.278947 0.241107 0.281807 0.239677 0.288344 0.238315 0.301826 0.240630
0 0.270855 0.252858 0.271516 0.255299 0.271035 0.256419 0.268634 0.257780 0.266953 0.258180 0.265633 0.258220 0.263952 0.258140 0.260650 0.257060 0.258549 0.255299 0.258669 0.253578 0.259629 0.252097 0.260710 0.251257 0.262691 0.251017 0.266233 0.250937 0.269174 0.251977
0 0.284759 0.269089 0.292048 0.278933 0.290477 0.280147 0.287335 0.280189 0.284257 0.279226 0.281806 0.277466 0.280361 0.273529 0.280487 0.272021 0.281869 0.270303 0.283691 0.269005
0 0.313160 0.300380 0.313788 0.303312 0.313348 0.306537 0.312029 0.308715 0.309076 0.309553 0.305431 0.310768 0.302729 0.310517 0.300593 0.309553 0.298834 0.307919 0.297012 0.305616 0.296258 0.304736 0.296258 0.303354 0.297074 0.301427 0.298331 0.300212 0.300844 0.298830 0.302855 0.298118 0.305243 0.297573 0.306939 0.297531 0.309076 0.298034 0.310835 0.298955 0.312154 0.299919
2 0.376987 0.250131 0.379786 0.244813 0.382725 0.242107 0.388463 0.239961 0.392241 0.239588 0.396160 0.239868 0.400918 0.242480 0.406096 0.247425 0.408755 0.252370 0.412254 0.260300 0.411974 0.265245 0.415892 0.261700 0.420091 0.259554 0.426248 0.259274 0.431986 0.260953 0.445981 0.266458 0.454238 0.274108 0.454657 0.277747 0.455077 0.280919 0.451998 0.285957 0.446820 0.290342 0.443182 0.292301 0.446401 0.294540 0.447380 0.298272 0.442622 0.301538 0.438983 0.302750 0.423030 0.301351 0.415892 0.303870 0.407915 0.302564 0.400078 0.300418 0.393361 0.295940 0.393081 0.294447 0.391822 0.296313 0.389023 0.297526 0.383005 0.297899 0.375028 0.296033 0.368730 0.290808 0.364112 0.286050 0.361313 0.281665 0.361173 0.276534 0.358934 0.267764 0.357535 0.266644 0.356695 0.259180 0.358514 0.256008 0.361873 0.252743 0.365512 0.251437 0.373209 0.250411 0.375168 0.250317
2 0.293222 0.264843 0.299840 0.264730 0.304422 0.262807 0.308156 0.259752 0.309853 0.261110 0.313416 0.267219 0.316980 0.264390 0.327671 0.263146 0.336326 0.262807 0.348205 0.263825 0.359744 0.268124 0.361102 0.280116 0.359574 0.284189 0.364156 0.288488 0.364156 0.290071 0.359914 0.295841 0.354144 0.299688 0.343283 0.304552 0.330895 0.307268 0.323259 0.307607 0.306968 0.311227 0.302895 0.313942 0.296956 0.314847 0.290846 0.315187 0.283210 0.314734 0.278458 0.314169 0.270483 0.312019 0.267258 0.310435 0.265561 0.306815 0.264034 0.303082 0.261489 0.300480 0.257416 0.297086 0.255889 0.294823 0.256228 0.290298 0.258773 0.286451 0.265052 0.279663 0.270992 0.276722 0.273028 0.275930 0.273537 0.275251 0.273537 0.273780 0.273537 0.269029 0.273198 0.262693 0.274895 0.262467 0.280834 0.263938 0.284228 0.267898
0 0.475193 0.377170 0.475193 0.380486 0.473234 0.381893 0.469617 0.382998 0.466301 0.383199 0.464191 0.381792 0.463437 0.379783 0.463588 0.378878 0.467205 0.376567 0.469315 0.376467
0 0.459067 0.381692 0.460574 0.384605 0.460725 0.387218 0.456806 0.389730 0.454545 0.390031 0.448818 0.387519 0.447311 0.386012 0.446859 0.384404 0.449572 0.382395 0.451079 0.381692 0.455450 0.381390
0 0.432089 0.401083 0.429980 0.401083 0.428472 0.401585 0.425910 0.403494 0.424403 0.404901 0.423499 0.406308 0.423348 0.407815 0.424102 0.409422 0.427116 0.410829 0.430281 0.411231 0.431939 0.411231 0.435104 0.410729 0.436912 0.409322 0.437967 0.406609 0.437967 0.404097 0.435857 0.402892