0 0.488260 0.161373 0.486388 0.160541 0.484971 0.159142 0.484630 0.157857 0.484630 0.156723 0.485935 0.155929 0.487409 0.155248 0.489338 0.154605 0.490642 0.154530 0.492911 0.154983 0.494385 0.155966 0.495293 0.157668 0.495236 0.158613 0.493988 0.159483 0.491266 0.160352
0 0.511797 0.166591 0.509812 0.170296 0.506125 0.168595 0.504140 0.166742 0.501248 0.164322 0.501248 0.163604 0.501928 0.162583 0.502722 0.161373 0.503857 0.160428 0.504764 0.160050 0.506409 0.160012 0.507997 0.160466 0.508848 0.160806 0.509642 0.161600 0.510719 0.162545 0.511173 0.163264 0.511570 0.164133 0.511853 0.165570
0 0.498034 0.177400 0.501619 0.178403 0.506554 0.180510 0.508790 0.182746 0.508945 0.184468 0.507133 0.186627 0.505513 0.188041 0.503431 0.188786 0.500463 0.188761 0.498149 0.187733 0.495952 0.186139 0.494255 0.184545 0.493484 0.183363 0.493484 0.182155 0.493561 0.181384 0.494294 0.180305 0.494911 0.179482 0.495759 0.178634 0.497070 0.177888
0 0.550117 0.180645 0.550921 0.183665 0.551870 0.187415 0.551432 0.189606 0.549532 0.191993 0.545953 0.192821 0.541204 0.193649 0.537551 0.193941 0.534483 0.192431 0.533533 0.190873 0.532145 0.188291 0.531853 0.185613 0.531853 0.183372 0.532145 0.181473 0.532729 0.180353 0.533825 0.179573 0.536017 0.178745 0.538501 0.178502 0.541569 0.178258 0.544345 0.178161 0.546391 0.178258 0.548144 0.179232
0 0.541935 0.201539 0.539158 0.203926 0.539816 0.206945 0.547049 0.220388 0.549605 0.220193 0.553039 0.218537 0.557423 0.217027 0.559906 0.215420 0.561514 0.213666 0.561879 0.212108 0.559760 0.207773 0.557715 0.204948 0.555158 0.202805 0.552016 0.201393 0.549167 0.201247 0.546318 0.201247 0.543396 0.201393
0 0.515445 0.241140 0.515014 0.239368 0.515733 0.237596 0.516882 0.236255 0.519540 0.234962 0.522989 0.234148 0.526078 0.233908 0.527658 0.233956 0.533980 0.235201 0.541667 0.237548 0.544109 0.240278 0.543103 0.242768 0.541595 0.247174 0.539368 0.250192 0.537500 0.251724 0.532687 0.252682 0.529382 0.252682 0.524569 0.252586 0.518606 0.251724 0.517241 0.251197 0.515589 0.250144 0.514368 0.248228 0.513578 0.245785 0.513793 0.244205 0.514440 0.242577
0 0.623204 0.244013 0.626365 0.247749 0.627443 0.251245 0.629023 0.253257 0.628664 0.254981 0.627227 0.257998 0.624353 0.260345 0.620043 0.262500 0.616739 0.264511 0.612213 0.266619 0.609555 0.267864 0.606897 0.268822 0.604957 0.269205 0.603233 0.268966 0.600431 0.266667 0.598204 0.264799 0.596624 0.262021 0.595905 0.260584 0.594828 0.257136 0.594828 0.254646 0.595187 0.252395 0.595977 0.250048 0.597055 0.248420 0.598851 0.246600 0.600790 0.245115 0.604885 0.243439 0.607040 0.243056 0.614080 0.242720 0.618391 0.242720 0.620761 0.242960
1 0.501277 0.655563 0.486643 0.648113 0.460568 0.635519 0.437686 0.625940 0.423585 0.620087 0.410547 0.618313 0.404960 0.619200 0.384472 0.619022 0.372233 0.620619 0.362920 0.625053 0.361324 0.628601 0.359195 0.633745 0.356269 0.635696 0.353874 0.638357 0.353608 0.640485 0.355204 0.645275 0.375958 0.655563 0.420924 0.674897 0.456577 0.685717 0.490900 0.692103 0.527086 0.685363 0.515911 0.679154 0.508461 0.664786
2 0.515086 0.238665 0.509818 0.238506 0.504789 0.239304 0.500000 0.241539 0.498803 0.248244 0.499282 0.258301 0.500958 0.260536 0.497126 0.260856 0.492577 0.262771 0.488506 0.264847 0.484674 0.267401 0.482759 0.270275 0.480603 0.273467 0.478688 0.276820 0.477730 0.282248 0.477251 0.285920 0.480603 0.287995 0.484914 0.291507 0.488506 0.292944 0.488745 0.296296 0.487787 0.299010 0.489224 0.300447 0.494492 0.301884 0.498324 0.302363 0.506944 0.302682 0.520115 0.299702 0.526660 0.295871 0.528736 0.292678 0.531370 0.283844 0.533046 0.289751 0.536638 0.291028 0.542864 0.290549 0.550766 0.286558 0.560824 0.280332 0.564176 0.274106 0.564176 0.269157 0.560824 0.263570 0.561303 0.260377 0.561303 0.257822 0.555316 0.250639 0.544780 0.247605 0.540948 0.247605 0.536877 0.251277 0.532567 0.252874 0.523467 0.252714 0.514847 0.251117 0.512931 0.247126 0.513170 0.245051
2 0.609613 0.273813 0.611557 0.271811 0.615620 0.270398 0.619859 0.270162 0.625336 0.270162 0.632755 0.273106 0.641588 0.282528 0.646004 0.296189 0.649890 0.292303 0.655013 0.291478 0.661373 0.291596 0.664023 0.293127 0.667556 0.293245 0.674269 0.297838 0.686634 0.306906 0.691757 0.313619 0.691404 0.318801 0.691051 0.320803 0.689284 0.322098 0.685574 0.324100 0.680452 0.325867 0.675329 0.325985 0.668969 0.326338 0.671972 0.329989 0.672149 0.332580 0.667026 0.334111 0.659076 0.332815 0.644061 0.330224 0.634168 0.326691 0.629045 0.324100 0.623569 0.317505 0.621096 0.318330 0.617563 0.318330 0.612087 0.317034 0.603784 0.313972 0.591948 0.307730 0.587002 0.302313 0.585059 0.300664 0.583999 0.295011 0.584705 0.292774 0.585412 0.291125 0.583115 0.287592 0.581526 0.283941 0.579582 0.280172 0.578699 0.276757 0.579582 0.273813 0.582409 0.271104 0.586295 0.270633 0.591948 0.270515 0.599191 0.270633 0.603254 0.271458 0.606964 0.272989
2 0.488665 0.300021 0.485153 0.301618 0.483397 0.303321 0.482120 0.306301 0.481960 0.308748 0.486590 0.314921 0.497446 0.321946 0.495051 0.322584 0.493455 0.324287 0.493135 0.326735 0.495370 0.331311 0.499361 0.335568 0.508142 0.338229 0.524266 0.341954 0.535760 0.343870 0.538633 0.343231 0.547893 0.344721 0.559547 0.347808 0.577107 0.348553 0.587644 0.345998 0.592433 0.347169 0.597222 0.346105 0.598659 0.345040 0.595147 0.340677 0.589879 0.338655 0.595307 0.336633 0.604566 0.333972 0.611909 0.329928 0.612708 0.327054 0.606641 0.319498 0.602969 0.316731 0.587803 0.311196 0.575830 0.309600 0.568646 0.310026 0.564496 0.311622 0.562261 0.310983 0.554438 0.304491 0.544860 0.298744 0.537197 0.297361 0.530811 0.298106 0.526181 0.299276 0.522989 0.300766 0.521073 0.302256 0.517561 0.300128 0.509738 0.302150 0.504949 0.303108 0.493295 0.301405
2 0.592672 0.347599 0.595905 0.353756 0.596829 0.360119 0.599600 0.363711 0.601139 0.373461 0.603294 0.378489 0.604064 0.376026 0.604680 0.374076 0.606681 0.369971 0.609760 0.368021 0.612531 0.368021 0.616995 0.373050 0.620690 0.373871 0.622691 0.375513 0.620690 0.377566 0.621921 0.379208 0.627001 0.390189 0.629464 0.390086 0.640086 0.384544 0.639624 0.387110 0.643165 0.387418 0.640086 0.390497 0.640086 0.392755 0.639009 0.393576 0.632543 0.397578 0.631158 0.399323 0.628695 0.403530 0.625924 0.406507 0.621459 0.408354 0.621305 0.409278 0.620536 0.410714 0.618688 0.412356 0.614532 0.411535 0.607605 0.409893 0.605142 0.408970 0.600831 0.406301 0.597137 0.402401 0.597137 0.400862 0.597291 0.399015 0.597445 0.397475 0.594674 0.397578 0.592211 0.396962 0.589132 0.393678 0.584975 0.390497 0.582204 0.386700 0.578202 0.382594 0.577124 0.378695 0.576509 0.375718 0.576047 0.371305 0.576047 0.368842 0.576509 0.366482 0.580511 0.368329 0.581589 0.368329 0.579895 0.365969 0.577894 0.361864 0.577586 0.359401 0.577894 0.356424 0.578510 0.354372 0.579433 0.353346 0.580973 0.351704 0.582974 0.348317 0.583590 0.347085 0.587592 0.345649 0.588362 0.345649
0 0.806488 0.623544 0.803369 0.621780 0.802802 0.620330 0.803085 0.618566 0.803747 0.616612 0.805732 0.615730 0.807906 0.615289 0.811404 0.615163 0.813861 0.615604 0.816319 0.616297 0.818020 0.616928 0.818871 0.618188 0.818304 0.619637 0.816886 0.621150 0.815468 0.622851 0.812349 0.624237 0.809702 0.624553
0 0.824448 0.603820 0.826906 0.604765 0.830592 0.604954 0.832672 0.604324 0.835602 0.602560 0.837492 0.600984 0.837492 0.599850 0.835791 0.598590 0.833900 0.597644 0.831632 0.597455 0.830309 0.597455 0.828891 0.597833 0.827284 0.598338 0.825960 0.599031 0.825110 0.600291 0.824448 0.601867
0 0.845433 0.603064 0.847039 0.603694 0.848646 0.603568 0.849875 0.601993 0.850820 0.599787 0.850820 0.599094 0.848930 0.598968 0.847323 0.598968 0.844960 0.599472 0.844676 0.599787 0.844676 0.601299
0 0.841841 0.607286 0.840801 0.609303 0.843448 0.611004 0.845243 0.611193 0.848079 0.611067 0.849875 0.610248 0.851671 0.608609 0.851860 0.607475 0.848079 0.606656 0.846094 0.605522 0.842691 0.606530
1 0.539857 0.676494 0.551298 0.684476 0.582429 0.694409 0.638570 0.704697 0.693646 0.705052 0.721052 0.704165 0.747659 0.707003 0.754576 0.707713 0.751384 0.700795 0.755641 0.700440 0.757237 0.692103 0.751384 0.682170 0.738612 0.672059 0.714134 0.663367 0.688591 0.659110 0.636441 0.654853 0.598925 0.654676 0.559281 0.657336 0.553959 0.661594 0.549170 0.671882
1 0.397975 0.557681 0.402578 0.555030 0.412203 0.554751 0.420782 0.554751 0.435638 0.561865 0.445054 0.568979 0.452795 0.576373 0.460328 0.588230 0.471418 0.605108 0.482926 0.618360 0.514730 0.658813 0.521635 0.661324 0.518706 0.646817 0.512429 0.632588 0.501339 0.622266 0.485228 0.601760 0.474556 0.582510 0.459700 0.569119 0.440450 0.556844 0.422246 0.550566 0.412831 0.550287 0.405507 0.550845 0.397975 0.551403 0.395882 0.553775 0.395254 0.555588
1 0.496716 0.487115 0.509031 0.499886 0.513820 0.520639 0.505610 0.559866 0.500821 0.584725 0.500479 0.593163 0.502189 0.607987 0.512110 0.630793 0.519294 0.647897 0.535714 0.648581 0.528530 0.630109 0.528530 0.625547 0.538109 0.615285 0.551108 0.608671 0.557266 0.604338 0.550082 0.580619 0.538451 0.534551 0.538451 0.523832 0.538793 0.507640 0.535372 0.499658 0.527162 0.492588 0.516899 0.488939 0.506294 0.488027
1 0.535308 0.647010 0.541728 0.649150 0.560987 0.647775 0.567177 0.645482 0.580017 0.637075 0.584602 0.631878 0.586895 0.629433 0.600880 0.628363 0.616242 0.625000 0.617847 0.623166 0.616700 0.620415 0.615554 0.619192 0.616930 0.615829 0.616930 0.611855 0.611656 0.607422 0.599505 0.602531 0.581163 0.601308 0.564426 0.604671 0.554338 0.607422 0.546772 0.610938 0.538518 0.614606 0.529118 0.625153 0.528430 0.629433 0.532098 0.638145 0.535308 0.645023
1 0.581851 0.634935 0.626788 0.632490 0.669892 0.627446 0.717122 0.617358 0.757016 0.610326 0.791407 0.604060 0.823505 0.602684 0.842306 0.611396 0.831759 0.612314 0.791865 0.617052 0.763894 0.623624 0.720103 0.637228 0.692590 0.644259 0.611198 0.647927 0.582768 0.650679 0.563738 0.656028 0.563738 0.648233 0.566719 0.645023