2 0.449009 0.393115 0.451675 0.386154 0.455452 0.379932 0.460785 0.373267 0.470339 0.371490 0.474338 0.371045 0.485003 0.374452 0.491446 0.379636 0.492335 0.384376 0.502999 0.384672 0.511887 0.386598 0.518552 0.389116 0.520108 0.393856 0.520552 0.399929 0.518330 0.404076 0.516108 0.408520 0.513886 0.410446 0.516330 0.415037 0.515886 0.421407 0.514775 0.425258 0.510998 0.428072 0.504555 0.431923 0.498111 0.434145 0.491668 0.435330 0.486114 0.435478 0.474116 0.432219 0.468783 0.433849 0.465228 0.436071 0.453675 0.438589 0.442788 0.439181 0.435012 0.439181 0.425902 0.437996 0.421014 0.435626 0.416570 0.432664 0.415682 0.428813 0.415015 0.425998 0.409016 0.423332 0.402573 0.417407 0.399240 0.411334 0.400351 0.406891 0.405906 0.400077 0.416570 0.393856 0.430568 0.390153 0.437678 0.389708 0.443232 0.390745
2 0.341840 0.372254 0.334799 0.365426 0.327330 0.362297 0.321355 0.361870 0.314954 0.362439 0.308766 0.365142 0.305992 0.368556 0.304285 0.375100 0.303858 0.382355 0.303858 0.385057 0.297243 0.384346 0.291268 0.384773 0.284227 0.388045 0.276545 0.392313 0.270357 0.397860 0.265449 0.405685 0.265876 0.411233 0.267796 0.416638 0.275478 0.422613 0.284440 0.427165 0.290415 0.428019 0.291055 0.432286 0.294469 0.435274 0.303431 0.436696 0.311326 0.436412 0.321569 0.434420 0.331598 0.431575 0.336932 0.427450 0.340987 0.421759 0.345681 0.424605 0.352083 0.425600 0.359551 0.423466 0.364459 0.420195 0.368940 0.417492 0.371074 0.411090 0.368940 0.405969 0.365099 0.395869 0.365526 0.385911 0.348028 0.373108 0.344828 0.372966
0 0.097733 0.234632 0.099561 0.236748 0.096579 0.237646 0.095039 0.238801 0.096675 0.240853 0.095039 0.241366 0.092153 0.240917 0.088593 0.239506 0.087919 0.238224 0.088304 0.236428 0.089266 0.234952 0.090710 0.233990 0.092826 0.233734 0.095809 0.233734
0 0.101967 0.242585 0.113224 0.244638 0.113608 0.247139 0.111780 0.248486 0.109952 0.248999 0.106970 0.248679 0.105045 0.247652 0.101678 0.245921 0.100427 0.244894 0.100908 0.244060
0 0.132947 0.234118 0.138143 0.235145 0.141029 0.236812 0.141895 0.239763 0.141799 0.241366 0.140163 0.243227 0.139009 0.244060 0.136988 0.244958 0.134679 0.245151 0.131504 0.245023 0.129868 0.244189 0.124962 0.241431 0.122171 0.239506 0.123807 0.236684 0.124865 0.235337 0.127367 0.234439 0.130061 0.233990
0 0.133798 0.251950 0.138357 0.253055 0.142087 0.255345 0.145462 0.259252 0.143331 0.261700 0.141614 0.265962 0.140074 0.267305 0.135160 0.268489 0.129358 0.267581 0.125983 0.266199 0.122430 0.263752 0.120654 0.261778 0.120180 0.259371 0.120713 0.257239 0.122075 0.255226 0.123674 0.253805 0.128351 0.251832 0.130364 0.251516
0 0.208993 0.261423 0.209407 0.265173 0.206861 0.266199 0.200052 0.268489 0.196322 0.269594 0.188151 0.266949 0.186020 0.264778 0.184658 0.261818 0.184776 0.258108 0.184776 0.255502 0.188862 0.254239 0.194842 0.253766 0.202243 0.254831 0.207098 0.258186 0.209052 0.261028
0 0.211835 0.265607 0.216334 0.265607 0.220953 0.266397 0.224801 0.268055 0.228235 0.270462 0.229005 0.272752 0.228117 0.276620 0.227110 0.280488 0.226577 0.281475 0.222077 0.283488 0.215861 0.285185 0.211538 0.285304 0.206683 0.284554 0.202480 0.282501 0.199282 0.280725 0.196914 0.278199 0.196677 0.275870 0.197151 0.273502 0.197329 0.271844 0.197388 0.270265 0.197921 0.269120 0.198868 0.268844 0.199934 0.268568 0.202598 0.267502 0.203664 0.267186 0.206328 0.266318
0 0.211871 0.297014 0.219221 0.297633 0.225287 0.299536 0.229212 0.301724 0.232566 0.305863 0.232709 0.308813 0.234564 0.312096 0.235991 0.314379 0.235991 0.316187 0.234207 0.318328 0.231852 0.319755 0.228427 0.320469 0.222432 0.320516 0.213012 0.319470 0.208374 0.319327 0.201523 0.316806 0.196313 0.312333 0.195100 0.309051 0.195029 0.306529 0.195243 0.303817 0.196527 0.301867 0.198312 0.300392 0.200381 0.299345 0.202165 0.298489 0.204520 0.297728 0.207232 0.297490 0.209516 0.297109 0.210657 0.296967
2 0.309027 0.265009 0.311520 0.260497 0.320426 0.253016 0.331113 0.249810 0.341978 0.250879 0.348212 0.254441 0.352308 0.259547 0.353377 0.264178 0.357830 0.263347 0.366914 0.265721 0.372257 0.268571 0.377422 0.272727 0.377600 0.276290 0.377600 0.279139 0.376532 0.282227 0.369229 0.288639 0.369407 0.292676 0.369763 0.298851 0.369229 0.300513 0.364954 0.297901 0.355871 0.295645 0.351952 0.297901 0.343581 0.303956 0.339306 0.310369 0.337703 0.311912 0.333250 0.310962 0.328263 0.309656 0.325235 0.305500 0.301012 0.309537 0.305465 0.297901 0.299052 0.290657 0.286228 0.284008 0.286050 0.304906 0.283378 0.306569 0.281597 0.301344 0.275185 0.296832 0.269664 0.295882 0.266458 0.295882 0.267883 0.291964 0.269307 0.290420 0.265745 0.286026 0.262005 0.278783 0.263964 0.273915 0.269486 0.268215 0.281954 0.263584 0.294243 0.262872 0.304218 0.262872
2 0.286580 0.283852 0.285415 0.306180 0.285852 0.312296 0.283667 0.312296 0.283522 0.303850 0.281629 0.301229 0.274202 0.296278 0.268668 0.295890 0.263426 0.298511 0.258621 0.304336 0.257164 0.311422 0.257601 0.317053 0.259494 0.322198 0.262844 0.328508 0.265028 0.332974 0.270707 0.336178 0.275658 0.337440 0.275658 0.339381 0.272891 0.341517 0.272891 0.342488 0.267503 0.343070 0.255126 0.342876 0.239108 0.336663 0.243331 0.341808 0.249447 0.346759 0.255417 0.348216 0.267358 0.347827 0.277697 0.347439 0.281920 0.346177 0.283959 0.347827 0.293133 0.345206 0.289346 0.352778 0.290803 0.354429 0.295317 0.352973 0.298812 0.350546 0.300996 0.346274 0.300559 0.333654 0.298375 0.322101 0.296773 0.321325 0.292259 0.324140 0.293569 0.320645 0.296336 0.315985 0.301433 0.308898 0.305365 0.297540 0.299103 0.290550
2 0.355232 0.295878 0.366937 0.298355 0.372510 0.303557 0.373068 0.309503 0.382357 0.314085 0.371210 0.316067 0.357647 0.321269 0.354303 0.326224 0.353188 0.331054 0.356718 0.339229 0.361177 0.342326 0.360062 0.348147 0.359319 0.351120 0.362292 0.356198 0.372325 0.361896 0.365079 0.361896 0.356904 0.358551 0.353002 0.354340 0.348543 0.357560 0.341669 0.360781 0.333866 0.362019 0.326434 0.361772 0.312128 0.359294 0.305626 0.354464 0.302653 0.351367 0.299309 0.349757 0.299866 0.346908 0.299495 0.328577 0.297637 0.321889 0.296150 0.320774 0.304325 0.316563 0.318817 0.312723 0.324762 0.311856 0.335910 0.314457 0.339254 0.311237 0.342970 0.304920 0.344828 0.302566 0.349287 0.299098 0.352259 0.296745
2 0.390601 0.316079 0.392127 0.311248 0.395179 0.306670 0.402807 0.302347 0.410055 0.300313 0.414632 0.300313 0.423406 0.301966 0.432560 0.306416 0.439045 0.313663 0.441334 0.321801 0.446102 0.318622 0.454303 0.316842 0.466128 0.317986 0.479097 0.322945 0.486535 0.325997 0.492257 0.331973 0.492829 0.335914 0.491494 0.339983 0.486153 0.345959 0.478906 0.350918 0.476617 0.351808 0.478906 0.357657 0.477952 0.361980 0.472612 0.366939 0.460787 0.369990 0.445148 0.371008 0.433132 0.369482 0.425504 0.366939 0.419210 0.362743 0.413869 0.362107 0.404715 0.365413 0.391745 0.366049 0.372101 0.361726 0.362374 0.355877 0.358941 0.351554 0.360848 0.342908 0.356652 0.338585 0.352838 0.330574 0.357415 0.322055 0.372482 0.315189 0.380684 0.314553 0.386405 0.315189
0 0.251972 0.474436 0.252316 0.476958 0.251284 0.480626 0.248877 0.481238 0.245552 0.481620 0.240852 0.481008 0.238445 0.479174 0.238445 0.477646 0.238445 0.474512 0.239591 0.472831 0.241654 0.472143 0.245552 0.472143 0.249564 0.473290
0 0.309634 0.466335 0.310093 0.470309 0.308832 0.472907 0.308832 0.473977 0.306424 0.475353 0.302871 0.475812 0.296795 0.476270 0.291980 0.475277 0.288656 0.473442 0.287165 0.471303 0.287280 0.468933 0.288082 0.467940 0.288426 0.467023 0.288656 0.466029 0.289687 0.464577 0.292324 0.463125 0.296795 0.462361 0.302871 0.463049 0.307685 0.464806
0 0.332791 0.487734 0.339669 0.490714 0.344369 0.494306 0.344369 0.497516 0.342535 0.500115 0.339210 0.502178 0.337949 0.503248 0.336344 0.503554 0.333249 0.503630 0.329352 0.502789 0.324537 0.501796 0.320066 0.499045 0.319493 0.496370 0.319837 0.494306 0.321671 0.493007 0.323734 0.492472 0.324078 0.490562 0.324766 0.489110 0.327059 0.488345 0.329237 0.487887 0.330613 0.487734
0 0.665323 0.502317 0.665670 0.499691 0.667640 0.497605 0.674476 0.495751 0.681660 0.495751 0.684905 0.497760 0.684789 0.499768 0.685252 0.502008 0.686874 0.502472 0.686874 0.504480 0.685252 0.506257 0.683630 0.507879 0.678879 0.508652 0.676330 0.508652 0.672854 0.507725 0.670305 0.506875 0.668219 0.505484 0.667061 0.504326
0 0.674592 0.495365 0.674476 0.493589 0.676330 0.491812 0.681081 0.490112 0.685600 0.489649 0.690235 0.490035 0.692784 0.491580 0.693826 0.494207 0.693942 0.494979 0.685136 0.497837 0.681660 0.495751
0 0.730967 0.474376 0.733322 0.477088 0.735249 0.477754 0.737105 0.477659 0.738389 0.477325 0.740316 0.476136 0.742457 0.474090 0.743028 0.472663 0.742956 0.470950 0.739460 0.469761 0.737033 0.469476 0.735606 0.469476 0.733965 0.470237 0.732823 0.471093 0.731824 0.472330 0.731181 0.473710
0 0.718307 0.493752 0.722770 0.496805 0.724884 0.497197 0.729993 0.496179 0.733634 0.494222 0.734926 0.492382 0.734808 0.491090 0.734808 0.489798 0.733516 0.488036 0.730756 0.487566 0.725001 0.487879 0.720832 0.489132 0.718542 0.491050 0.717484 0.492851
1 0.614494 0.689655 0.636045 0.660920 0.661301 0.629939 0.695312 0.595815 0.725620 0.569998 0.746498 0.560120 0.776468 0.560345 0.770407 0.566631 0.778152 0.576509 0.778489 0.593795 0.776468 0.622082 0.766366 0.647225 0.751549 0.665858 0.721242 0.694370 0.674098 0.716146 0.629647 0.725799 0.620218 0.723105 0.620218 0.717493 0.612473 0.713227
1 0.630994 0.726024 0.654230 0.721534 0.689588 0.714574 0.725620 0.711880 0.766029 0.715248 0.797010 0.720860 0.827990 0.728493 0.831695 0.732534 0.802398 0.738371 0.727977 0.744881 0.677128 0.747800 0.620555 0.750494 0.626953 0.737473
1 0.473397 0.557651 0.478448 0.552263 0.488887 0.553161 0.502020 0.561916 0.509766 0.576509 0.519195 0.602775 0.530307 0.621857 0.556237 0.653736 0.583850 0.676634 0.602034 0.691451 0.601697 0.708962 0.595973 0.728269 0.585533 0.728942 0.579809 0.719738 0.558594 0.705370 0.540409 0.686512 0.523572 0.666083 0.509429 0.645429 0.496969 0.623653 0.491581 0.609061 0.490234 0.591999 0.485857 0.574488 0.481479 0.562365 0.479795 0.559896
1 0.578798 0.755208 0.550175 0.746004 0.506398 0.746677 0.477438 0.747351 0.462958 0.752290 0.445784 0.762168 0.430967 0.773168 0.432988 0.780352 0.425916 0.784393 0.435682 0.788658 0.468683 0.791801 0.509092 0.787536 0.556237 0.781474 0.592605 0.772495 0.598330 0.762841 0.585870 0.766209 0.581492 0.762841 0.580819 0.758576
1 0.584860 0.728942 0.576105 0.729167 0.561288 0.725799 0.505388 0.722207 0.452182 0.721085 0.424906 0.723554 0.378772 0.733432 0.327923 0.747351 0.305361 0.755433 0.291218 0.762617 0.280779 0.772270 0.276401 0.781250 0.280105 0.788434 0.283809 0.786862 0.283809 0.782597 0.291554 0.774291 0.326913 0.764188 0.399650 0.748698 0.427263 0.742861 0.466662 0.745330 0.537379 0.744881 0.585870 0.744881