0 0.499270 0.054777 0.499719 0.059192 0.498485 0.061737 0.494107 0.062710 0.490178 0.064281 0.486474 0.069145 0.481760 0.074084 0.479178 0.078798 0.474351 0.077676 0.470086 0.076404 0.468739 0.074383 0.466831 0.071764 0.465708 0.067873 0.463126 0.063907 0.460994 0.060689 0.461667 0.058968 0.464922 0.055376 0.470759 0.052009 0.477494 0.049240 0.483219 0.048042 0.488046 0.048192 0.490852 0.049240 0.495678 0.051335 0.498709 0.053580
0 0.527526 0.055626 0.532482 0.057403 0.535380 0.060083 0.536362 0.062670 0.535193 0.064696 0.533884 0.067158 0.530986 0.068592 0.528882 0.068810 0.525236 0.068342 0.522477 0.067438 0.519345 0.066005 0.517802 0.064322 0.517148 0.061797 0.518784 0.059429 0.521729 0.057434 0.524067 0.056842 0.526171 0.056343
0 0.573961 0.251821 0.570703 0.250262 0.569032 0.246363 0.569993 0.242104 0.573417 0.236062 0.578452 0.233511 0.585703 0.232302 0.587516 0.232168 0.591142 0.232168 0.595170 0.233913 0.599601 0.236196 0.600608 0.239419 0.600608 0.243044 0.598796 0.245327 0.594594 0.249538 0.591419 0.251431 0.587493 0.253046 0.584235 0.253102 0.582398 0.252879 0.578472 0.251821 0.575715 0.251821
0 0.638152 0.207167 0.640915 0.209009 0.643770 0.211833 0.644047 0.213307 0.642573 0.215701 0.639994 0.218526 0.635205 0.220675 0.630692 0.222456 0.627929 0.222394 0.622679 0.220368 0.621113 0.219263 0.618903 0.218157 0.618074 0.216193 0.617706 0.214289 0.618627 0.212017 0.621574 0.209807 0.623968 0.208333 0.628021 0.206860 0.632073 0.206000 0.634008 0.205754 0.636126 0.206061 0.637231 0.206246
0 0.564752 0.201879 0.566748 0.205230 0.567230 0.209729 0.567024 0.213401 0.566060 0.216936 0.564683 0.218450 0.562961 0.219277 0.561171 0.219369 0.558073 0.219506 0.556902 0.219552 0.554905 0.219323 0.549879 0.218221 0.546367 0.217073 0.545541 0.212758 0.545610 0.210280 0.546505 0.207388 0.547193 0.205597 0.548364 0.203715 0.549879 0.202201 0.551600 0.201466 0.553872 0.201191 0.556558 0.200961 0.562479 0.201099 0.564270 0.201466
2 0.498037 0.061995 0.502091 0.062849 0.506786 0.073518 0.509986 0.086463 0.510200 0.097274 0.509346 0.100546 0.511693 0.099977 0.512547 0.095141 0.514041 0.085752 0.515748 0.082480 0.524496 0.077928 0.530471 0.076932 0.539433 0.079066 0.551169 0.084187 0.560345 0.091726 0.562265 0.097843 0.558638 0.106521 0.553090 0.114487 0.548822 0.119466 0.547115 0.120604 0.545835 0.123734 0.544554 0.125441 0.542634 0.127575 0.539220 0.128997 0.534952 0.128713 0.533032 0.128855 0.530044 0.130278 0.527484 0.131131 0.522363 0.131273 0.518948 0.131273 0.516601 0.130989 0.512974 0.129709 0.508919 0.128571 0.504865 0.126864 0.502731 0.125441 0.498464 0.122596 0.497610 0.124872 0.498037 0.128855 0.496543 0.130704 0.491209 0.132269 0.488648 0.132269 0.484380 0.129566 0.478024 0.124333 0.474778 0.118470 0.473711 0.113492 0.473612 0.106231 0.474460 0.101593 0.473925 0.094287 0.472431 0.089877 0.473442 0.085981 0.474969 0.083831 0.476485 0.081199 0.480966 0.077785 0.482673 0.073802 0.485020 0.070815 0.486087 0.068681 0.488648 0.065409 0.490782 0.063702 0.492489 0.062706 0.495263 0.061995
0 0.509346 0.079066 0.517882 0.079492 0.520015 0.080346 0.515961 0.082480 0.514041 0.088455 0.511693 0.097132 0.510626 0.097417
2 0.344496 0.204355 0.345159 0.198939 0.346651 0.192639 0.349138 0.187555 0.352951 0.183024 0.359748 0.180924 0.366545 0.181587 0.375000 0.184571 0.383786 0.193413 0.385942 0.201370 0.399370 0.204576 0.409151 0.208996 0.413793 0.213859 0.414622 0.218612 0.411638 0.227011 0.408322 0.231211 0.410146 0.236958 0.408156 0.244032 0.404675 0.248784 0.399702 0.252210 0.394894 0.254089 0.388097 0.255084 0.382460 0.254863 0.376989 0.253426 0.373342 0.250442 0.371021 0.244253 0.367871 0.249889 0.363561 0.252100 0.357593 0.254973 0.350298 0.255858 0.337202 0.256189 0.323442 0.253758 0.313495 0.248121 0.309682 0.245358 0.307692 0.242263 0.307692 0.240495 0.304211 0.236737 0.297745 0.231211 0.292772 0.226459 0.291114 0.220049 0.291446 0.216291 0.297745 0.210102 0.310013 0.202365 0.321452 0.199823 0.330570 0.199713 0.335544 0.200265 0.342009 0.203028
2 0.374847 0.100914 0.372302 0.093900 0.371793 0.088922 0.371623 0.082700 0.374678 0.077043 0.378072 0.074102 0.387744 0.071839 0.396569 0.072744 0.404545 0.075459 0.409635 0.079645 0.413708 0.084849 0.416763 0.083039 0.422023 0.081795 0.427454 0.081003 0.437127 0.080437 0.445272 0.081568 0.451890 0.084171 0.453757 0.084623 0.452739 0.097860 0.460206 0.104082 0.462412 0.106684 0.462751 0.110078 0.460036 0.114829 0.452400 0.120712 0.451551 0.116979 0.449515 0.116640 0.447818 0.116413 0.445612 0.117431 0.440521 0.122749 0.435090 0.126821 0.430508 0.128405 0.426096 0.129310 0.423211 0.129310 0.420496 0.129423 0.418290 0.129310 0.416254 0.129310 0.413199 0.129650 0.408787 0.130329 0.406411 0.131007 0.404205 0.131573 0.401829 0.133723 0.397417 0.135646 0.394193 0.136777 0.388423 0.137456 0.389781 0.123541 0.387235 0.110530 0.382484 0.106684 0.379938 0.103856 0.377732 0.101819
2 0.456303 0.158046 0.445272 0.148882 0.438654 0.143339 0.434921 0.137230 0.434242 0.133496 0.434242 0.130555 0.434751 0.129197 0.436278 0.126935 0.437296 0.125464 0.445102 0.117658 0.447309 0.116300 0.449854 0.116187 0.454097 0.126482 0.457830 0.136438 0.463430 0.139379 0.465975 0.135646 0.469200 0.132478 0.473272 0.132139 0.480230 0.138135 0.484982 0.146959 0.487697 0.155783 0.491770 0.156575 0.488885 0.160309 0.489903 0.163476 0.491600 0.169585 0.491939 0.175921 0.489564 0.181125 0.487867 0.182596 0.496012 0.182256 0.503649 0.179994 0.510436 0.176713 0.517734 0.173771 0.515697 0.177278 0.512473 0.180559 0.507382 0.184066 0.501782 0.185877 0.497370 0.184971 0.484133 0.185650 0.480400 0.189836 0.468860 0.190968 0.462412 0.190968 0.457660 0.189157 0.455794 0.185424 0.453757 0.181464 0.451212 0.176147 0.450193 0.172979 0.449345 0.167775 0.449175 0.163250 0.449175 0.159856 0.450363 0.158612 0.453248 0.158272
2 0.348205 0.083152 0.343453 0.087225 0.342095 0.092542 0.340908 0.102950 0.341077 0.106571 0.336326 0.103177 0.330556 0.101367 0.319526 0.101027 0.310701 0.103290 0.302216 0.108381 0.295259 0.114490 0.293222 0.120260 0.295598 0.128292 0.303404 0.136890 0.310871 0.142999 0.320544 0.146167 0.316641 0.146393 0.320035 0.152163 0.325974 0.155105 0.331574 0.153747 0.338701 0.154086 0.346168 0.154878 0.352277 0.153408 0.357199 0.151597 0.366532 0.144470 0.366871 0.149674 0.371962 0.152729 0.376544 0.151711 0.380787 0.148543 0.384690 0.143339 0.388084 0.137116 0.389441 0.122409 0.387405 0.110417 0.382144 0.105326 0.378411 0.102611 0.375356 0.101140 0.370435 0.094239 0.363987 0.087225 0.357029 0.084284 0.352956 0.082700
2 0.434364 0.131869 0.427180 0.137826 0.423675 0.147171 0.419295 0.144367 0.411235 0.142498 0.403000 0.142031 0.391961 0.143900 0.382675 0.147638 0.376542 0.151376 0.372687 0.155932 0.372687 0.160955 0.377418 0.170066 0.381273 0.174271 0.382149 0.178126 0.386529 0.184551 0.398619 0.190858 0.405102 0.193195 0.407030 0.196933 0.407906 0.198217 0.414564 0.196232 0.418244 0.197750 0.422098 0.197750 0.424376 0.198685 0.429282 0.198451 0.434364 0.198217 0.438744 0.196816 0.441372 0.192260 0.442949 0.192143 0.446278 0.197517 0.455214 0.200437 0.463099 0.200437 0.470634 0.198101 0.477117 0.195998 0.479394 0.193895 0.481322 0.189573 0.463625 0.191209 0.457492 0.189573 0.451009 0.176841 0.449257 0.169131 0.449432 0.159553 0.455039 0.157917 0.455390 0.156866 0.436116 0.142031 0.434714 0.135606
1 0.485233 0.670232 0.529933 0.663314 0.563857 0.658259 0.589001 0.650543 0.612548 0.641762 0.636095 0.634845 0.653257 0.630321 0.672015 0.629523 0.700351 0.632450 0.735473 0.640698 0.763011 0.641762 0.793343 0.645754 0.809706 0.651341 0.824473 0.662516 0.831258 0.672361 0.832455 0.679544 0.830460 0.680609 0.837644 0.683536 0.838043 0.687527 0.828065 0.691518 0.798132 0.697105 0.758222 0.701628 0.720706 0.705885 0.686782 0.702160 0.654055 0.693646 0.632104 0.688325 0.604566 0.687527 0.584211 0.687261 0.545897 0.689389 0.520754 0.693114 0.501996 0.696041 0.482838 0.699234 0.483637 0.681141
1 0.141750 0.533626 0.161033 0.543960 0.170485 0.554547 0.183341 0.567655 0.203758 0.582779 0.235141 0.596642 0.269548 0.608994 0.308114 0.621849 0.344034 0.633948 0.373525 0.646300 0.395077 0.656382 0.414738 0.668482 0.432887 0.682093 0.452170 0.676548 0.452170 0.671002 0.436668 0.667221 0.420410 0.662180 0.417007 0.656382 0.401127 0.636973 0.384868 0.632436 0.340631 0.616556 0.285050 0.592357 0.243081 0.572444 0.207161 0.554295 0.182963 0.543708 0.162167 0.535642 0.151580 0.533122 0.147799 0.531861 0.146287 0.533626
1 0.367854 0.588828 0.372769 0.591097 0.389406 0.594122 0.417007 0.602944 0.452926 0.621849 0.468807 0.638990 0.451414 0.657643 0.444230 0.666717 0.437424 0.666465 0.421544 0.660920 0.402639 0.636217 0.386381 0.600928 0.371257 0.594122 0.366720 0.592105 0.369744 0.592105
1 0.468870 0.637292 0.486590 0.622925 0.509579 0.610153 0.556034 0.591315 0.596264 0.564176 0.632663 0.542784 0.645594 0.527458 0.662356 0.511494 0.675287 0.502554 0.689176 0.496488 0.695881 0.500000 0.691571 0.506386 0.670019 0.524266 0.661398 0.533525 0.654693 0.547893 0.635057 0.574074 0.602490 0.601852 0.544061 0.635696 0.488985 0.668902
1 0.296903 0.721378 0.302291 0.717408 0.347663 0.723079 0.388782 0.727616 0.424229 0.733666 0.438124 0.735746 0.448616 0.735178 0.451452 0.736313 0.445780 0.741228 0.434721 0.743875 0.399274 0.736502 0.367797 0.733477 0.351066 0.732910 0.339156 0.731397 0.324127 0.728751 0.317604 0.725348 0.300023 0.722512
1 0.482078 0.744820 0.518943 0.739527 0.599478 0.724781 0.632940 0.715706 0.664133 0.711547 0.646268 0.718731 0.616209 0.727806 0.549002 0.748979 0.516391 0.757486 0.500794 0.758999 0.490018 0.756730 0.484630 0.752004 0.481794 0.749735 0.481794 0.747278