1 0.514087 0.724488 0.509698 0.725718 0.506728 0.725890 0.501051 0.727222 0.496846 0.728623 0.490086 0.732184 0.482759 0.735920 0.478233 0.739224 0.476135 0.740538 0.471767 0.744397 0.468566 0.747617 0.465086 0.751006 0.461522 0.756238 0.458836 0.760920 0.454957 0.772126 0.454310 0.779167 0.456034 0.787356 0.458836 0.794684 0.462716 0.801724 0.466810 0.805172 0.473491 0.812931 0.485560 0.822557 0.494181 0.826580 0.507328 0.829741 0.510560 0.833764 0.514224 0.834339 0.520690 0.833764 0.532543 0.830316 0.537284 0.829454 0.560345 0.815517 0.570474 0.807328 0.580172 0.795977 0.587716 0.782328 0.590086 0.775000 0.590733 0.767241 0.589655 0.760057 0.585776 0.749282 0.580603 0.743391 0.571983 0.737500 0.560560 0.732615 0.548922 0.733333 0.540733 0.734770 0.533190 0.732040 0.529957 0.727443 0.528233 0.726149 0.525647 0.725431 0.525967 0.723998 0.517557 0.724558
0 0.702543 0.169731 0.703617 0.170256 0.703832 0.171450 0.703832 0.172166 0.701756 0.173645 0.696386 0.175173 0.695526 0.173598 0.695240 0.172786 0.696242 0.171497 0.697961 0.170590 0.698748 0.170447 0.700395 0.170113 0.701469 0.169922
0 0.704978 0.178323 0.705694 0.180567 0.705694 0.182333 0.704906 0.183574 0.702185 0.184720 0.698892 0.185674 0.696600 0.185961 0.694882 0.185674 0.693450 0.184147 0.692448 0.182906 0.692448 0.181521 0.693665 0.180328 0.695097 0.179469 0.696887 0.178896 0.698534 0.178514 0.700682 0.178180 0.703044 0.178085 0.704190 0.178085
0 0.667602 0.179373 0.668175 0.182953 0.667960 0.184194 0.668032 0.185101 0.670967 0.186820 0.678700 0.185579 0.684357 0.182428 0.685001 0.180949 0.683641 0.177941 0.681708 0.176509 0.679130 0.176127 0.676910 0.176032 0.673330 0.176318 0.670323 0.176939 0.668605 0.177894
0 0.647346 0.187305 0.649029 0.190297 0.650058 0.193009 0.650946 0.196032 0.650525 0.197310 0.648515 0.198962 0.646739 0.199803 0.643606 0.200489 0.639866 0.200832 0.638090 0.200800 0.637248 0.200458 0.633789 0.197902 0.632854 0.195751 0.633555 0.192292 0.634911 0.190889 0.637155 0.188645 0.638698 0.187897 0.640334 0.187586 0.643466 0.187336 0.645850 0.187181
0 0.670527 0.206490 0.673008 0.209419 0.674507 0.211796 0.674507 0.213381 0.672905 0.216241 0.668977 0.219204 0.665669 0.220272 0.661535 0.220789 0.657245 0.220203 0.654919 0.219238 0.653007 0.217998 0.651043 0.213381 0.651301 0.211727 0.652955 0.209625 0.655384 0.207627 0.659622 0.205422 0.664222 0.205215 0.668408 0.205560
0 0.570568 0.224630 0.567770 0.223994 0.564147 0.222044 0.563129 0.219713 0.563193 0.215221 0.565418 0.211067 0.570250 0.208439 0.573810 0.208100 0.579214 0.208524 0.584490 0.210304 0.587415 0.213610 0.588496 0.216662 0.588813 0.220561 0.588750 0.222849 0.587161 0.224460 0.585380 0.225647 0.583600 0.226113 0.579341 0.225774
0 0.606614 0.237895 0.611573 0.237217 0.618121 0.237472 0.623271 0.239464 0.627276 0.242854 0.628802 0.247220 0.628738 0.254043 0.625750 0.256417 0.622699 0.256883 0.618121 0.257222 0.611573 0.258960 0.604389 0.259935 0.601083 0.259553 0.598222 0.257519 0.597841 0.255739 0.597968 0.251458 0.598350 0.248110 0.600066 0.244041 0.600448 0.243109
2 0.572737 0.225395 0.576239 0.226562 0.578260 0.229616 0.580819 0.232130 0.585399 0.240122 0.587689 0.248743 0.593346 0.248833 0.593885 0.250180 0.592268 0.253053 0.591864 0.255029 0.590652 0.256376 0.584725 0.258351 0.585938 0.262482 0.588227 0.263470 0.590921 0.263380 0.598195 0.263200 0.606008 0.262302 0.612473 0.259698 0.617188 0.256825 0.615975 0.258980 0.617457 0.261135 0.616514 0.262482 0.615302 0.266074 0.613147 0.267780 0.608567 0.271103 0.605334 0.272180 0.601024 0.272450 0.592403 0.271552 0.594019 0.274156 0.591999 0.274874 0.588901 0.274784 0.585803 0.272809 0.578529 0.269576 0.586880 0.279185 0.588362 0.282956 0.587284 0.284393 0.585803 0.284842 0.578529 0.282328 0.576913 0.280083 0.571121 0.272719 0.570447 0.269217 0.569504 0.261404 0.569504 0.259608 0.569504 0.257992 0.568561 0.255747 0.563847 0.253053 0.556977 0.248204 0.551185 0.242726 0.549569 0.239404 0.549704 0.235363 0.550512 0.233387 0.551051 0.231412 0.552936 0.228987 0.557651 0.225216 0.565463 0.236261 0.565867 0.232130 0.566541 0.229256 0.568157 0.225844
2 0.571416 0.271591 0.571564 0.273461 0.579535 0.287533 0.584406 0.300031 0.586030 0.293536 0.589130 0.291371 0.594149 0.291667 0.600644 0.294717 0.607434 0.300228 0.613781 0.306133 0.617029 0.305936 0.616734 0.308495 0.620719 0.308692 0.619686 0.312628 0.617619 0.316171 0.614667 0.322075 0.613043 0.325028 0.609353 0.326405 0.603301 0.326208 0.602267 0.326208 0.604039 0.331129 0.603448 0.332605 0.600201 0.334475 0.595920 0.334672 0.589277 0.332802 0.581897 0.329554 0.575549 0.325126 0.572597 0.318631 0.568759 0.315875 0.563150 0.308692 0.559164 0.302787 0.560492 0.296882 0.559754 0.291568 0.561673 0.290781 0.571268 0.299146 0.568611 0.294422 0.562707 0.289895 0.560050 0.285073 0.560050 0.281629 0.560050 0.279858 0.565511 0.272083 0.567135 0.270804 0.569792 0.271001
1 0.621895 0.537442 0.618966 0.539080 0.615086 0.540661 0.611207 0.540374 0.607759 0.541236 0.596552 0.541954 0.587069 0.544540 0.576078 0.549425 0.557328 0.560345 0.551078 0.564943 0.536853 0.579598 0.513362 0.611782 0.501078 0.634195 0.497845 0.642385 0.496767 0.649138 0.495872 0.654941 0.499353 0.655029 0.509914 0.655316 0.520474 0.651724 0.529095 0.651149 0.548707 0.651724 0.564009 0.654741 0.575431 0.659052 0.586422 0.664799 0.599569 0.673132 0.607759 0.680029 0.614772 0.690252 0.617672 0.687356 0.623276 0.683621 0.626826 0.680146 0.628470 0.678684 0.630172 0.676868 0.632328 0.673851 0.634914 0.672270 0.640302 0.664799 0.643629 0.660177 0.644828 0.656466 0.646767 0.654023 0.655172 0.630747 0.656466 0.615374 0.653664 0.591523 0.650216 0.580460 0.647629 0.575718 0.643750 0.560201 0.639224 0.551437 0.630819 0.541954 0.627802 0.540230
1 0.452586 0.672718 0.448568 0.679050 0.444367 0.685868 0.443089 0.692322 0.443637 0.696827 0.447107 0.700845 0.457152 0.704498 0.481078 0.709855 0.513771 0.714848 0.535688 0.717039 0.550300 0.718500 0.564546 0.715822 0.585367 0.710829 0.606553 0.704985 0.612763 0.700967 0.614407 0.691835 0.612215 0.686355 0.602352 0.675519 0.590115 0.667117 0.573130 0.658229 0.553770 0.652749 0.544272 0.651654 0.520894 0.652262 0.515050 0.653115 0.514136 0.654576 0.488567 0.656037 0.475964 0.658594 0.463727 0.663586 0.456604 0.670039
0 0.419636 0.510108 0.424645 0.510412 0.427301 0.511170 0.428743 0.512385 0.429198 0.514358 0.428591 0.516938 0.427680 0.518456 0.425707 0.520176 0.422444 0.521137 0.419257 0.521542 0.416297 0.521339 0.414780 0.520176 0.414324 0.518658 0.414324 0.517090 0.414324 0.515673 0.414476 0.514155 0.415007 0.512789 0.415538 0.511879 0.416449 0.511221 0.417436 0.510715
0 0.386809 0.517516 0.392372 0.517266 0.392232 0.519012 0.395131 0.519791 0.398029 0.520165 0.397795 0.522191 0.396860 0.524029 0.395785 0.525619 0.393167 0.526585 0.391017 0.526710 0.389100 0.526398 0.387557 0.525899 0.385921 0.525307 0.384846 0.525151 0.384425 0.524653 0.383957 0.523531 0.383209 0.522814 0.383163 0.522128 0.383630 0.520788 0.384238 0.519947 0.384892 0.518980 0.385921 0.517952
0 0.392933 0.509599 0.397562 0.510254 0.399104 0.511999 0.398730 0.513620 0.396486 0.516051 0.395505 0.516643 0.390643 0.515614 0.388352 0.514929 0.387417 0.513744 0.387417 0.512778 0.387884 0.511843 0.388913 0.510721 0.389895 0.510316 0.391531 0.509911
0 0.402237 0.503241 0.405603 0.506701 0.406164 0.508633 0.404855 0.510347 0.401161 0.511781 0.399291 0.512280 0.397795 0.510098 0.392980 0.509630 0.389427 0.510378 0.387697 0.511719 0.386949 0.510067 0.386482 0.508571 0.385781 0.506483 0.386155 0.505080 0.387978 0.503865 0.391952 0.502618 0.396814 0.501963 0.398871 0.502150
1 0.665948 0.631322 0.662500 0.630316 0.658190 0.629598 0.656897 0.629885 0.655388 0.630747 0.654095 0.633477 0.652586 0.639224 0.648707 0.650000 0.646552 0.654598 0.639655 0.665661 0.637500 0.667960 0.634698 0.671983 0.628233 0.678736 0.625647 0.680747 0.624784 0.682040 0.620690 0.685057 0.617742 0.687607 0.615199 0.689687 0.614095 0.697367 0.612943 0.700471 0.613231 0.701719 0.620259 0.698276 0.624990 0.696727 0.630942 0.693975 0.631518 0.693559 0.632814 0.692567 0.635129 0.691092 0.642888 0.687069 0.645043 0.685201 0.651724 0.680603 0.659914 0.672845 0.664009 0.669971 0.670690 0.663362 0.673922 0.660776 0.679310 0.654023 0.680388 0.650287 0.680172 0.646264 0.678017 0.640374 0.675216 0.636782 0.673060 0.634914 0.670474 0.633190
2 0.486005 0.245153 0.487642 0.241789 0.491598 0.238151 0.498281 0.234423 0.504010 0.233513 0.509876 0.234059 0.514923 0.235059 0.522698 0.238697 0.527881 0.244789 0.536338 0.242516 0.548341 0.242607 0.550387 0.242971 0.554752 0.245608 0.564983 0.253428 0.568120 0.255793 0.563209 0.257248 0.561163 0.260067 0.559663 0.267523 0.558299 0.274889 0.551206 0.279618 0.542749 0.281800 0.528563 0.283983 0.521470 0.282255 0.514923 0.281709 0.512194 0.279254 0.508102 0.281164 0.503601 0.282437 0.496917 0.283801 0.492552 0.277799 0.487778 0.275435 0.484095 0.275344 0.480549 0.276071 0.478094 0.277708 0.473865 0.279891 0.470319 0.278526 0.464999 0.276162 0.462544 0.272252 0.462544 0.270069 0.463362 0.267796 0.463498 0.266523 0.459134 0.262886 0.455587 0.258248 0.453541 0.254792 0.454223 0.251337 0.460088 0.247427 0.466772 0.245153 0.471410 0.244335 0.478230 0.244608 0.481913 0.244608 0.484232 0.244880
0 0.454831 0.381850 0.456306 0.382278 0.457397 0.383646 0.459385 0.385955 0.460796 0.389590 0.460219 0.392113 0.458936 0.393653 0.456178 0.394465 0.454254 0.394422 0.452201 0.394379 0.447904 0.393781 0.446236 0.393182 0.444633 0.390702 0.443863 0.387623 0.443927 0.385314 0.445017 0.383775 0.446429 0.383219 0.449507 0.382406 0.452073 0.382021 0.453869 0.381936
2 0.473937 0.280117 0.471599 0.283235 0.468424 0.289807 0.468257 0.295153 0.469928 0.299608 0.466921 0.302615 0.464248 0.307293 0.461073 0.312862 0.459403 0.316537 0.459403 0.320881 0.461574 0.325782 0.462243 0.330126 0.462243 0.334915 0.463412 0.338925 0.464916 0.342489 0.468758 0.343714 0.475441 0.343491 0.482280 0.339336 0.486635 0.335360 0.488974 0.329346 0.493150 0.332130 0.502005 0.336363 0.508186 0.337254 0.515036 0.335806 0.521051 0.330348 0.525227 0.330014 0.527733 0.328678 0.527566 0.325670 0.522721 0.327230 0.520883 0.327675 0.518545 0.325782 0.518377 0.323443 0.520883 0.320436 0.525728 0.316537 0.533079 0.311525 0.538426 0.303061 0.538927 0.292034 0.535752 0.286911 0.528903 0.284015 0.521552 0.282344 0.515203 0.282010 0.509523 0.282678 0.505513 0.284126 0.498831 0.288025 0.497661 0.284906 0.496157 0.282122 0.491814 0.276887 0.487637 0.275439 0.482291 0.275773 0.479451 0.277332 0.475942 0.279003
2 0.495161 0.352915 0.496193 0.353087 0.496064 0.358421 0.497613 0.360142 0.499806 0.365906 0.502775 0.369692 0.503162 0.365390 0.504581 0.361260 0.506646 0.358163 0.508711 0.357045 0.510776 0.356958 0.513486 0.358335 0.517228 0.362895 0.518906 0.366594 0.521229 0.372359 0.522778 0.378725 0.524068 0.383371 0.528714 0.383973 0.530392 0.384834 0.528714 0.387329 0.526907 0.389394 0.525488 0.391114 0.520842 0.391803 0.525488 0.399288 0.527424 0.399374 0.532457 0.399030 0.537748 0.401008 0.550137 0.395588 0.549362 0.398599 0.551040 0.399632 0.549750 0.401525 0.547556 0.404364 0.544200 0.406859 0.540071 0.408063 0.535038 0.408493 0.529747 0.408063 0.530134 0.409440 0.529747 0.410558 0.526004 0.410902 0.520068 0.408493 0.518003 0.406515 0.512066 0.404192 0.521616 0.414774 0.522778 0.417355 0.521358 0.418129 0.519164 0.418301 0.514906 0.416925 0.512195 0.415720 0.507162 0.412623 0.504581 0.408579 0.501355 0.402127 0.501355 0.396793 0.502904 0.394900 0.503291 0.391372 0.503291 0.386727 0.500581 0.384576 0.493483 0.378123 0.487288 0.373563 0.486256 0.365906 0.487546 0.361002 0.490773 0.356270 0.493741 0.353689
0 0.474514 0.356429 0.473439 0.355139 0.473547 0.352882 0.476180 0.350947 0.478921 0.350589 0.480480 0.350804 0.480695 0.352022 0.480534 0.353384 0.480695 0.355032 0.480480 0.357253 0.479244 0.358292 0.477255 0.357612
0 0.488542 0.352416 0.485317 0.353742 0.484457 0.355462 0.484242 0.358866 0.486392 0.361051 0.487467 0.361195 0.490691 0.356358 0.494077 0.353420 0.494292 0.352739 0.490476 0.351843