0 0.943027 0.053097 0.952948 0.051768 0.967120 0.051435 0.975340 0.051768 0.978741 0.054758 0.979875 0.060739 0.980442 0.068049 0.979025 0.081007 0.973639 0.088982 0.964002 0.095960 0.950680 0.098618 0.936791 0.094963 0.933673 0.086656 0.931689 0.078017 0.931973 0.068049 0.934807 0.060074 0.938776 0.054426
0 0.894380 0.035489 0.894235 0.054100 0.894235 0.065436 0.891349 0.069666 0.876772 0.078971 0.865081 0.084216 0.853535 0.084724 0.845597 0.077787 0.842277 0.068989 0.840545 0.051562 0.848339 0.036504 0.862339 0.028383 0.873452 0.026522 0.882112 0.028045 0.891349 0.031429
0 0.772965 0.151171 0.777125 0.168382 0.779083 0.193338 0.768316 0.215139 0.764156 0.218294 0.739931 0.219442 0.732589 0.210549 0.721578 0.195633 0.727206 0.177848 0.730632 0.168095 0.738462 0.157769 0.745559 0.152892 0.751676 0.150310 0.759017 0.148876 0.767582 0.148589
0 0.722557 0.195920 0.716928 0.190183 0.717907 0.177561 0.721578 0.161211 0.739931 0.143139 0.760485 0.137976 0.771008 0.141705 0.782019 0.152605 0.788137 0.171251 0.785445 0.196494 0.765624 0.218294 0.778593 0.194199 0.776636 0.166374 0.772476 0.150884 0.767337 0.147729 0.750208 0.150597 0.736260 0.156334 0.727206 0.176988
0 0.112924 0.427763 0.121945 0.438887 0.121008 0.451384 0.116556 0.456053 0.107184 0.464019 0.103669 0.463744 0.095000 0.456328 0.092774 0.449736 0.091485 0.441084 0.096054 0.433393 0.099803 0.430509 0.105309 0.428312
0 0.041837 0.536962 0.039184 0.541507 0.038571 0.547608 0.036735 0.552990 0.033163 0.556579 0.034796 0.563756 0.041224 0.569976 0.049184 0.576914 0.058367 0.579665 0.063571 0.580622 0.071327 0.579187 0.076020 0.574163 0.078673 0.569498 0.082959 0.564354 0.086429 0.559809 0.086429 0.555024 0.081939 0.547249 0.075408 0.541986 0.066224 0.538876 0.056224 0.538397 0.046122 0.536244
0 0.149388 0.739713 0.159388 0.735167 0.163367 0.731579 0.170102 0.726675 0.171735 0.718900 0.172143 0.713278 0.169082 0.700359 0.165612 0.694139 0.158367 0.683254 0.146633 0.678828 0.134082 0.683254 0.126735 0.684330 0.124796 0.684569 0.122857 0.691029 0.121020 0.702512 0.121939 0.715670 0.126020 0.726077 0.134694 0.735646 0.142347 0.740550 0.147143 0.740670
0 0.599331 0.177844 0.603069 0.200628 0.604938 0.226261 0.602882 0.241815 0.601574 0.260656 0.596715 0.270734 0.576904 0.273801 0.566439 0.271172 0.560271 0.263504 0.548497 0.262628 0.535976 0.259780 0.528314 0.246635 0.527940 0.236995 0.528687 0.229328 0.528500 0.220565 0.529809 0.210049 0.534855 0.194056 0.539527 0.183102 0.549432 0.172805 0.559524 0.168205 0.574288 0.169081
0 0.636641 0.613073 0.642505 0.619947 0.642740 0.623934 0.642036 0.630672 0.638166 0.628884 0.634647 0.628334 0.628548 0.628334 0.624091 0.628747 0.619282 0.629434 0.617875 0.629434 0.617992 0.626684 0.619869 0.625584 0.621042 0.624484 0.622566 0.621047 0.623739 0.617747 0.625029 0.614860 0.629134 0.611285 0.632536 0.610460
0 0.624819 0.851482 0.623247 0.862678 0.619257 0.872457 0.615026 0.878126 0.610069 0.881386 0.606200 0.880961 0.599308 0.879969 0.594351 0.877701 0.587702 0.871607 0.585042 0.863387 0.584196 0.856301 0.586735 0.848931 0.591933 0.842270 0.599671 0.840144 0.616114 0.844112
0 0.764610 0.446254 0.761825 0.458146 0.760234 0.462576 0.763218 0.470737 0.762223 0.475634 0.755858 0.486126 0.745117 0.494054 0.728011 0.500816 0.711700 0.505713 0.687035 0.506879 0.674703 0.500350 0.664160 0.493588 0.654812 0.477499 0.653817 0.471203 0.655209 0.460244 0.659387 0.450451 0.663564 0.444855 0.671122 0.434362 0.671520 0.430165 0.671321 0.420372 0.671321 0.413843 0.674305 0.407780 0.678084 0.403117 0.707722 0.399153 0.735768 0.406848 0.754068 0.424103 0.759637 0.436927
2 0.477262 0.238293 0.470031 0.226990 0.463201 0.215217 0.451551 0.202502 0.433473 0.190728 0.417403 0.188845 0.406958 0.191670 0.392094 0.200147 0.380042 0.212862 0.372409 0.231229 0.368391 0.251479 0.369998 0.271729 0.372007 0.275496 0.361964 0.275967 0.347903 0.273142 0.339065 0.280206 0.328620 0.283031 0.315764 0.292921 0.300096 0.315055 0.294472 0.332479 0.292865 0.338131 0.301302 0.349904 0.318978 0.370625 0.329825 0.389462 0.338261 0.402649 0.352322 0.407358 0.361562 0.396526 0.374417 0.383811 0.391290 0.379573 0.409368 0.378631 0.425438 0.383811 0.448337 0.412538 0.463201 0.401236 0.479672 0.407358 0.494938 0.400294 0.534710 0.363561 0.551583 0.342840 0.556805 0.335305 0.568054 0.273613 0.566447 0.270787 0.561626 0.263723 0.540736 0.260897 0.535513 0.257601 0.527479 0.245357 0.527077 0.226519 0.524667 0.224635 0.513820 0.224635 0.493733 0.231229
2 0.527479 0.604208 0.552788 0.580662 0.569661 0.603737 0.577294 0.615511 0.580106 0.647534 0.582115 0.673436 0.573678 0.704988 0.579303 0.705459 0.586936 0.673906 0.591355 0.654127 0.603407 0.640470 0.614655 0.631993 0.626707 0.629639 0.641973 0.631522 0.668890 0.643296 0.680138 0.656482 0.686566 0.674848 0.686164 0.692744 0.674916 0.722413 0.664069 0.739366 0.659248 0.747843 0.658043 0.753494 0.650008 0.774686 0.629921 0.799646 0.611843 0.805297 0.616664 0.814245 0.623493 0.817541 0.638759 0.810948 0.641973 0.813774 0.638358 0.823663 0.629118 0.829315 0.618271 0.833553 0.600595 0.839675 0.578901 0.839675 0.563635 0.819896 0.554395 0.831198 0.542745 0.843443 0.519846 0.846739 0.503375 0.835908 0.493331 0.825076 0.491323 0.817541 0.488510 0.807652 0.474450 0.795407 0.473244 0.785047 0.472441 0.772803 0.471637 0.755849 0.471637 0.748314 0.477262 0.736541 0.481279 0.718645 0.491323 0.704517 0.508597 0.679558 0.510606 0.655540 0.516230 0.631522 0.519444 0.617865 0.522256 0.609859
2 0.337458 0.489771 0.317773 0.501545 0.292463 0.526504 0.283625 0.547225 0.278804 0.567004 0.275189 0.589138 0.277197 0.607034 0.302105 0.636232 0.311747 0.654127 0.329825 0.672023 0.364374 0.680971 0.389683 0.672965 0.400129 0.688505 0.419010 0.683325 0.433071 0.668255 0.439499 0.664488 0.449542 0.655540 0.469629 0.649889 0.479672 0.648947 0.486903 0.648476 0.492126 0.643767 0.491323 0.626813 0.506187 0.613156 0.526274 0.604679 0.543548 0.587726 0.555198 0.579720 0.565644 0.555231 0.562831 0.536394 0.575285 0.507196 0.581311 0.485062 0.578901 0.459161 0.568456 0.438440 0.552386 0.425724 0.527077 0.416777 0.504178 0.415364 0.489314 0.415835 0.470432 0.422899 0.461996 0.429492 0.456773 0.433259 0.448739 0.409242 0.426241 0.381927 0.406155 0.377689 0.386871 0.378160 0.374016 0.384282 0.354331 0.404061 0.344689 0.430434 0.339868 0.463870
2 0.335449 0.488829 0.327414 0.480353 0.316166 0.476114 0.306926 0.473760 0.298088 0.473760 0.291660 0.477527 0.279206 0.486946 0.270770 0.498248 0.261932 0.515673 0.256709 0.542045 0.257914 0.567475 0.247469 0.567004 0.234614 0.571243 0.217339 0.583487 0.190021 0.604208 0.179174 0.623046 0.174755 0.647063 0.174755 0.673906 0.200064 0.699337 0.206894 0.703575 0.209304 0.712994 0.213322 0.721471 0.226981 0.736541 0.256709 0.744076 0.300498 0.740308 0.312148 0.738895 0.322995 0.730890 0.336654 0.730419 0.358750 0.726180 0.390889 0.722413 0.422626 0.710168 0.441909 0.697924 0.449140 0.691802 0.451952 0.681441 0.454765 0.662604 0.453158 0.655069 0.449140 0.657424 0.441507 0.664959 0.429857 0.671552 0.419010 0.682854 0.399727 0.688976 0.390889 0.673436 0.367588 0.681441 0.329825 0.671552 0.310542 0.653185 0.302105 0.637174 0.284429 0.615511 0.277599 0.607976 0.276796 0.585842 0.285634 0.541574 0.291258 0.527446 0.314961 0.505312 0.331432 0.493539
2 0.555600 0.338602 0.557207 0.372980 0.558814 0.399352 0.591355 0.381457 0.612245 0.396055 0.617869 0.420544 0.617869 0.437027 0.621887 0.464341 0.619878 0.482707 0.619878 0.493068 0.619878 0.502487 0.615459 0.515673 0.613048 0.529801 0.607424 0.534981 0.604612 0.540161 0.600595 0.559470 0.618673 0.559940 0.629921 0.572656 0.646392 0.567004 0.667283 0.555231 0.667684 0.567946 0.657641 0.580662 0.640366 0.596673 0.631528 0.599028 0.627511 0.599028 0.623092 0.599028 0.617066 0.595261 0.608228 0.590080 0.598586 0.584429 0.595372 0.597144 0.596979 0.617865 0.576089 0.611272 0.553592 0.580662 0.565644 0.554760 0.562430 0.537336 0.573277 0.510963 0.581311 0.485533 0.580106 0.469050 0.574080 0.452097 0.568857 0.438440 0.559216 0.426666 0.539933 0.419131 0.519042 0.413480 0.521051 0.380986 0.525872 0.369212 0.537924 0.358381