0 0.129310 0.159032 0.129310 0.163006 0.128279 0.165681 0.123579 0.167056 0.118878 0.167056 0.113834 0.165299 0.112229 0.164305 0.112229 0.162242 0.112573 0.159873 0.113032 0.158420 0.114522 0.156739 0.116700 0.155134 0.119337 0.155058 0.123235 0.155134 0.127362 0.156663 0.129654 0.158038
0 0.154992 0.183540 0.152591 0.187622 0.150790 0.190824 0.148629 0.191224 0.144066 0.191744 0.140164 0.191784 0.136022 0.190664 0.133140 0.189983 0.131159 0.189303 0.130139 0.186862 0.129959 0.185301 0.130379 0.183620 0.131760 0.181859 0.135242 0.180618 0.139084 0.179818 0.142866 0.179658 0.144186 0.179578 0.148449 0.180138 0.149890 0.180418 0.153191 0.182019 0.154632 0.183100
0 0.216106 0.169332 0.213644 0.171093 0.217066 0.175335 0.216706 0.177176 0.213344 0.179498 0.208241 0.181659 0.205120 0.181579 0.194014 0.180178 0.191432 0.178857 0.190171 0.175255 0.190472 0.173935 0.189271 0.171173 0.189211 0.169492 0.191552 0.167411 0.194254 0.166210 0.198396 0.165530 0.201938 0.165370 0.208061 0.166010 0.210042 0.166451 0.211843 0.167171 0.213944 0.168131 0.215385 0.168732
0 0.262461 0.205711 0.264599 0.206509 0.282544 0.214225 0.286307 0.217114 0.286877 0.220459 0.285737 0.223043 0.279123 0.226236 0.271939 0.228593 0.261791 0.228061 0.254493 0.225172 0.251870 0.222663 0.249818 0.217722 0.248677 0.215137 0.249247 0.212552 0.250844 0.210956 0.253010 0.208827 0.256089 0.206547 0.258256 0.205939 0.259852 0.205863
0 0.252968 0.187751 0.254849 0.191457 0.254593 0.196246 0.254336 0.199325 0.248178 0.202062 0.242619 0.203829 0.237574 0.204228 0.234666 0.203943 0.228166 0.202803 0.223633 0.199439 0.223377 0.196417 0.222864 0.194308 0.221837 0.192084 0.220640 0.190716 0.220469 0.189062 0.221068 0.187466 0.223633 0.185014 0.226199 0.184045 0.232100 0.182962 0.237060 0.182620 0.241251 0.182905 0.246297 0.183988 0.248520 0.185071 0.251599 0.186953
0 0.372621 0.199964 0.371797 0.206009 0.368970 0.210485 0.366026 0.214646 0.364731 0.218571 0.359784 0.222576 0.357311 0.223989 0.354131 0.224303 0.349892 0.223753 0.347065 0.222890 0.341295 0.222811 0.332815 0.219592 0.327869 0.216295 0.321980 0.211976 0.322334 0.207580 0.325042 0.200199 0.330460 0.194704 0.343297 0.190307 0.357900 0.190228 0.365202 0.192348 0.369559 0.195567
2 0.362665 0.275893 0.367480 0.280020 0.373212 0.290413 0.373212 0.292859 0.381695 0.296374 0.389719 0.302030 0.392471 0.305240 0.392700 0.307838 0.392929 0.318538 0.395910 0.322053 0.396139 0.327097 0.395910 0.335351 0.392929 0.339936 0.387427 0.345898 0.378714 0.350789 0.369543 0.352164 0.362894 0.350636 0.360602 0.347120 0.358080 0.340854 0.354411 0.344828 0.348909 0.350024 0.338591 0.353693 0.326669 0.353693 0.315664 0.351553 0.306034 0.345898 0.301908 0.342076 0.302366 0.339631 0.295259 0.335504 0.288151 0.330613 0.283795 0.323276 0.281961 0.315328 0.282649 0.309214 0.286088 0.303558 0.291820 0.298056 0.299386 0.295610 0.303742 0.294235 0.313142 0.293012 0.320479 0.292553 0.328045 0.294540 0.331713 0.297292 0.332860 0.291330 0.336299 0.284299 0.339967 0.278338 0.343406 0.274976 0.348679 0.273447 0.353494 0.273294 0.358538 0.273753
2 0.486535 0.321674 0.492638 0.315571 0.496262 0.312392 0.500648 0.310993 0.511329 0.307052 0.521437 0.305780 0.531736 0.309468 0.536504 0.314299 0.539556 0.319894 0.539747 0.324344 0.546613 0.324471 0.559200 0.326887 0.572551 0.332736 0.576938 0.339856 0.576556 0.344433 0.573695 0.347612 0.562061 0.355877 0.550236 0.363760 0.545468 0.368465 0.536314 0.371770 0.517051 0.375076 0.510566 0.374313 0.502556 0.372915 0.498932 0.373042 0.489396 0.372406 0.480241 0.372788 0.475282 0.373169 0.462122 0.371008 0.450488 0.366812 0.441143 0.362616 0.439998 0.361726 0.433323 0.348375 0.436375 0.346722 0.432370 0.343798 0.427220 0.324217 0.431988 0.320784 0.439426 0.318114 0.452395 0.317224 0.468035 0.317224 0.478906 0.318368 0.484246 0.320657
2 0.435824 0.238719 0.438751 0.233220 0.443274 0.228963 0.450192 0.223464 0.455779 0.221158 0.462165 0.220626 0.469349 0.220981 0.481056 0.223641 0.489038 0.229140 0.496488 0.238186 0.496488 0.246346 0.503672 0.243685 0.517241 0.245814 0.534270 0.251845 0.545711 0.258053 0.552363 0.269583 0.551831 0.272244 0.550234 0.276146 0.536398 0.286966 0.534802 0.292287 0.534536 0.296190 0.528948 0.300447 0.517241 0.304704 0.505800 0.305946 0.493827 0.305768 0.480524 0.303817 0.474404 0.302576 0.469083 0.306123 0.464825 0.306833 0.458440 0.304882 0.448329 0.303108 0.438484 0.301511 0.428906 0.299737 0.417465 0.297786 0.408418 0.295126 0.396179 0.290336 0.393519 0.286257 0.392986 0.281467 0.389261 0.277565 0.381545 0.268696 0.379151 0.263020 0.379151 0.257521 0.379417 0.253264 0.381811 0.250071 0.384206 0.247942 0.394051 0.243685 0.402299 0.241025 0.410015 0.239428 0.421988 0.238719 0.430236 0.238541
2 0.386335 0.219562 0.388197 0.213176 0.392720 0.205903 0.395647 0.202001 0.400968 0.199518 0.409217 0.199695 0.419860 0.203775 0.425447 0.209983 0.426777 0.216723 0.432099 0.219207 0.439549 0.221513 0.441411 0.224706 0.442476 0.228431 0.438751 0.232333 0.435824 0.238896 0.427576 0.238186 0.406290 0.239960 0.390592 0.244572 0.381279 0.249716 0.378619 0.257344 0.372765 0.273308 0.365049 0.273308 0.354938 0.270115 0.345892 0.266567 0.339240 0.261778 0.341103 0.257344 0.332854 0.247233 0.330460 0.242266 0.330460 0.236413 0.331258 0.232865 0.335781 0.227898 0.338974 0.225060 0.344828 0.222754 0.350415 0.224706 0.354938 0.224528 0.361324 0.221867 0.364517 0.219384 0.366911 0.216723 0.368508 0.216191 0.371435 0.216014 0.374095 0.215837 0.382344 0.216546
1 0.623780 0.572517 0.625813 0.563571 0.622560 0.539444 0.617681 0.526702 0.611581 0.512877 0.603042 0.497154 0.590436 0.477635 0.577830 0.463267 0.559532 0.450255 0.540826 0.440496 0.519681 0.435616 0.507482 0.435616 0.500163 0.444833 0.483897 0.447273 0.469665 0.454863 0.460719 0.463809 0.448520 0.478719 0.442014 0.492274 0.437947 0.512335 0.436727 0.529956 0.444453 0.552727 0.457872 0.573330 0.478611 0.591222 0.500163 0.604234 0.510329 0.605861 0.515208 0.597999 0.521714 0.593933 0.531880 0.593662 0.535540 0.593933 0.542046 0.591493 0.547739 0.586614 0.550992 0.583903 0.558718 0.580378 0.564005 0.579023 0.570511 0.578210 0.579863 0.577396 0.589623 0.576312 0.602635 0.574686 0.607515 0.573601 0.615647 0.572517
1 0.594909 0.649507 0.609141 0.641103 0.690062 0.627819 0.753904 0.618331 0.840111 0.612096 0.922251 0.606945 0.949089 0.604777 0.981620 0.606403 0.990159 0.611825 0.993006 0.607488 0.991786 0.603150 0.982433 0.595017 0.962101 0.592035 0.918185 0.590951 0.837264 0.596102 0.756750 0.595831 0.706327 0.599355 0.672576 0.603421 0.661191 0.608030 0.597755 0.615078 0.580270 0.618602 0.586370 0.634868
1 0.625407 0.573872 0.631506 0.571161 0.641672 0.568993 0.648178 0.568993 0.650211 0.570077 0.638012 0.579294 0.621747 0.587698 0.615241 0.597186 0.609548 0.611554 0.579050 0.619144 0.582303 0.605319 0.579863 0.603963 0.566444 0.599355 0.562378 0.590680 0.563191 0.581192 0.572137 0.578481 0.587183 0.575499 0.616054 0.572517 0.623373 0.571432
1 0.557498 0.648693 0.558312 0.640018 0.556685 0.626193 0.552212 0.620771 0.540826 0.618060 0.529847 0.617518 0.502196 0.616705 0.450553 0.617789 0.405823 0.619144 0.439574 0.626735 0.513175 0.638934
0 0.348517 0.388941 0.345604 0.389458 0.346187 0.394248 0.352594 0.399296 0.357254 0.400849 0.359778 0.400461 0.365020 0.398001 0.366962 0.396319 0.367933 0.393342 0.367544 0.391012 0.366185 0.388811 0.364244 0.387129 0.361331 0.385964 0.361137 0.385316 0.356089 0.384410 0.354147 0.385316 0.351041 0.385705
0 0.349099 0.371725 0.350652 0.376514 0.349876 0.378585 0.346769 0.379750 0.343274 0.380009 0.339779 0.380009 0.337644 0.380009 0.335314 0.378715 0.332596 0.377291 0.332013 0.375349 0.332013 0.372890 0.332401 0.371466 0.336479 0.370172 0.341333 0.369913 0.346769 0.369913