0 0.660738 0.165039 0.664966 0.165948 0.668649 0.167858 0.667149 0.170768 0.664693 0.174678 0.661829 0.177770 0.658828 0.178316 0.655145 0.178588 0.650917 0.176770 0.650371 0.175133 0.648871 0.170950 0.651189 0.168404 0.655009 0.165948 0.657873 0.165130
0 0.694428 0.172585 0.698132 0.176974 0.698595 0.178929 0.697926 0.179923 0.692422 0.181604 0.688256 0.181604 0.686147 0.180575 0.684038 0.175706 0.685993 0.173408 0.690005 0.171934 0.691754 0.171865
0 0.720918 0.170116 0.721638 0.173580 0.720609 0.175226 0.715929 0.176700 0.711299 0.176014 0.709448 0.173991 0.709088 0.172311 0.710168 0.170768 0.711248 0.169773 0.714746 0.168710 0.716237 0.168608 0.718861 0.168950
0 0.721484 0.164184 0.724930 0.164013 0.727708 0.164836 0.726885 0.166241 0.723438 0.168813 0.720301 0.168642 0.720712 0.166790
0 0.654344 0.199050 0.657742 0.199989 0.659483 0.201370 0.661058 0.203912 0.662052 0.206344 0.661141 0.208665 0.659814 0.210157 0.656664 0.211981 0.652188 0.213528 0.648210 0.213970 0.645557 0.213859 0.642822 0.212865 0.641412 0.212036 0.636273 0.208665 0.636273 0.207615 0.639340 0.204852 0.642822 0.201813 0.646718 0.199326 0.650199 0.198552
0 0.578581 0.208610 0.582974 0.213086 0.586538 0.216567 0.593501 0.219551 0.598972 0.218501 0.606515 0.208333 0.602951 0.205570 0.597729 0.203139 0.593004 0.202255 0.586870 0.202863 0.581648 0.205681
0 0.561340 0.220878 0.559101 0.225298 0.558355 0.227840 0.561920 0.231764 0.567308 0.235245 0.572861 0.236958 0.577586 0.236903 0.584300 0.235687 0.588362 0.233035 0.590351 0.229443 0.590849 0.227288 0.586124 0.221375 0.580405 0.217838 0.575348 0.217175 0.568634 0.217507 0.564572 0.218557
0 0.553050 0.246076 0.553050 0.249779 0.552056 0.252708 0.550647 0.253647 0.551144 0.257792 0.554625 0.262710 0.559184 0.265915 0.565153 0.265528 0.570458 0.265197 0.575431 0.262378 0.580819 0.262213 0.588362 0.260057 0.593750 0.256244 0.596154 0.254587 0.598641 0.253592 0.598641 0.250829 0.597397 0.245248 0.595159 0.240882 0.591263 0.236627 0.586124 0.234693 0.584798 0.235632 0.577586 0.236572 0.572779 0.236848 0.567308 0.235687 0.558853 0.238395 0.556366 0.241435
1 0.458016 0.613245 0.474250 0.605128 0.495522 0.592999 0.512175 0.582176 0.527290 0.572194 0.537646 0.564823 0.545902 0.559598 0.550661 0.559412 0.551780 0.560811 0.547582 0.564916 0.538205 0.573500 0.523371 0.585069 0.503639 0.598504 0.468792 0.620895
1 0.156910 0.580159 0.157953 0.578189 0.161603 0.577030 0.173248 0.576798 0.187326 0.577262 0.201057 0.579579 0.228518 0.583171 0.263279 0.587342 0.314029 0.592557 0.341317 0.593599 0.363564 0.594526 0.389982 0.593484 0.402496 0.593136 0.401279 0.588617 0.394327 0.586184 0.377642 0.577494 0.312987 0.573670 0.274750 0.570310 0.225737 0.569499 0.182460 0.567760 0.169772 0.569614 0.163341 0.573322 0.155868 0.578073
1 0.419391 0.568928 0.411554 0.562864 0.400498 0.558759 0.383425 0.553721 0.365512 0.551761 0.347319 0.552694 0.337802 0.556053 0.328566 0.560811 0.329126 0.561278 0.332904 0.560158 0.338222 0.560438 0.368590 0.572567 0.379506 0.578351 0.401898 0.588054 0.414773 0.575926
0 0.383370 0.437847 0.387922 0.438466 0.392892 0.440107 0.394564 0.441965 0.394796 0.444504 0.394517 0.446114 0.392892 0.447910 0.391034 0.448994 0.385646 0.448251 0.382116 0.446951 0.380537 0.444907 0.380304 0.442461 0.380583 0.441098 0.380629 0.440603 0.381094 0.439891 0.381698 0.439116 0.382627 0.438249 0.382859 0.438033
0 0.410852 0.412584 0.413733 0.413825 0.415414 0.416387 0.414093 0.419028 0.412592 0.421749 0.410491 0.422990 0.408150 0.423070 0.405989 0.422510 0.404008 0.422150 0.401546 0.421389 0.400586 0.420469 0.399685 0.419268 0.399685 0.418628 0.400166 0.417707 0.400946 0.416186 0.401126 0.414666 0.401907 0.413145 0.403347 0.412304 0.404848 0.412064 0.407190 0.411984 0.409771 0.412224
0 0.386209 0.409987 0.385637 0.408215 0.383674 0.407015 0.381956 0.406743 0.380361 0.406825 0.378276 0.407015 0.377417 0.407261 0.375577 0.407970 0.374513 0.408569 0.373982 0.409224 0.373818 0.409742 0.373900 0.410178 0.374350 0.410696 0.374595 0.411214 0.374922 0.412168 0.375454 0.412904 0.376313 0.413777 0.377376 0.414322 0.379012 0.415085 0.380320 0.415494 0.383142 0.415413 0.383878 0.414976 0.383633 0.413613 0.382938 0.413231 0.382938 0.412359 0.383428 0.411269 0.384042 0.410832 0.385228 0.410396 0.385800 0.410396
2 0.475266 0.217735 0.479605 0.216867 0.485825 0.215903 0.491611 0.216289 0.498120 0.217060 0.505352 0.218507 0.508823 0.220242 0.512584 0.223232 0.512873 0.225739 0.512873 0.227571 0.511427 0.230271 0.509691 0.234417 0.508968 0.235960 0.511282 0.239528 0.510993 0.242035 0.509112 0.246085 0.504050 0.250039 0.496963 0.253510 0.492768 0.248592 0.486838 0.252256 0.479316 0.259296 0.467022 0.257656 0.462827 0.259103 0.457475 0.263346 0.451545 0.264792 0.444747 0.265660 0.433609 0.265756 0.424063 0.264985 0.420736 0.263731 0.415529 0.261803 0.413359 0.260839 0.412347 0.259103 0.412347 0.256789 0.413938 0.253703 0.413938 0.252160 0.412202 0.251485 0.406995 0.247917 0.400631 0.243674 0.399474 0.240878 0.400920 0.238178 0.407140 0.231814 0.417120 0.227378 0.426377 0.225064 0.434188 0.224967 0.435489 0.221592 0.438382 0.216578 0.443156 0.212335 0.449375 0.210117 0.461959 0.209828 0.469625 0.212624 0.473530 0.215807
2 0.492345 0.281139 0.486400 0.274450 0.479712 0.267762 0.477854 0.263426 0.478783 0.258844 0.493460 0.248439 0.497548 0.255376 0.500334 0.262931 0.503121 0.256862 0.505351 0.254632 0.507766 0.252403 0.512597 0.250917 0.518170 0.252155 0.523001 0.255004 0.526902 0.259835 0.530061 0.264665 0.530247 0.269991 0.530247 0.282129 0.525602 0.287208 0.521700 0.295135 0.529132 0.293153 0.534706 0.292781 0.538050 0.294639 0.549197 0.289189 0.547339 0.293277 0.545667 0.294268 0.544924 0.296126 0.543252 0.298851 0.538793 0.301452 0.535635 0.302690 0.530061 0.302938 0.515198 0.301204 0.509810 0.300213 0.512597 0.306654 0.510181 0.307149 0.509996 0.308883 0.508509 0.310246 0.504979 0.310370 0.499777 0.307769 0.493832 0.305167 0.491788 0.302443 0.489559 0.296993 0.488630 0.293525 0.489559 0.290056 0.490302 0.285350 0.490859 0.283368
1 0.410136 0.561825 0.459444 0.488898 0.465321 0.469523 0.472505 0.452978 0.479692 0.443081 0.483173 0.440429 0.489887 0.437334 0.498508 0.436450 0.503200 0.436651 0.509698 0.437334 0.516247 0.439379 0.519397 0.440595 0.517894 0.442093 0.527691 0.440134 0.533568 0.441440 0.524619 0.451426 0.492751 0.476924 0.465321 0.502395 0.459444 0.518504 0.451933 0.541362 0.437565 0.562696 0.429075 0.575758 0.419932 0.569227
1 0.431361 0.578805 0.455525 0.553770 0.481322 0.519157 0.494710 0.498476 0.512996 0.478884 0.528997 0.466475 0.546630 0.454067 0.558386 0.447536 0.569161 0.444923 0.578631 0.444923 0.589734 0.443835 0.585815 0.450801 0.573080 0.464951 0.548589 0.488027 0.523119 0.502177 0.501894 0.520246 0.469566 0.555730 0.440178 0.587295 0.432014 0.584465
2 0.471025 0.286239 0.467912 0.279693 0.463841 0.271073 0.459531 0.266284 0.454502 0.265645 0.449713 0.266124 0.445402 0.270594 0.441571 0.277618 0.438218 0.280651 0.438218 0.289432 0.438697 0.293263 0.438697 0.296935 0.437739 0.300926 0.438458 0.306992 0.442289 0.313059 0.447557 0.318167 0.454741 0.320722 0.457615 0.320881 0.460489 0.320243 0.458333 0.317369 0.467912 0.323276 0.481322 0.324872 0.491379 0.322957 0.495450 0.319604 0.497845 0.316252 0.504789 0.310185 0.493056 0.304438 0.487548 0.294221 0.489464 0.285281 0.483238 0.282886 0.478688 0.282886 0.475814 0.283206 0.472462 0.284004
2 0.408525 0.359674 0.401580 0.365581 0.392002 0.369253 0.378592 0.371169 0.369492 0.370370 0.362548 0.369732 0.359435 0.368455 0.361830 0.366220 0.352490 0.361750 0.346025 0.357759 0.343870 0.353448 0.343870 0.349617 0.345067 0.345785 0.350814 0.341315 0.354646 0.338282 0.360153 0.335249 0.364703 0.332535 0.369732 0.331258 0.379310 0.330460 0.386015 0.332375 0.388889 0.324393 0.390805 0.320243 0.394397 0.315453 0.398228 0.313218 0.401820 0.311143 0.405651 0.310185 0.407807 0.310185 0.411638 0.311303 0.415709 0.312899 0.417625 0.313538 0.421695 0.314655 0.427682 0.315294 0.430077 0.315932 0.434866 0.318327 0.437021 0.319604 0.437021 0.322637 0.436782 0.325990 0.435584 0.329023 0.435345 0.332535 0.436063 0.334610 0.438697 0.341315 0.436303 0.346903 0.429598 0.352011 0.425766 0.356003 0.422893 0.358238 0.416188 0.361271 0.412835 0.361430
0 0.548459 0.323573 0.550372 0.323573 0.552158 0.326124 0.553178 0.325529 0.555091 0.323658 0.554581 0.322043 0.553433 0.321873 0.551520 0.322298 0.549990 0.322808
0 0.511605 0.368037 0.504973 0.365997 0.502806 0.365232 0.501275 0.362766 0.502423 0.359876 0.505866 0.356050 0.509947 0.354775 0.514410 0.356135 0.518874 0.359620 0.519639 0.361576 0.519639 0.363531 0.518491 0.364466 0.515686 0.366082
0 0.547949 0.339557 0.552923 0.340322 0.557131 0.338791 0.559554 0.337006 0.559554 0.334626 0.557641 0.332330 0.553816 0.332415 0.549735 0.333350 0.548332 0.335051 0.547312 0.336411 0.546929 0.338196
0 0.526908 0.343892 0.526908 0.346528 0.528566 0.348398 0.530734 0.349078 0.537237 0.349248 0.540425 0.348483 0.542976 0.346273 0.543741 0.343722 0.543486 0.340577 0.540043 0.339642 0.538640 0.339216 0.535452 0.339046 0.533284 0.339131 0.531754 0.339897 0.529203 0.341597 0.527545 0.342957