1 0.589871 0.790805 0.587716 0.790230 0.579310 0.792960 0.576078 0.795833 0.571983 0.796121 0.564224 0.799282 0.555819 0.794684 0.552802 0.789655 0.544612 0.785489 0.540948 0.785057 0.529095 0.789511 0.525216 0.789799 0.501509 0.798707 0.490733 0.805029 0.486207 0.806322 0.483190 0.810345 0.478233 0.811925 0.462716 0.822701 0.445905 0.837787 0.425216 0.861207 0.409698 0.884626 0.394397 0.916379 0.387931 0.942385 0.384914 0.969828 0.389009 0.999856 0.575431 0.999856 0.575431 0.997989 0.580172 0.991810 0.590733 0.982040 0.596983 0.971552 0.601509 0.968103 0.618534 0.939368 0.624784 0.920115 0.629095 0.889511 0.627371 0.858477 0.618966 0.830172 0.611422 0.814224
1 0.716595 0.498994 0.712716 0.498994 0.705172 0.501437 0.701078 0.504454 0.685560 0.506034 0.665948 0.509914 0.654741 0.514655 0.643966 0.517529 0.629095 0.525287 0.623060 0.531034 0.616595 0.532902 0.595474 0.548851 0.574353 0.572126 0.540948 0.620833 0.532974 0.634770 0.527371 0.649282 0.525431 0.650718 0.516595 0.681466 0.515517 0.701006 0.517457 0.704310 0.529310 0.701293 0.541595 0.700287 0.576078 0.705747 0.579957 0.708190 0.591595 0.711351 0.615086 0.720833 0.634914 0.733190 0.639440 0.734770 0.650431 0.742960 0.653448 0.743534 0.658190 0.741092 0.661853 0.740661 0.663362 0.738506 0.670474 0.735057 0.678017 0.729454 0.688793 0.718822 0.693319 0.716667 0.701293 0.709770 0.704741 0.704023 0.709698 0.702155 0.712500 0.698420 0.716595 0.695977 0.721834 0.691141 0.725216 0.687213 0.732328 0.679885 0.736697 0.674296 0.740302 0.670833 0.747845 0.657451 0.751724 0.650431 0.751724 0.643391 0.755276 0.640606 0.762931 0.622845 0.765086 0.589799 0.763578 0.568966 0.760129 0.555603 0.755819 0.544684 0.752802 0.541810 0.751940 0.536638 0.739009 0.517529 0.722414 0.501868
1 0.432974 0.724425 0.439655 0.727586 0.456466 0.731609 0.462931 0.735632 0.473491 0.739511 0.481681 0.743822 0.491379 0.750431 0.497845 0.752874 0.501078 0.757184 0.511422 0.762931 0.515302 0.765948 0.519612 0.767385 0.522845 0.769684 0.524569 0.772126 0.528879 0.773420 0.530819 0.775575 0.540948 0.782184 0.544828 0.782328 0.547629 0.784483 0.551940 0.785489 0.561853 0.784483 0.566164 0.782902 0.590517 0.777443 0.595259 0.775000 0.603664 0.772557 0.620905 0.769253 0.626940 0.766667 0.634483 0.765517 0.639224 0.763218 0.662069 0.758477 0.666595 0.755891 0.664009 0.752155 0.657112 0.748276 0.655819 0.746264 0.627802 0.728305 0.612500 0.720402 0.599784 0.714655 0.583190 0.708908 0.571983 0.706034 0.568319 0.704454 0.551940 0.701149 0.544181 0.700431 0.532112 0.700862 0.525862 0.702586 0.520474 0.705316 0.497845 0.711207 0.482759 0.712787 0.476293 0.712787 0.470690 0.714368 0.465302 0.716810 0.454957 0.716523 0.451293 0.717529 0.447198 0.717672 0.437284 0.720546
1 0.763578 0.620402 0.757759 0.637787 0.748491 0.658333 0.736422 0.675431 0.723276 0.689655 0.683621 0.724713 0.674353 0.732184 0.656897 0.743966 0.660129 0.748563 0.667026 0.753879 0.668319 0.758046 0.663177 0.758855 0.658190 0.759770 0.657543 0.761782 0.654310 0.761925 0.647783 0.761787 0.638578 0.764943 0.630819 0.767098 0.626078 0.767529 0.620074 0.770877 0.614440 0.771408 0.598962 0.773223 0.589726 0.779967 0.590605 0.785245 0.615302 0.781897 0.620259 0.781034 0.628233 0.781466 0.640086 0.780172 0.654095 0.777586 0.662931 0.775287 0.666379 0.773420 0.670474 0.772845 0.673707 0.770546 0.685169 0.767945 0.689440 0.764511 0.693319 0.763506 0.696767 0.760632 0.702371 0.757759 0.704957 0.754598 0.708480 0.755630 0.709698 0.751724 0.714871 0.750287 0.725000 0.741236 0.728233 0.736925 0.731466 0.734770 0.735991 0.728448 0.744828 0.719109 0.750431 0.709914 0.767457 0.675718 0.771983 0.661494 0.774138 0.650862 0.773276 0.634770 0.769612 0.625144 0.767457 0.622126
0 0.473377 0.232759 0.470081 0.227688 0.471602 0.222448 0.474391 0.217715 0.478955 0.213827 0.484026 0.211799 0.491379 0.211799 0.497211 0.211799 0.504564 0.214841 0.507099 0.218222 0.508367 0.222110 0.507353 0.225828 0.506085 0.228702 0.501014 0.233097 0.493661 0.237153 0.487830 0.238506 0.483266 0.237830
0 0.383621 0.279243 0.391481 0.280088 0.402130 0.280088 0.407201 0.277214 0.408469 0.275524 0.409736 0.271636 0.410751 0.266227 0.409990 0.261156 0.407201 0.257437 0.405172 0.254902 0.398327 0.254902 0.388945 0.254395 0.382606 0.255578 0.379817 0.258283 0.377535 0.261663 0.374239 0.267072 0.374239 0.271636
0 0.452586 0.250169 0.461714 0.247972 0.467039 0.250000 0.475152 0.256930 0.475406 0.262339 0.474138 0.266903 0.471349 0.269439 0.466024 0.273665 0.461714 0.275862 0.454361 0.278059 0.445994 0.279581 0.441937 0.279919 0.436613 0.276876 0.438387 0.274510 0.445233 0.262001
0 0.470905 0.138649 0.467672 0.136494 0.471983 0.128951 0.477371 0.124282 0.483567 0.123922 0.491110 0.123922 0.494073 0.124641 0.494881 0.126976 0.494881 0.130927 0.494343 0.135596 0.487069 0.140445 0.484644 0.141523 0.478448 0.141523
0 0.505066 0.138152 0.500921 0.136801 0.497974 0.133731 0.497513 0.130600 0.499171 0.127837 0.502487 0.124767 0.505894 0.123293 0.510960 0.122433 0.514184 0.125135 0.517131 0.129188 0.515473 0.131766 0.513723 0.133854 0.508934 0.138091
0 0.462346 0.187772 0.460117 0.184387 0.460117 0.180258 0.463585 0.174808 0.465815 0.171423 0.470026 0.170927 0.478324 0.171423 0.485137 0.171918 0.490710 0.173900 0.490710 0.175964 0.490710 0.179185 0.488605 0.182570 0.486004 0.186286 0.479191 0.190745 0.476590 0.191571 0.473370 0.190993
0 0.332002 0.428371 0.329689 0.426269 0.327691 0.422344 0.327691 0.418629 0.329689 0.416807 0.334735 0.415615 0.339676 0.415615 0.340938 0.416176 0.341253 0.426058 0.340728 0.427881 0.337994 0.428652
0 0.483441 0.431391 0.478479 0.429479 0.476309 0.426430 0.476154 0.421313 0.481193 0.416765 0.486619 0.416506 0.491038 0.417385 0.492899 0.418677 0.495690 0.418625 0.497395 0.419762 0.497395 0.421468 0.496930 0.423690 0.496310 0.425809 0.494217 0.428032 0.491271 0.429944 0.487782 0.430926 0.484836 0.431598
0 0.521538 0.388338 0.518558 0.385288 0.518281 0.382008 0.521261 0.379329 0.525280 0.378728 0.529022 0.378728 0.530824 0.379652 0.531655 0.381546 0.531794 0.383856 0.531725 0.386259 0.530616 0.388199 0.527498 0.389585 0.524379 0.389677
2 0.411403 0.284625 0.413324 0.288039 0.430608 0.308524 0.435089 0.317202 0.434235 0.323034 0.430394 0.328013 0.431675 0.329009 0.436369 0.326306 0.443837 0.324599 0.451093 0.323603 0.453867 0.324883 0.454080 0.328440 0.455574 0.331000 0.457707 0.332138 0.461548 0.334699 0.464109 0.333134 0.472004 0.333419 0.476058 0.333419 0.478832 0.333419 0.489715 0.324457 0.493342 0.323745 0.492916 0.329293 0.498464 0.329293 0.500171 0.332138 0.499317 0.336264 0.496116 0.343092 0.492489 0.348498 0.487794 0.353619 0.492489 0.361870 0.488221 0.364430 0.473498 0.368698 0.462615 0.368414 0.463896 0.370974 0.492062 0.380505 0.486728 0.381074 0.477339 0.381074 0.469230 0.381074 0.462829 0.378940 0.456640 0.376664 0.450026 0.374104 0.446185 0.372539 0.438076 0.367987 0.430821 0.362154 0.424846 0.355753 0.420792 0.349636 0.415884 0.345226 0.409269 0.338682 0.399454 0.335695 0.390278 0.326306 0.386011 0.321611 0.384517 0.316633 0.382383 0.313361 0.383023 0.303545 0.386864 0.298282 0.391132 0.297713 0.397107 0.303118 0.397960 0.304541 0.397533 0.298424 0.399027 0.294441 0.402014 0.290315 0.405002 0.285905 0.408629 0.284341
2 0.352712 0.384415 0.349208 0.378808 0.346229 0.376238 0.340272 0.372617 0.335541 0.368061 0.331336 0.362221 0.330109 0.360702 0.323626 0.358833 0.308908 0.351591 0.305754 0.349839 0.300147 0.343181 0.300147 0.339209 0.298921 0.336990 0.298921 0.334770 0.298921 0.331850 0.299797 0.329630 0.302075 0.324841 0.306280 0.320519 0.309434 0.320986 0.316618 0.327061 0.323802 0.336289 0.325729 0.337457 0.327481 0.333252 0.328708 0.331383 0.331161 0.331149 0.335892 0.331383 0.342024 0.333836 0.344652 0.334887 0.353238 0.334887 0.382675 0.343648 0.390384 0.347619 0.394414 0.352759 0.384602 0.391424 0.384076 0.394344 0.380572 0.394811 0.375140 0.394227 0.370760 0.392358 0.365328 0.391307 0.358670 0.388270
0 0.528240 0.077537 0.533442 0.085546 0.536415 0.083482 0.537654 0.080014 0.537777 0.077950 0.535796 0.075555 0.533318 0.075555 0.530717 0.076876