1 0.515086 0.741236 0.514871 0.746695 0.516595 0.750144 0.518189 0.753258 0.521983 0.755891 0.530603 0.763218 0.548922 0.774856 0.559914 0.779454 0.571983 0.783190 0.607328 0.790661 0.627586 0.795833 0.638578 0.797270 0.658190 0.802586 0.670043 0.804454 0.679310 0.806897 0.702155 0.811063 0.716810 0.812356 0.720474 0.813506 0.724569 0.813506 0.735776 0.815805 0.740302 0.815948 0.752155 0.819109 0.763793 0.820402 0.778879 0.823276 0.789440 0.821121 0.794828 0.817098 0.796983 0.811494 0.796336 0.805603 0.790086 0.798851 0.778233 0.790948 0.762284 0.783046 0.754310 0.780316 0.731897 0.767241 0.706250 0.755172 0.657543 0.737644 0.654095 0.735632 0.630819 0.728448 0.604957 0.724138 0.588147 0.724282 0.564655 0.727299 0.546552 0.731178 0.540733 0.733477 0.539224 0.735920 0.540517 0.740086 0.537069 0.741523 0.532543 0.741810 0.517457 0.739943
0 0.614343 0.189588 0.614019 0.188581 0.615026 0.187405 0.616178 0.186302 0.618804 0.185318 0.620064 0.185246 0.623194 0.185246 0.624057 0.185558 0.625497 0.186446 0.626360 0.187405 0.626576 0.188844 0.626000 0.190476 0.624957 0.192035 0.624093 0.192778 0.622078 0.193330 0.619020 0.193330 0.617329 0.193042 0.616789 0.192322 0.616430 0.191411 0.615854 0.190380 0.614847 0.189780
0 0.602417 0.206307 0.605869 0.206716 0.608633 0.207807 0.611535 0.211465 0.612087 0.211956 0.613285 0.211465 0.615403 0.210974 0.616600 0.209623 0.617245 0.207904 0.617798 0.205939 0.617337 0.205263 0.615311 0.204588 0.614206 0.204219 0.611811 0.203667 0.608219 0.203421 0.606009 0.203237 0.605732 0.203544
0 0.563009 0.191034 0.566404 0.191685 0.567793 0.192371 0.569696 0.195594 0.570930 0.199229 0.570365 0.201561 0.569284 0.203035 0.567433 0.204133 0.565838 0.204407 0.562289 0.204030 0.558637 0.203721 0.556991 0.203344 0.554934 0.202452 0.553545 0.201184 0.552928 0.199949 0.552516 0.198646 0.552516 0.197583 0.552516 0.196074 0.552825 0.194977 0.553648 0.193468 0.554574 0.192542 0.556117 0.191685 0.558329 0.191137 0.560952 0.190828 0.562032 0.190828
2 0.552228 0.273460 0.550733 0.275086 0.549081 0.277655 0.549353 0.279310 0.549317 0.281536 0.550647 0.286494 0.549160 0.291237 0.550890 0.296271 0.555059 0.300833 0.557104 0.302563 0.559779 0.305080 0.562374 0.306129 0.564105 0.307073 0.566150 0.308174 0.568195 0.309013 0.570948 0.310324 0.573779 0.311373 0.577869 0.313260 0.584555 0.312684 0.587859 0.311740 0.591810 0.311351 0.593750 0.312069 0.595905 0.314224 0.599569 0.316379 0.605388 0.318391 0.607759 0.318822 0.623707 0.319540 0.631250 0.319109 0.634914 0.318534 0.638147 0.318534 0.639224 0.318247 0.640517 0.317098 0.642672 0.316379 0.645905 0.314224 0.647198 0.310345 0.648276 0.308908 0.654310 0.304885 0.656466 0.302586 0.656897 0.298707 0.656034 0.295115 0.652586 0.290948 0.647629 0.287787 0.646767 0.286782 0.639871 0.283190 0.634698 0.282040 0.628602 0.280644 0.623276 0.280891 0.622414 0.280029 0.621767 0.275287 0.619181 0.269828 0.614871 0.265805 0.609483 0.263506 0.604095 0.262644 0.598276 0.262931 0.595259 0.263649 0.589009 0.267241 0.587931 0.268678 0.584267 0.270546 0.579128 0.269056 0.576532 0.268898 0.573543 0.268741 0.569139 0.268689 0.564440 0.269397 0.558405 0.270977
0 0.581431 0.259527 0.580576 0.257896 0.582091 0.256317 0.585275 0.255877 0.587799 0.255877 0.588925 0.256576 0.589391 0.257585 0.589430 0.258439 0.588614 0.259760 0.587372 0.260744 0.586712 0.260951 0.585197 0.260718 0.583023 0.260019
0 0.562209 0.269675 0.562248 0.268173 0.562908 0.267293 0.563684 0.266335 0.564733 0.265714 0.565509 0.265610 0.567723 0.265559 0.568694 0.265636 0.570363 0.265921 0.571528 0.266232 0.571839 0.266982 0.571800 0.267863 0.571490 0.268329 0.570985 0.268484 0.569703 0.268639 0.567878 0.268898 0.566403 0.269183 0.564578 0.269468
0 0.577338 0.244805 0.577586 0.241766 0.577669 0.240661 0.580156 0.238119 0.584466 0.236130 0.588942 0.235245 0.593916 0.234803 0.599884 0.235356 0.604277 0.236516 0.606847 0.238506 0.608173 0.241766 0.609085 0.245082 0.609085 0.247126 0.607013 0.249337 0.605189 0.250829 0.602122 0.252266 0.596734 0.253537 0.591346 0.254697 0.588528 0.255139 0.585295 0.255360 0.582560 0.255305 0.580487 0.255139 0.578664 0.254697 0.577255 0.253758 0.576094 0.252542 0.574851 0.251216 0.575845 0.248508
0 0.517631 0.222438 0.522370 0.223566 0.525247 0.223867 0.528181 0.226387 0.531961 0.230336 0.533823 0.233233 0.533541 0.235226 0.532017 0.236392 0.531679 0.236919 0.531340 0.237558 0.523837 0.238686 0.515600 0.239627 0.513230 0.238573 0.509168 0.237257 0.506460 0.235564 0.505783 0.233609 0.505219 0.231578 0.505219 0.229659 0.505444 0.228418 0.506516 0.227027 0.507475 0.225823 0.508829 0.224619 0.509901 0.223867 0.512553 0.222889 0.514979 0.222325
0 0.611567 0.211794 0.610833 0.215705 0.609310 0.219053 0.605925 0.220557 0.602371 0.221460 0.599155 0.221836 0.595488 0.222325 0.591990 0.221723 0.589846 0.221159 0.587928 0.219880 0.587533 0.218940 0.588830 0.213261 0.589451 0.211342 0.591087 0.208672 0.593287 0.206866 0.600452 0.206152 0.602653 0.206453 0.605981 0.206942 0.608633 0.207995 0.611003 0.210327
0 0.540007 0.260355 0.543227 0.260768 0.553755 0.267291 0.554870 0.270016 0.553012 0.273401 0.548306 0.277943 0.539264 0.280090 0.537282 0.280007 0.529850 0.278356 0.529231 0.276209 0.532823 0.272906 0.538644 0.263080 0.538521 0.260850
2 0.525639 0.243262 0.530470 0.245491 0.539016 0.252097 0.540379 0.256309 0.538644 0.260437 0.538644 0.262584 0.536167 0.267456 0.531956 0.273814 0.529355 0.276457 0.530594 0.280338 0.530346 0.284384 0.529355 0.290246 0.528240 0.295283 0.527373 0.300238 0.525144 0.303706 0.521180 0.305605 0.516845 0.307174 0.513996 0.307587 0.509290 0.307917 0.503840 0.307009 0.501734 0.305688 0.500248 0.304119 0.495789 0.303954 0.487862 0.304862 0.485261 0.304036 0.480802 0.301889 0.478201 0.300238 0.474732 0.294788 0.482040 0.295696 0.489348 0.299330 0.498018 0.301064 0.498142 0.298751 0.499505 0.297843 0.499752 0.296357 0.498142 0.292146 0.498142 0.289668 0.497647 0.283971 0.498142 0.280255 0.499257 0.277778 0.500000 0.275135 0.500743 0.272658 0.501486 0.271007 0.502849 0.268777 0.505326 0.265061 0.506936 0.263410 0.507803 0.262584 0.510404 0.260602 0.511767 0.260520 0.515235 0.262419 0.517588 0.265392 0.518703 0.261263 0.519322 0.259859 0.522419 0.263410 0.523286 0.261098 0.523657 0.257465 0.524772 0.253997 0.525020 0.250033 0.526135 0.246565
2 0.441372 0.333836 0.440847 0.329514 0.441898 0.322505 0.446278 0.315263 0.449783 0.312225 0.456091 0.310357 0.463625 0.310473 0.468356 0.312576 0.475364 0.316781 0.481847 0.324023 0.490959 0.324608 0.502874 0.326710 0.512861 0.330565 0.515489 0.334069 0.516365 0.337106 0.515664 0.342830 0.515139 0.345984 0.516891 0.350072 0.516891 0.353226 0.516891 0.357315 0.516541 0.360001 0.514613 0.362338 0.512511 0.364207 0.507429 0.366543 0.504275 0.367594 0.502698 0.367594 0.501297 0.367244 0.499369 0.367711 0.498493 0.368996 0.498143 0.369930 0.494814 0.370514 0.488155 0.371799 0.483775 0.370982 0.481147 0.369580 0.479920 0.368061 0.476941 0.364323 0.475715 0.367477 0.479044 0.368645 0.476416 0.370281 0.473262 0.371449 0.470634 0.372033 0.468881 0.372150 0.466779 0.372851 0.463274 0.374136 0.456266 0.375537 0.452411 0.376121 0.448206 0.376355 0.443650 0.376822 0.439445 0.376822 0.435765 0.376939 0.433312 0.376589 0.430509 0.375771 0.423851 0.374252 0.421923 0.373435 0.420171 0.371683 0.419470 0.369930 0.418244 0.368529 0.415090 0.366776 0.408782 0.363506 0.402299 0.357548 0.401248 0.353694 0.401072 0.349605 0.403350 0.345517 0.409833 0.340728 0.413162 0.337924 0.422274 0.334186 0.424902 0.333135 0.430158 0.333018 0.437868 0.333135
0 0.524563 0.403170 0.529715 0.405395 0.532182 0.408491 0.532037 0.411490 0.529352 0.413716 0.525216 0.414828 0.519919 0.413135 0.517597 0.411200 0.517307 0.409459 0.517307 0.408007 0.518323 0.406508 0.519484 0.405395 0.520862 0.404863 0.521806 0.404089 0.523112 0.403508 0.523692 0.403363
0 0.504479 0.367700 0.504424 0.370053 0.504316 0.372152 0.505944 0.372948 0.507953 0.372984 0.510342 0.372622 0.511862 0.371754 0.512024 0.370559 0.512296 0.368967 0.511753 0.368243 0.510342 0.367483 0.509147 0.367302 0.507736 0.367302 0.505619 0.367302
0 0.504261 0.377617 0.506053 0.377942 0.508550 0.377725 0.510124 0.378739 0.510124 0.380186 0.509690 0.381742 0.507899 0.383660 0.506867 0.384131 0.504153 0.383914 0.502307 0.383407 0.500950 0.382792 0.500081 0.381923 0.499701 0.380584 0.499593 0.379137 0.499701 0.377689 0.500516 0.377472 0.502144 0.377327 0.503447 0.377363
0 0.503013 0.383805 0.505619 0.386592 0.507464 0.390826 0.507030 0.391297 0.505239 0.391695 0.501384 0.391514 0.499810 0.391080 0.498236 0.389668 0.497964 0.388582 0.497910 0.387931 0.497910 0.386375 0.497910 0.385434 0.498344 0.384457 0.498996 0.383733 0.500081 0.383009 0.500570 0.383009 0.501710 0.383226 0.502470 0.383516
1 0.248491 0.564368 0.243103 0.571983 0.241810 0.579741 0.242457 0.590374 0.249138 0.607328 0.258405 0.623707 0.275216 0.647701 0.285129 0.658190 0.297845 0.669828 0.318750 0.685632 0.331466 0.693247 0.334267 0.695546 0.338147 0.697126 0.362500 0.709052 0.366595 0.710920 0.371983 0.712787 0.381897 0.716810 0.388793 0.719397 0.394828 0.720690 0.401724 0.723420 0.410560 0.724569 0.432543 0.727730 0.448276 0.726437 0.475000 0.724569 0.486638 0.724425 0.495690 0.725575 0.501724 0.725000 0.500862 0.720833 0.500216 0.712213 0.481250 0.705172 0.469612 0.702299 0.458836 0.695115 0.454095 0.694109 0.445259 0.689080 0.437284 0.686063 0.431034 0.681609 0.422845 0.677586 0.414871 0.670259 0.409914 0.663937 0.402371 0.642960 0.400431 0.595259 0.398491 0.587787 0.393103 0.580029 0.392457 0.577011 0.383405 0.576293 0.376724 0.573420 0.345474 0.565948 0.309267 0.560632 0.282974 0.561351 0.263578 0.564511 0.251940 0.563075
1 0.499560 0.711354 0.490764 0.705489 0.491643 0.699918 0.497361 0.689948 0.503519 0.676167 0.518033 0.660040 0.549261 0.631891 0.586207 0.599343 0.609078 0.573540 0.628871 0.555360 0.649103 0.544511 0.666696 0.543338 0.681650 0.543924 0.696605 0.538646 0.692206 0.547150 0.687808 0.558586 0.684729 0.579111 0.679011 0.604914 0.670654 0.627786 0.652621 0.648604 0.634148 0.665904 0.600721 0.684084 0.562456 0.700798 0.546622 0.708715 0.537386 0.713406 0.517153 0.713992 0.502199 0.713992
1 0.376847 0.572953 0.378607 0.570314 0.389163 0.572660 0.407196 0.571780 0.429627 0.575886 0.448980 0.587614 0.474930 0.609899 0.521992 0.642740 0.526390 0.651536 0.508357 0.671769 0.498681 0.687016 0.492523 0.707248 0.481087 0.704903 0.463054 0.696986 0.446780 0.690242 0.427868 0.681152 0.415552 0.671182 0.407635 0.661506 0.402797 0.648311 0.400598 0.638048 0.400598 0.615177 0.400598 0.597877 0.400158 0.587908 0.396200 0.582630 0.392241 0.577352 0.387843 0.575299