0 0.415055 0.137405 0.414739 0.139017 0.414871 0.140156 0.414792 0.140612 0.413819 0.139893 0.412400 0.139280 0.410876 0.139017 0.410114 0.139052 0.409246 0.139333 0.408405 0.139613 0.407748 0.139964 0.407696 0.140612 0.407748 0.141488 0.407669 0.141663 0.406986 0.141138 0.406460 0.140857 0.406460 0.140174 0.406460 0.139613 0.406802 0.138842 0.407038 0.138404 0.408326 0.137405 0.409956 0.136599 0.411401 0.136302 0.412400 0.136424 0.413057 0.137160 0.413767 0.137265 0.414844 0.137020
0 0.424638 0.144689 0.426476 0.144260 0.427211 0.144321 0.428314 0.145731 0.429233 0.147477 0.428728 0.149989 0.427441 0.151398 0.425787 0.152287 0.425787 0.152930 0.425373 0.153481 0.422892 0.152562 0.421697 0.152746 0.419859 0.153635 0.418802 0.153941 0.417515 0.153726 0.415264 0.152838 0.413012 0.151705 0.411128 0.149958 0.410209 0.148794 0.410301 0.147814 0.410576 0.147079 0.410852 0.146405 0.411266 0.145792 0.411725 0.145363 0.412782 0.144720 0.413242 0.144291 0.415493 0.143219 0.416596 0.142912 0.418296 0.142667 0.420410 0.142606 0.421008 0.142667 0.421467 0.142912 0.422294 0.143341 0.423811 0.144015
0 0.399950 0.171716 0.402541 0.172821 0.404976 0.174065 0.405079 0.175101 0.405804 0.175861 0.405701 0.176897 0.403836 0.178555 0.400779 0.180834 0.399173 0.181939 0.396842 0.182665 0.395184 0.182872 0.392386 0.182181 0.389382 0.181110 0.386999 0.179694 0.385652 0.177829 0.385289 0.176344 0.385341 0.175274 0.385600 0.174514 0.385911 0.174099 0.386843 0.173167 0.387776 0.172234 0.388760 0.171371 0.389692 0.170645 0.390988 0.170162 0.392335 0.169989 0.393992 0.169989 0.396013 0.170266 0.398500 0.170956
0 0.462787 0.184195 0.463218 0.185824 0.462213 0.188123 0.460489 0.191427 0.458908 0.193295 0.457902 0.194588 0.456466 0.194971 0.454670 0.195067 0.451078 0.195019 0.448491 0.193822 0.447342 0.194349 0.444325 0.194157 0.441451 0.193151 0.439943 0.191810 0.439440 0.190900 0.439368 0.189080 0.439871 0.187021 0.442529 0.183142 0.446336 0.180364 0.448922 0.178496 0.450934 0.178161 0.454454 0.179071 0.458333 0.180172 0.460704 0.181657 0.462500 0.183381
0 0.389868 0.199858 0.392304 0.202607 0.395240 0.206563 0.396989 0.209437 0.397114 0.210312 0.395365 0.213602 0.387619 0.215059 0.383121 0.215642 0.379935 0.216184 0.375625 0.215267 0.371064 0.212810 0.367754 0.209770 0.367254 0.207813 0.367191 0.205730 0.367191 0.204190 0.368253 0.202024 0.369878 0.200441 0.372189 0.199317 0.376937 0.198442 0.379873 0.198234 0.384183 0.198318 0.388368 0.199150
0 0.402361 0.219723 0.405547 0.223763 0.408796 0.229135 0.408671 0.233342 0.408171 0.236590 0.403798 0.238048 0.398551 0.238881 0.393991 0.238922 0.389305 0.238964 0.381934 0.236798 0.379623 0.234924 0.378748 0.231593 0.378748 0.227178 0.378998 0.224638 0.379935 0.222889 0.381122 0.221431 0.382621 0.220098 0.385932 0.218724 0.387244 0.218432 0.391054 0.218308 0.394053 0.218391 0.397364 0.218599 0.400050 0.218849 0.401174 0.219140 0.401862 0.219390
0 0.182432 0.223057 0.176031 0.221883 0.175497 0.221243 0.175497 0.220141 0.176351 0.219785 0.177471 0.219429 0.178698 0.219323 0.180352 0.219892 0.181472 0.220283 0.182699 0.222666
0 0.195555 0.231414 0.195822 0.233086 0.192888 0.234117 0.189634 0.234117 0.188567 0.234082 0.186913 0.233548 0.185473 0.232126 0.186326 0.231165 0.189207 0.230525 0.190434 0.230170 0.193261 0.230312 0.195235 0.230952
0 0.222495 0.230810 0.223775 0.232517 0.223562 0.234473 0.223135 0.235824 0.222655 0.236500 0.220734 0.236536 0.217694 0.236500 0.215987 0.235966 0.215026 0.235113 0.214546 0.233655 0.213800 0.232659 0.213319 0.230881 0.212893 0.229423 0.215400 0.228925 0.218014 0.228996 0.220414 0.229423
0 0.231137 0.253251 0.227776 0.254353 0.227349 0.257412 0.227403 0.259296 0.226816 0.259688 0.225162 0.259616 0.222868 0.258870 0.220948 0.257909 0.219454 0.256771 0.219134 0.255420 0.219134 0.254104 0.219614 0.253108 0.220361 0.251437 0.221215 0.250797 0.222868 0.250548 0.223989 0.250512 0.226282 0.250654 0.227723 0.251117 0.229376 0.252184
0 0.241593 0.253997 0.243780 0.256131 0.244527 0.258478 0.242660 0.260506 0.240899 0.262639 0.238872 0.263955 0.236471 0.264169 0.234604 0.264311 0.233004 0.263955 0.231617 0.262959 0.230443 0.262070 0.229216 0.260683 0.228150 0.259688 0.227669 0.258870 0.227456 0.258301 0.227456 0.256914 0.227509 0.255456 0.227829 0.254424 0.228203 0.254033 0.229270 0.253855 0.230123 0.253784 0.231457 0.253606 0.233751 0.252753 0.234924 0.252504 0.237805 0.252753 0.239726 0.253002 0.240953 0.253820
0 0.291174 0.276596 0.291250 0.280012 0.292229 0.283227 0.291626 0.285035 0.290421 0.287346 0.285447 0.288602 0.281755 0.287748 0.272561 0.280213 0.272561 0.278002 0.273390 0.275490 0.274596 0.274687 0.275802 0.274636 0.277083 0.273732 0.277836 0.273531 0.280022 0.273079 0.282961 0.272978 0.284166 0.273029 0.286050 0.273632 0.288612 0.274787 0.290798 0.275741
0 0.305893 0.353927 0.314168 0.362907 0.313141 0.363591 0.309614 0.364104 0.307369 0.364746 0.305958 0.364874 0.304033 0.364147 0.302109 0.363463 0.301083 0.362522 0.299992 0.361325 0.299223 0.360042 0.298774 0.358460 0.298389 0.356835 0.298902 0.355980 0.300249 0.355509 0.302366 0.355381 0.303713 0.355210 0.304418 0.354483 0.305252 0.354098
0 0.295957 0.332554 0.297571 0.334706 0.297702 0.337527 0.295520 0.340523 0.293950 0.341337 0.295651 0.342065 0.298225 0.342210 0.299403 0.342006 0.301017 0.341367 0.302588 0.340319 0.303460 0.338109 0.302544 0.336248 0.300799 0.334328 0.299011 0.333223 0.297135 0.332641
0 0.277066 0.327784 0.281211 0.328278 0.287798 0.328976 0.292423 0.330663 0.296088 0.332350 0.297440 0.334270 0.297702 0.337702 0.295608 0.340465 0.294342 0.341250 0.292641 0.342268 0.288845 0.342908 0.285617 0.343548 0.282999 0.343257 0.280033 0.342123 0.276892 0.340203 0.273751 0.338138 0.272529 0.335724 0.272573 0.334473 0.273183 0.332554 0.273881 0.331100 0.274754 0.329907 0.275714 0.328860
2 0.349821 0.240610 0.351339 0.238688 0.353312 0.235248 0.356195 0.234843 0.361811 0.238486 0.363784 0.242938 0.365150 0.250526 0.368034 0.248503 0.370007 0.252550 0.371524 0.257811 0.370462 0.263579 0.369248 0.268031 0.362418 0.276024 0.357258 0.280577 0.354374 0.281994 0.351035 0.281285 0.348607 0.284119 0.345268 0.287862 0.340107 0.290594 0.334188 0.292719 0.322350 0.294641 0.314154 0.295754 0.307173 0.295653 0.303378 0.294540 0.300039 0.292820 0.298825 0.291707 0.300343 0.289987 0.295335 0.287458 0.291996 0.284422 0.291540 0.282095 0.290933 0.277542 0.292147 0.274506 0.294272 0.271774 0.298674 0.268537 0.302468 0.266918 0.315369 0.262668 0.320225 0.261150 0.324171 0.260948 0.326903 0.260644 0.327966 0.256799 0.330698 0.251943 0.332064 0.247491 0.334037 0.245265 0.337831 0.241622 0.340715 0.240509 0.345419 0.239497 0.348455 0.239801
2 0.400609 0.321163 0.403905 0.322008 0.402764 0.319642 0.400609 0.317613 0.397439 0.316346 0.391481 0.312542 0.387677 0.309584 0.385269 0.304767 0.386029 0.301048 0.387170 0.297245 0.388438 0.294540 0.389833 0.292005 0.392115 0.288962 0.394523 0.289131 0.400101 0.295892 0.411891 0.308063 0.417089 0.313895 0.416075 0.310091 0.415441 0.305950 0.416075 0.303584 0.420132 0.301893 0.425330 0.302147 0.433063 0.304260 0.442698 0.307556 0.446755 0.309077 0.452459 0.314740 0.456643 0.319135 0.458545 0.323952 0.460446 0.328093 0.461714 0.326403 0.461587 0.324544 0.461207 0.320656 0.465137 0.322938 0.468687 0.322093 0.469447 0.324797 0.469447 0.327924 0.468306 0.330882 0.467926 0.333249 0.467419 0.335362 0.466151 0.336799 0.464503 0.337221 0.460827 0.337559 0.459812 0.339926 0.459052 0.341362 0.458545 0.343391 0.457657 0.344997 0.454615 0.346011 0.452459 0.346602 0.444599 0.347025 0.441176 0.347363 0.438641 0.347363 0.436105 0.346687 0.431795 0.344743 0.431034 0.344320 0.429640 0.345250 0.428499 0.345673 0.426217 0.345926 0.423301 0.344743 0.409483 0.335024 0.407835 0.333671 0.403398 0.327586 0.401623 0.324375 0.401242 0.322769
1 0.341661 0.412562 0.339901 0.415201 0.350457 0.412268 0.357935 0.414614 0.376407 0.425757 0.388283 0.452146 0.402357 0.487333 0.408075 0.497302 0.430947 0.507858 0.437104 0.526624 0.424349 0.580284 0.420830 0.585269 0.397959 0.605208 0.381246 0.609899 0.368930 0.612831 0.363213 0.611658 0.337702 0.608140 0.313072 0.600516 0.295918 0.582923 0.283603 0.560931 0.280524 0.524279 0.277445 0.496716 0.273927 0.484107 0.276126 0.455372 0.283163 0.438951 0.295479 0.421945 0.309113 0.414028 0.324507 0.411682 0.333744 0.411095
1 0.370690 0.612479 0.383621 0.611248 0.389470 0.613711 0.400246 0.616379 0.403941 0.619048 0.397783 0.620074 0.390086 0.620690 0.376539 0.621100 0.351909 0.625000 0.342980 0.626437 0.332512 0.626847 0.312808 0.620895 0.288793 0.615353 0.262315 0.610222 0.236145 0.605090 0.220443 0.608169 0.224446 0.603654 0.216133 0.602627 0.201663 0.600575 0.195813 0.597906 0.194273 0.595443 0.200123 0.593801 0.223522 0.597085 0.237069 0.599548 0.243842 0.600780 0.266933 0.599343 0.299569 0.601396 0.335283 0.607759 0.347291 0.609606
1 0.398432 0.637992 0.415857 0.635852 0.428467 0.629738 0.440847 0.621179 0.450935 0.606658 0.453916 0.597029 0.457126 0.590762 0.463545 0.597793 0.465838 0.607881 0.464233 0.614912 0.456438 0.630655 0.450935 0.637534 0.436262 0.649303 0.428008 0.650831 0.423193 0.652666 0.415169 0.652666 0.406227 0.652666 0.401183 0.652207 0.398661 0.650679 0.396139 0.647927 0.395222 0.644412 0.394763 0.640438
1 0.444974 0.575783 0.451623 0.580215 0.457126 0.589539 0.456209 0.592137 0.451853 0.602073 0.448643 0.609257 0.441077 0.620567 0.436950 0.625000 0.422047 0.632948 0.415398 0.636005 0.395910 0.637686 0.399120 0.631878 0.405310 0.619039 0.411271 0.612772 0.421818 0.607728 0.433969 0.598099 0.438784 0.591220 0.441764 0.584036