0 0.131002 0.090787 0.140214 0.093433 0.147912 0.097898 0.146263 0.113277 0.142551 0.117081 0.137326 0.118238 0.129903 0.116419 0.124678 0.113442 0.123578 0.110300 0.123578 0.103851 0.123578 0.099882 0.124816 0.096244 0.126603 0.094590
0 0.283932 0.144204 0.292433 0.158244 0.296365 0.165264 0.295097 0.171520 0.291925 0.181287 0.288373 0.186323 0.279999 0.189986 0.275305 0.187696 0.266424 0.184644 0.261096 0.179456 0.257036 0.174725 0.254879 0.168621 0.254879 0.165416 0.256782 0.162364 0.260335 0.160228 0.261984 0.159007 0.263380 0.155039 0.264141 0.151987 0.265790 0.146036 0.267693 0.142831 0.272007 0.141152 0.275305 0.140847 0.279619 0.142068
0 0.146376 0.068416 0.151849 0.072865 0.158358 0.081584 0.159837 0.091993 0.159172 0.099644 0.158506 0.101690 0.156139 0.101957 0.152293 0.100534 0.148299 0.098132 0.139719 0.093416 0.131287 0.090925 0.130104 0.087900 0.130104 0.082295 0.131361 0.078648 0.133728 0.074466 0.138018 0.070641 0.141420 0.068683 0.144453 0.068060
0 0.248817 0.054093 0.247559 0.066281 0.244896 0.077669 0.242530 0.081317 0.236686 0.083274 0.228402 0.082028 0.219453 0.075000 0.213240 0.067972 0.210725 0.062811 0.211538 0.057651 0.213388 0.052402 0.216790 0.044395 0.220636 0.040836 0.225962 0.039858 0.230030 0.039858 0.234172 0.041281 0.238092 0.042883 0.243491 0.048488
0 0.932783 0.082885 0.939008 0.090195 0.937971 0.095722 0.930411 0.105349 0.924779 0.106776 0.920776 0.105528 0.918553 0.095009 0.918553 0.093404 0.919739 0.090373 0.924037 0.085024 0.927447 0.083598
0 0.896238 0.157039 0.891233 0.149413 0.889676 0.143526 0.893124 0.136703 0.897907 0.133893 0.905025 0.133626 0.912366 0.134429 0.918150 0.140449 0.917594 0.149680 0.915258 0.152757 0.910475 0.155701 0.907361 0.157306 0.901355 0.157707 0.898129 0.157707
0 0.826834 0.150349 0.849524 0.142322 0.850525 0.136703 0.849746 0.130014 0.848078 0.127338 0.844074 0.124528 0.837400 0.121585 0.830949 0.120916 0.825388 0.120916 0.823275 0.122254 0.820939 0.126000 0.819938 0.130816 0.818715 0.135900 0.817936 0.139646 0.818937 0.144061 0.821273 0.148075 0.821940 0.149011
0 0.807322 0.181139 0.812278 0.188790 0.817899 0.191103 0.826479 0.192972 0.832396 0.192616 0.836095 0.189591 0.839793 0.186922 0.840828 0.183007 0.840385 0.180160 0.839571 0.177758 0.839349 0.173221 0.838314 0.168060 0.837056 0.163879 0.835577 0.160765 0.833432 0.158363 0.831435 0.157740 0.828994 0.157117 0.823521 0.156762 0.819970 0.156673 0.817234 0.156673 0.815015 0.156940 0.811391 0.158897 0.809467 0.161032 0.807840 0.164680 0.806509 0.170463 0.806509 0.175890
1 0.385355 0.686833 0.387574 0.693060 0.394970 0.701957 0.397929 0.703737 0.406805 0.712633 0.414941 0.717972 0.420118 0.718861 0.430473 0.724199 0.434172 0.724199 0.439349 0.726868 0.443787 0.726868 0.447485 0.728648 0.462278 0.728648 0.463018 0.729537 0.482988 0.728648 0.488166 0.726868 0.498521 0.726868 0.501479 0.725089 0.513314 0.724199 0.515533 0.722420 0.521450 0.721530 0.524408 0.719751 0.538462 0.717082 0.549556 0.712633 0.555473 0.709075 0.573225 0.702847 0.591716 0.692171 0.595414 0.688612 0.599852 0.686833 0.607988 0.676157 0.610207 0.669929 0.616124 0.662811 0.616864 0.657473 0.619822 0.650356 0.614645 0.644128 0.609467 0.644128 0.599308 0.640157 0.597594 0.636622 0.596614 0.628373 0.597104 0.611287 0.588777 0.615705 0.578883 0.616579 0.542899 0.620107 0.542160 0.620996 0.500740 0.620107 0.500000 0.619217 0.494822 0.619217 0.494083 0.620107 0.493343 0.619217 0.474852 0.618327 0.474112 0.617438 0.466716 0.617438 0.465976 0.616548 0.456361 0.616548 0.455621 0.617438 0.454142 0.616548 0.448225 0.616548 0.447485 0.617438 0.442308 0.616548 0.441568 0.617438 0.420858 0.618327 0.416420 0.620107 0.409024 0.620996 0.400148 0.629893 0.392012 0.651246 0.391272 0.655694 0.392012 0.674377 0.385355 0.682384
1 0.916420 0.204626 0.894970 0.194840 0.882396 0.193060 0.863905 0.195730 0.856509 0.200178 0.845414 0.202847 0.815089 0.224199 0.784024 0.253559 0.751479 0.290036 0.729290 0.322064 0.684172 0.393238 0.670118 0.419039 0.656065 0.450178 0.657544 0.488434 0.659763 0.496441 0.659024 0.502669 0.660818 0.528400 0.660257 0.551682 0.659883 0.556856 0.659883 0.561130 0.659509 0.565292 0.659977 0.567879 0.660257 0.569566 0.663717 0.572378 0.666709 0.574515 0.670858 0.575623 0.676036 0.578292 0.695266 0.583630 0.725592 0.584520 0.755917 0.578292 0.767012 0.572064 0.778107 0.568505 0.783284 0.564057 0.787722 0.564057 0.794379 0.560498 0.806213 0.549822 0.812130 0.547153 0.835059 0.526690 0.859467 0.499110 0.866124 0.486655 0.880178 0.467082 0.894231 0.436833 0.903846 0.412811 0.909763 0.392349 0.911982 0.389680 0.919379 0.357651 0.923817 0.329181 0.925296 0.280249 0.923817 0.257117 0.918639 0.231317 0.915680 0.224199 0.919379 0.215302 0.919379 0.208185
1 0.660844 0.571790 0.642638 0.613879 0.665112 0.620381 0.694697 0.625171 0.720016 0.634068 0.748179 0.637832 0.768377 0.640227 0.799670 0.638516 0.850023 0.633384 0.875341 0.625855 0.901513 0.615248 0.924556 0.603613 0.934513 0.593006 0.940203 0.582056 0.944185 0.575554 0.939634 0.565631 0.935082 0.556734 0.919151 0.536203 0.901513 0.519778 0.884160 0.509513 0.860833 0.498563 0.848885 0.511566 0.829540 0.532439 0.803653 0.551601 0.792274 0.563236 0.783739 0.566315 0.769800 0.573501 0.753015 0.578976 0.731680 0.583082 0.717740 0.584451 0.693559 0.585136 0.684172 0.581371 0.672223 0.576923
1 0.371928 0.625344 0.343873 0.631041 0.315453 0.636739 0.277560 0.641998 0.236388 0.645066 0.215255 0.643751 0.200316 0.647257 0.187199 0.651202 0.185742 0.633233 0.191572 0.608252 0.200681 0.585462 0.215255 0.563987 0.244768 0.542512 0.264807 0.528487 0.304158 0.511833 0.330027 0.500438 0.384317 0.483346 0.414558 0.480716 0.467026 0.485099 0.513663 0.500438 0.548277 0.509642 0.583256 0.527172 0.610218 0.549962 0.611675 0.571437 0.605117 0.587653 0.610218 0.590283 0.622971 0.595542 0.624428 0.604746 0.599287 0.611758 0.593093 0.613073 0.586170 0.615264 0.547913 0.618770 0.524230 0.620523 0.466297 0.615264 0.444800 0.615702 0.416744 0.619647 0.392332 0.621838
1 0.602552 0.378796 0.630686 0.431740 0.637492 0.462306 0.646114 0.535445 0.645206 0.546907 0.641576 0.568740 0.620703 0.556732 0.603460 0.542541 0.582132 0.525075 0.562620 0.499967 0.544016 0.473768 0.530403 0.445931 0.523596 0.417003 0.516336 0.374975 0.512706 0.328581 0.508622 0.302382 0.509075 0.270179 0.510437 0.233063 0.511344 0.221601 0.530403 0.223784 0.536755 0.228697 0.550368 0.273454 0.567612 0.337860 0.584401 0.343864