1 0.352260 0.663874 0.347224 0.665485 0.334132 0.664679 0.318825 0.663605 0.314595 0.668439 0.311372 0.674750 0.309761 0.683881 0.313990 0.692475 0.320033 0.698786 0.333931 0.707649 0.339973 0.709797 0.342592 0.707917 0.341383 0.712214 0.347224 0.712080 0.361727 0.709797 0.378041 0.704560 0.394759 0.694086 0.404024 0.682404 0.409865 0.669513 0.408657 0.668976 0.396169 0.664277 0.393148 0.661725 0.384688 0.663605 0.364949 0.664948 0.367971 0.671393 0.369179 0.677302 0.367568 0.679719 0.362935 0.679450 0.358504 0.674885
1 0.328933 0.580699 0.321450 0.569125 0.314266 0.553760 0.308878 0.537795 0.306783 0.514847 0.310375 0.490302 0.322947 0.461566 0.341804 0.430835 0.367846 0.423651 0.373533 0.431034 0.394786 0.433230 0.412446 0.439815 0.436991 0.461766 0.455250 0.491100 0.463033 0.518638 0.464529 0.534403 0.460938 0.527618 0.448665 0.532008 0.436991 0.534802 0.412147 0.533206 0.389398 0.535800 0.372635 0.545179 0.351084 0.560744
1 0.345396 0.581897 0.359764 0.568127 0.381316 0.557551 0.416038 0.548372 0.452856 0.544979 0.469917 0.544979 0.461835 0.527818 0.435494 0.535401 0.411548 0.533405 0.387901 0.535800 0.371438 0.546576 0.351084 0.559547 0.328634 0.581298
1 0.345696 0.582495 0.366050 0.612827 0.383411 0.631585 0.404065 0.636973 0.434297 0.649345 0.454352 0.656330 0.466924 0.655532 0.486680 0.646153 0.506735 0.628991 0.508232 0.624202 0.530083 0.595466 0.533675 0.582096 0.528287 0.570522 0.514218 0.562739 0.507334 0.560145 0.504340 0.554159 0.494462 0.547773 0.471115 0.544979 0.425317 0.546975 0.392990 0.553760 0.358267 0.567728
0 0.107071 0.129310 0.104573 0.127145 0.104135 0.125937 0.107759 0.124896 0.110882 0.124729 0.114380 0.125729 0.117129 0.128311 0.116942 0.129269 0.114380 0.129644
0 0.113068 0.131434 0.111257 0.132975 0.112194 0.134183 0.115442 0.135599 0.120565 0.135516 0.123501 0.134349 0.121502 0.133766 0.116504 0.132309
0 0.145177 0.135599 0.144365 0.140263 0.143741 0.141013 0.140742 0.141638 0.138618 0.141804 0.135495 0.141054 0.133433 0.140263 0.132934 0.139305 0.133183 0.136640 0.133433 0.135557 0.135307 0.134266 0.137056 0.133933 0.139930 0.133933 0.142554 0.134266 0.144053 0.134933
0 0.168478 0.134849 0.168166 0.137515 0.166979 0.139389 0.165980 0.139930 0.151737 0.136390 0.151612 0.135266 0.152236 0.134016 0.152861 0.133850 0.153361 0.132975 0.155297 0.131976 0.157046 0.131476 0.158296 0.131268 0.160482 0.131351 0.163168 0.132059 0.165042 0.132767 0.166292 0.133766 0.167729 0.134558
0 0.174475 0.154173 0.175162 0.155506 0.175537 0.156880 0.175850 0.157838 0.173851 0.159420 0.172101 0.161253 0.169415 0.162752 0.163731 0.162377 0.160232 0.161544 0.157546 0.160586 0.155360 0.159129 0.154860 0.157921 0.155110 0.156338 0.156047 0.154714 0.156797 0.153298 0.161982 0.152216 0.164043 0.152007 0.170540 0.152382 0.174163 0.153507
2 0.381817 0.291921 0.385027 0.286317 0.389765 0.282037 0.398325 0.278063 0.405509 0.277554 0.412693 0.279592 0.419724 0.281528 0.425073 0.287642 0.426449 0.293858 0.425685 0.298545 0.422322 0.302723 0.426602 0.302927 0.433174 0.304965 0.444027 0.311384 0.451211 0.316377 0.454879 0.322186 0.453503 0.328401 0.448154 0.332274 0.440205 0.336044 0.439135 0.340120 0.435926 0.342871 0.425532 0.344094 0.409330 0.342158 0.402146 0.339916 0.393281 0.334312 0.391599 0.335127 0.393586 0.336553 0.396643 0.342362 0.393586 0.344094 0.390224 0.344502 0.388390 0.345113 0.381817 0.341037 0.377843 0.340935 0.375245 0.339712 0.368366 0.338082 0.366074 0.338286 0.363781 0.336757 0.365309 0.333700 0.360418 0.332477 0.352623 0.330745 0.342688 0.326465 0.335809 0.321167 0.335657 0.317294 0.337185 0.314135 0.335045 0.309958 0.332294 0.305168 0.330765 0.300073 0.331530 0.296609 0.337644 0.292329 0.351553 0.288661 0.364392 0.288355 0.372035 0.288763 0.378454 0.290699
0 0.415917 0.347449 0.412535 0.347869 0.409703 0.349599 0.407658 0.352326 0.407737 0.354791 0.410883 0.356364 0.414422 0.357203 0.416703 0.356888 0.419142 0.355997 0.420636 0.353952 0.421029 0.351854 0.421029 0.351540
0 0.453829 0.319710 0.457604 0.318137 0.457762 0.316459 0.456818 0.314833 0.455481 0.314729 0.453436 0.314886 0.451312 0.316564
0 0.454930 0.324534 0.456582 0.324115 0.458391 0.324429 0.459099 0.326370 0.457840 0.328415 0.455402 0.329778 0.451469 0.330670 0.454616 0.327681 0.454616 0.325373
0 0.215412 0.161060 0.218881 0.158887 0.223087 0.157836 0.227712 0.157766 0.232443 0.159097 0.236228 0.160920 0.238646 0.164914 0.234441 0.175568 0.232759 0.175638 0.229500 0.174867 0.226451 0.174586 0.223823 0.174376 0.220248 0.173185 0.216253 0.171433 0.213625 0.168559 0.213310 0.166176
0 0.249474 0.147953 0.251156 0.152649 0.251577 0.156504 0.248423 0.159167 0.245164 0.159448 0.238541 0.159448 0.234546 0.158186 0.233495 0.155873 0.233495 0.152439 0.233915 0.149075 0.235597 0.146061 0.237910 0.145220 0.242956 0.144800 0.245900 0.145500 0.248318 0.146622
0 0.306455 0.188183 0.308137 0.191548 0.308558 0.194351 0.309504 0.196173 0.308978 0.197855 0.306876 0.199678 0.302986 0.201360 0.297939 0.202131 0.293839 0.202201 0.290265 0.201640 0.287637 0.201360 0.284588 0.200168 0.282801 0.198696 0.282801 0.196664 0.281960 0.194631 0.281960 0.192669 0.281960 0.191057 0.282801 0.189165 0.284167 0.187693 0.285744 0.185870 0.287742 0.184889 0.290475 0.184329 0.294155 0.183838 0.296993 0.183908 0.300042 0.184889 0.304142 0.186361
0 0.299622 0.202271 0.299411 0.204023 0.298465 0.206546 0.296993 0.208438 0.288267 0.210892 0.282275 0.210121 0.276913 0.207457 0.273654 0.202691 0.272498 0.199608 0.271972 0.196734 0.275021 0.191197 0.281224 0.188674 0.283011 0.188534 0.281749 0.190987 0.281960 0.194912 0.283116 0.198766 0.286375 0.201079 0.290791 0.201920 0.296362 0.202411 0.298045 0.202271
0 0.238238 0.215282 0.236417 0.214421 0.236652 0.212777 0.238884 0.211328 0.242113 0.210898 0.245343 0.211485 0.246518 0.212933 0.248808 0.216457 0.244286 0.216300 0.241937 0.215870
0 0.258262 0.225696 0.259378 0.226557 0.259026 0.228789 0.257910 0.230864 0.256618 0.231882 0.255033 0.231960 0.252038 0.231255 0.249278 0.230081 0.248162 0.228632 0.248867 0.226362 0.250746 0.225187 0.252096 0.225070 0.254622 0.225031 0.256559 0.225226
0 0.295082 0.227693 0.294848 0.231490 0.293614 0.233839 0.291559 0.238772 0.289739 0.241199 0.287507 0.242256 0.283514 0.242961 0.279521 0.243313 0.276232 0.243352 0.272121 0.242804 0.269068 0.242295 0.264487 0.240690 0.261668 0.238302 0.259026 0.235131 0.257147 0.231921 0.258439 0.230159 0.258908 0.229494 0.259848 0.229494 0.260200 0.227105 0.261551 0.225500 0.265368 0.223347 0.272356 0.221585 0.278933 0.221507 0.287155 0.222956 0.292968 0.225735
2 0.363985 0.219828 0.365524 0.214468 0.369629 0.209223 0.375616 0.204776 0.381602 0.203293 0.388786 0.203863 0.394773 0.206486 0.399220 0.214468 0.400417 0.227696 0.404865 0.222906 0.409312 0.220854 0.421456 0.221766 0.433258 0.225529 0.440613 0.230660 0.443179 0.237616 0.442152 0.241607 0.435482 0.247765 0.431034 0.251984 0.433429 0.255747 0.432916 0.258598 0.430008 0.261563 0.420772 0.264641 0.408628 0.266124 0.398536 0.266238 0.392549 0.265212 0.386050 0.262931 0.380747 0.261905 0.379379 0.259282 0.376300 0.262019 0.371511 0.263957 0.361419 0.263957 0.355432 0.262247 0.348591 0.258712 0.345854 0.255063 0.344314 0.246283 0.341578 0.242063 0.341407 0.236932 0.342775 0.232143 0.344657 0.228494 0.348933 0.224161 0.354577 0.221652 0.359537 0.220626 0.362274 0.220284
2 0.258621 0.235401 0.256661 0.239420 0.255305 0.241831 0.255305 0.246453 0.260429 0.251376 0.262388 0.256400 0.268266 0.262529 0.277460 0.266950 0.291777 0.269060 0.299765 0.267653 0.301423 0.263534 0.314987 0.266749 0.330359 0.263735 0.342416 0.259615 0.347390 0.257505 0.345280 0.255295 0.344828 0.246654 0.340758 0.241028 0.341813 0.236004 0.344375 0.228971 0.337292 0.226157 0.324934 0.224449 0.315891 0.223947 0.303382 0.228770 0.296449 0.220330 0.286502 0.215306 0.279570 0.214603 0.276555 0.215507 0.273089 0.216914 0.267211 0.222339 0.272335 0.221737 0.280926 0.221737 0.288914 0.223646 0.295696 0.227866 0.295093 0.231483 0.293134 0.235301 0.289667 0.241329 0.286201 0.242736 0.278816 0.243439 0.268718 0.242233 0.264348 0.240927
0 0.284695 0.272847 0.287097 0.273318 0.289076 0.271858 0.291337 0.271764 0.295577 0.272235 0.298827 0.274967 0.299534 0.277228 0.299039 0.279395 0.297696 0.281798 0.296354 0.282787 0.290913 0.283682 0.288298 0.283682 0.285401 0.282410 0.283140 0.279772 0.282504 0.277040 0.282575 0.275297 0.283423 0.274025 0.283917 0.273177