0 0.520340 0.353364 0.515410 0.352894 0.513156 0.351110 0.512734 0.347635 0.515833 0.345006 0.520059 0.344349 0.524425 0.345851 0.525411 0.349044 0.524989 0.352706
0 0.532314 0.361628 0.527383 0.359186 0.521890 0.359092 0.516819 0.361534 0.516396 0.365947 0.518227 0.369046 0.523158 0.370737 0.528088 0.369798 0.532032 0.367919 0.533018 0.364727
0 0.526820 0.359280 0.529496 0.357496 0.533722 0.356744 0.537948 0.356744 0.544005 0.358529 0.547667 0.360782 0.548935 0.362661 0.548935 0.364820 0.548090 0.366886 0.545695 0.369704 0.543723 0.370737 0.540906 0.371863 0.537384 0.372427 0.535553 0.372521 0.531750 0.372615 0.527806 0.372333 0.526116 0.370737 0.530201 0.369140 0.532173 0.367732 0.532595 0.364163 0.532595 0.362097 0.530905 0.360876
0 0.701621 0.004064 0.701911 0.002903 0.703798 0.001548 0.706120 0.000629 0.708224 0.000290 0.710619 0.000290 0.712578 0.001645 0.712941 0.002951 0.714030 0.003870 0.712361 0.007063 0.710039 0.008321 0.703580 0.008224
0 0.685076 0.011175 0.683117 0.009966 0.682464 0.008901 0.682101 0.008079 0.682101 0.007643 0.682101 0.007015 0.682754 0.006095 0.683552 0.005321 0.683988 0.004741 0.684931 0.003918 0.686310 0.003435 0.688342 0.002709 0.690736 0.002032 0.693421 0.002370 0.695526 0.004257 0.697195 0.005660 0.696614 0.006482 0.687616 0.011030 0.686528 0.011852
0 0.684060 0.037492 0.682319 0.035315 0.682246 0.034251 0.683045 0.032944 0.685004 0.031493 0.686963 0.030332 0.689213 0.029993 0.692913 0.029848 0.697485 0.030429 0.700533 0.031590 0.702927 0.033428 0.702855 0.036573 0.701766 0.038846 0.700315 0.039669 0.697557 0.040249 0.695671 0.040539 0.691172 0.040878 0.687834 0.040927 0.686673 0.040152
0 0.571373 0.465461 0.563256 0.463409 0.557798 0.460143 0.555979 0.457624 0.557098 0.456878 0.555699 0.455292 0.556538 0.453892 0.559197 0.450720 0.561716 0.449601 0.565495 0.447641 0.569413 0.447641 0.573892 0.447641 0.579070 0.449601 0.583408 0.451840 0.583688 0.455012 0.582848 0.457438 0.581589 0.460703 0.579489 0.461823 0.576970 0.463409
0 0.630846 0.038510 0.624771 0.037440 0.622249 0.035148 0.620758 0.031938 0.620873 0.028269 0.622707 0.024830 0.626605 0.023684 0.627981 0.023531 0.630617 0.023608 0.634056 0.025442 0.639330 0.029492 0.640132 0.032091 0.640476 0.034078 0.638756 0.036218 0.637037 0.036753 0.633712 0.037899
0 0.632566 0.053719 0.631420 0.051197 0.631305 0.049286 0.631764 0.047528 0.632795 0.046306 0.635547 0.043631 0.639100 0.041797 0.641737 0.041185 0.644832 0.040803 0.647469 0.040879 0.649991 0.042179 0.653888 0.044548 0.656640 0.046229 0.657901 0.047987 0.658015 0.049363 0.657671 0.051350 0.656525 0.053490 0.653545 0.054789 0.651137 0.056776 0.648615 0.057769 0.643342 0.059145 0.641393 0.059145 0.638298 0.057387
0 0.632566 0.092772 0.631534 0.090173 0.630732 0.088874 0.629815 0.087422 0.629700 0.084671 0.631878 0.082149 0.634515 0.080238 0.638756 0.079015 0.644030 0.078098 0.650220 0.077869 0.655149 0.079015 0.659276 0.081002 0.661111 0.082607 0.661569 0.084594 0.661340 0.086276 0.662716 0.088645 0.662486 0.090326 0.659964 0.093001 0.655723 0.095752 0.652169 0.097587 0.646437 0.098809 0.643113 0.098580 0.637610 0.097434 0.635661 0.096364
2 0.548201 0.107280 0.545293 0.108078 0.538451 0.107280 0.527333 0.105569 0.519636 0.102833 0.515189 0.101122 0.511768 0.097587 0.510742 0.096561 0.506808 0.093938 0.501163 0.089491 0.498255 0.085842 0.498255 0.084132 0.499282 0.080597 0.501334 0.078544 0.509886 0.076948 0.511255 0.072614 0.514163 0.069536 0.516044 0.067255 0.518952 0.065545 0.521346 0.065659 0.524596 0.064746 0.529728 0.065545 0.535372 0.068167 0.540846 0.071132 0.547174 0.069536 0.552648 0.068395 0.558976 0.067369 0.567529 0.066571 0.576765 0.066571 0.583094 0.068053 0.582068 0.081965 0.587370 0.080939 0.591646 0.082877 0.590107 0.088579 0.586686 0.092456 0.579160 0.097359 0.570265 0.101464 0.561884 0.105113 0.552990 0.104429 0.551622 0.107280
2 0.588342 0.091636 0.591123 0.096072 0.592712 0.091504 0.594599 0.089451 0.598473 0.088723 0.601452 0.089319 0.604829 0.091173 0.611781 0.097198 0.612675 0.103620 0.615789 0.104144 0.620868 0.105791 0.628693 0.109086 0.635419 0.113112 0.639674 0.116956 0.641184 0.114851 0.644616 0.115949 0.647636 0.115583 0.649283 0.116315 0.649283 0.118695 0.647499 0.122630 0.643655 0.126931 0.641596 0.131873 0.644204 0.134710 0.645852 0.136632 0.644204 0.138736 0.638027 0.140933 0.629928 0.141573 0.620868 0.140475 0.615926 0.139102 0.612220 0.137821 0.608514 0.135533 0.604945 0.132788 0.602748 0.129219 0.600003 0.122081 0.595610 0.114393 0.595335 0.113661 0.589845 0.111282 0.584491 0.108170 0.580510 0.104693 0.578726 0.102313 0.578451 0.097921 0.578451 0.097280 0.580098 0.095907 0.583805 0.093986 0.587099 0.092247
0 0.492713 0.353380 0.490866 0.349138 0.488095 0.347359 0.484093 0.345922 0.480296 0.345512 0.476190 0.345512 0.472188 0.346470 0.468904 0.348727 0.468699 0.350848 0.469109 0.354406 0.470751 0.356596 0.472701 0.358443 0.477011 0.359606 0.480398 0.359948 0.485016 0.360153 0.490661 0.359195 0.492611 0.357417
0 0.432977 0.326260 0.431682 0.326939 0.429092 0.327309 0.426780 0.327309 0.424005 0.326754 0.420490 0.325027 0.418917 0.323671 0.417900 0.322191 0.418177 0.321081 0.418547 0.319292 0.419472 0.317257 0.420767 0.316086 0.422359 0.315401 0.423014 0.314164 0.424005 0.313311 0.426132 0.313064 0.430664 0.313866 0.433809 0.314606 0.435844 0.316332 0.437509 0.318984 0.438064 0.322992 0.436122 0.324041
0 0.376924 0.277731 0.372484 0.277361 0.371097 0.277052 0.369062 0.275696 0.367952 0.274462 0.367952 0.273229 0.368692 0.271996 0.371282 0.270639 0.372669 0.269776 0.374334 0.269961 0.376369 0.270762 0.377664 0.271687 0.379144 0.273044 0.379699 0.275079 0.378866 0.276251 0.377294 0.277052
0 0.408280 0.290063 0.407078 0.289940 0.405228 0.289015 0.403285 0.287782 0.402361 0.286117 0.402731 0.284945 0.405413 0.282232 0.408558 0.280197 0.410593 0.280074 0.413183 0.280690 0.416143 0.281924 0.417252 0.283034 0.417622 0.284144 0.417252 0.285439 0.416697 0.286302 0.415773 0.287782 0.415033 0.288398 0.413090 0.289200 0.411055 0.289632
0 0.379514 0.311708 0.378311 0.312571 0.376369 0.313126 0.373502 0.312941 0.370172 0.311584 0.367859 0.310413 0.366102 0.308501 0.364622 0.306959 0.364622 0.305295 0.365177 0.303753 0.366009 0.302890 0.368784 0.301965 0.370449 0.300855 0.371837 0.300423 0.374334 0.300053 0.377109 0.300176 0.379514 0.301471 0.381271 0.302335 0.383399 0.304000 0.384509 0.306281 0.384694 0.307576 0.384786 0.308748
2 0.449138 0.208764 0.446983 0.209626 0.444397 0.212931 0.443534 0.216379 0.443319 0.221408 0.443966 0.224569 0.447629 0.232184 0.446983 0.235920 0.447198 0.239511 0.449569 0.245402 0.454957 0.252155 0.456681 0.253161 0.459052 0.255460 0.462716 0.262500 0.468966 0.267672 0.475431 0.270402 0.478017 0.270833 0.482328 0.270546 0.486638 0.268822 0.488793 0.267385 0.489440 0.263506 0.487284 0.260057 0.487284 0.259483 0.488147 0.258764 0.489655 0.258333 0.493103 0.258908 0.501940 0.258764 0.505603 0.258046 0.510345 0.256322 0.514009 0.254454 0.517672 0.253448 0.519828 0.252299 0.522414 0.249856 0.525216 0.248132 0.528017 0.244253 0.528017 0.240086 0.526509 0.237931 0.523491 0.235920 0.522414 0.228736 0.522414 0.224713 0.520474 0.219253 0.514009 0.213218 0.511638 0.211925 0.505172 0.210057 0.497845 0.209483 0.493103 0.209483 0.485991 0.210345 0.482112 0.211782 0.478233 0.212644 0.473276 0.216379 0.472198 0.218822 0.470474 0.220546 0.468319 0.218678 0.467241 0.216810 0.464440 0.215230 0.461853 0.212644 0.454957 0.209339 0.451078 0.208333
2 0.535129 0.188937 0.531034 0.193391 0.528879 0.196983 0.529526 0.201149 0.530603 0.202586 0.532112 0.206322 0.534052 0.208908 0.534914 0.212787 0.537069 0.216092 0.541164 0.219828 0.543646 0.221207 0.545929 0.223301 0.555778 0.225013 0.564224 0.225000 0.568103 0.224569 0.570259 0.223420 0.571983 0.222989 0.576078 0.222845 0.580172 0.225862 0.591164 0.229741 0.594828 0.230316 0.599569 0.230460 0.607328 0.229454 0.615086 0.227730 0.619612 0.224713 0.621552 0.219109 0.622845 0.217098 0.630819 0.211351 0.632974 0.209052 0.635345 0.205029 0.635345 0.200431 0.634483 0.197557 0.630819 0.193966 0.623491 0.189368 0.618966 0.187500 0.612500 0.185489 0.606681 0.184195 0.599569 0.183477 0.597198 0.182759 0.595043 0.181034 0.590517 0.172126 0.588793 0.170690 0.583836 0.168103 0.580819 0.167816 0.576078 0.168391 0.571767 0.170259 0.564009 0.171839 0.561853 0.173276 0.560560 0.175431 0.558621 0.177011 0.558792 0.180154 0.557238 0.183649 0.552190 0.186367 0.544828 0.184339 0.539440 0.186494
2 0.466810 0.145977 0.465302 0.147701 0.464009 0.150287 0.464009 0.154598 0.465517 0.158190 0.468534 0.162356 0.471767 0.164799 0.474353 0.167385 0.477586 0.169540 0.482543 0.172270 0.484914 0.175287 0.488793 0.177874 0.492026 0.179167 0.493966 0.180316 0.496121 0.180891 0.499784 0.182615 0.502155 0.184339 0.503879 0.185201 0.505819 0.187356 0.509159 0.185531 0.512993 0.185324 0.514655 0.185201 0.517672 0.184195 0.518070 0.183528 0.520905 0.183764 0.523922 0.183764 0.528664 0.183333 0.533405 0.182184 0.535129 0.181466 0.538275 0.179798 0.537716 0.178305 0.537931 0.177586 0.534914 0.175431 0.532974 0.173563 0.530388 0.172845 0.528448 0.171408 0.527586 0.169684 0.525216 0.166379 0.523060 0.164080 0.521767 0.161494 0.520690 0.160201 0.517888 0.154023 0.517457 0.152011 0.513578 0.152155 0.512716 0.151293 0.512500 0.150287 0.509006 0.147404 0.505852 0.147755 0.503253 0.148178 0.501297 0.149157 0.500245 0.149741 0.498943 0.150889 0.499019 0.154180 0.501822 0.160020 0.487716 0.148851 0.478448 0.144253 0.474569 0.143534 0.470043 0.144397
2 0.514009 0.151850 0.511853 0.149874 0.509968 0.147719 0.508217 0.145654 0.506061 0.142601 0.504984 0.138470 0.504714 0.134159 0.505388 0.131376 0.506735 0.128682 0.508082 0.127335 0.509294 0.125808 0.510911 0.125090 0.512662 0.124731 0.515760 0.124820 0.520878 0.126796 0.527344 0.130298 0.531250 0.133351 0.532462 0.128053 0.537311 0.124192 0.542565 0.122216 0.548761 0.120600 0.553610 0.119792 0.560614 0.119432 0.565194 0.120241 0.569370 0.121767 0.571794 0.123384 0.575162 0.124371 0.579876 0.128772 0.582435 0.134698 0.582974 0.137662 0.583917 0.142331 0.583782 0.145833 0.587284 0.148078 0.587823 0.150503 0.587554 0.153107 0.584456 0.157328 0.587015 0.155621 0.588901 0.154454 0.589574 0.156609 0.589574 0.159393 0.588766 0.161458 0.587284 0.162895 0.585803 0.164062 0.579741 0.163075 0.578529 0.166936 0.578529 0.168014 0.574488 0.169091 0.571659 0.170079 0.567080 0.171606 0.563578 0.171785 0.560640 0.171533 0.557183 0.170991 0.551897 0.169703 0.554642 0.172753 0.554337 0.174515 0.557082 0.176955 0.557692 0.178107 0.558911 0.178039 0.558076 0.180715 0.557572 0.183656 0.555430 0.185252 0.552531 0.186177 0.547489 0.185084 0.542700 0.182228 0.538667 0.179539 0.537911 0.177438 0.534004 0.174245 0.531987 0.172985 0.528080 0.171557 0.525434 0.167020 0.520266 0.159542 0.516863 0.151980
1 0.488377 0.661125 0.480296 0.650862 0.459898 0.628284 0.446813 0.606476 0.431804 0.592108 0.393319 0.579536 0.364070 0.567991 0.339825 0.555675 0.307497 0.539768 0.287100 0.528992 0.278633 0.528992 0.276324 0.529249 0.273245 0.531814 0.276709 0.538742 0.285945 0.549518 0.307112 0.564399 0.332127 0.577997 0.354064 0.587746 0.372537 0.595443 0.395243 0.603140 0.420643 0.621870 0.441810 0.642395 0.455280 0.660355 0.461823 0.667796
1 0.490687 0.662408 0.501462 0.654454 0.529172 0.643422 0.559190 0.631876 0.578048 0.628541 0.613454 0.624436 0.641164 0.623922 0.656558 0.625462 0.688116 0.631363 0.713516 0.637264 0.753541 0.650349 0.774708 0.664717 0.784329 0.680881 0.784329 0.687038 0.777786 0.683703 0.761238 0.677802 0.746613 0.674466 0.701586 0.671901 0.645397 0.669335 0.586130 0.669592 0.544951 0.672414 0.530711 0.673953 0.511084 0.674723 0.492996 0.675236 0.485683 0.671901 0.499923 0.669078
1 0.457153 0.662801 0.440476 0.656130 0.406609 0.638170 0.390445 0.633723 0.365815 0.631158 0.333744 0.628592 0.283970 0.623632 0.254464 0.622263 0.251642 0.624658 0.248050 0.624829 0.250872 0.628592 0.262931 0.631500 0.286535 0.635776 0.302186 0.637999 0.321429 0.639197 0.350164 0.643473 0.377104 0.649459 0.426878 0.666393 0.461771 0.679392 0.468442 0.680248
1 0.488748 0.699349 0.493855 0.696579 0.500087 0.694848 0.508396 0.693290 0.513329 0.693290 0.518609 0.694444 0.526485 0.697964 0.531419 0.702465 0.532025 0.705466 0.527870 0.709505 0.524062 0.710659 0.520859 0.711755 0.512464 0.711928 0.504674 0.712159 0.494028 0.712447 0.485546 0.710659 0.480352 0.711063 0.478708 0.709158 0.479920 0.708178 0.484074 0.706273 0.490393 0.703504 0.493941 0.702234