1 0.394583 0.605541 0.400702 0.617603 0.382344 0.620619 0.387133 0.624876 0.404693 0.632148 0.441411 0.636228 0.475468 0.635873 0.508727 0.639421 0.541188 0.642259 0.576575 0.641372 0.607971 0.639776 0.642561 0.638179 0.657195 0.635873 0.657195 0.629133 0.658525 0.618313 0.650011 0.607493 0.632450 0.596495 0.607705 0.585497 0.574713 0.576451 0.545977 0.571662 0.516709 0.570952 0.485579 0.575387 0.435026 0.587094 0.398042 0.602171
1 0.305257 0.606559 0.286371 0.609077 0.263709 0.614409 0.242157 0.622556 0.223716 0.632332 0.211940 0.639146 0.205052 0.647292 0.202831 0.651884 0.197720 0.658105 0.200609 0.658550 0.220161 0.655439 0.255932 0.649218 0.312145 0.642108 0.357248 0.635146 0.378355 0.632184 0.374800 0.627000 0.357914 0.613372 0.354359 0.613224 0.337918 0.613076 0.317477 0.609077
1 0.167948 0.502429 0.175058 0.505392 0.186611 0.502281 0.200609 0.503910 0.219939 0.512650 0.251044 0.530128 0.300813 0.553976 0.349027 0.574268 0.341917 0.605818 0.344139 0.609521 0.350582 0.609521 0.346583 0.611151 0.340584 0.612780 0.307701 0.606411 0.277040 0.596487 0.246601 0.581082 0.220383 0.564048 0.197498 0.543607 0.183723 0.526277 0.170614 0.511020 0.167726 0.503910
1 0.349138 0.572455 0.350062 0.554187 0.349446 0.525041 0.350369 0.512931 0.352525 0.499795 0.360222 0.488711 0.372537 0.480706 0.385468 0.477217 0.389470 0.475164 0.400862 0.480911 0.419951 0.489532 0.432882 0.504721 0.435961 0.517036 0.431342 0.529146 0.417796 0.549466 0.406712 0.576765 0.399631 0.592159 0.394704 0.605706 0.355911 0.613095 0.350985 0.609195 0.345135 0.609195 0.342365 0.606117 0.346675 0.586823
0 0.549274 0.144538 0.550564 0.145336 0.551669 0.148774 0.553971 0.149388 0.556182 0.149143 0.559497 0.147362 0.559774 0.144599 0.558669 0.143248 0.554892 0.142205 0.552314 0.142082 0.550379 0.142696 0.549827 0.143985
0 0.535367 0.145582 0.537117 0.147853 0.535091 0.150555 0.534538 0.152581 0.529841 0.154546 0.526065 0.154301 0.521091 0.152765 0.519894 0.151415 0.519065 0.149204 0.519618 0.147608 0.521091 0.145827 0.523670 0.144845 0.526709 0.144231 0.527630 0.143924 0.530209 0.143862 0.533433 0.144292
0 0.543103 0.150371 0.548722 0.151169 0.551761 0.153687 0.550195 0.156388 0.548445 0.157616 0.546603 0.158230 0.542459 0.158476 0.538867 0.157800 0.537393 0.157432 0.537393 0.155958 0.537393 0.154116 0.537854 0.152827 0.539327 0.151108 0.540064 0.150801 0.541814 0.150555
0 0.549643 0.151537 0.555445 0.151906 0.559037 0.153687 0.560050 0.157064 0.558576 0.162283 0.553511 0.165353 0.549366 0.165782 0.541998 0.165230 0.537301 0.163142 0.537025 0.161116 0.538498 0.158537 0.540893 0.158230 0.542919 0.158353 0.547801 0.158107 0.550379 0.156634 0.552221 0.153564
0 0.478069 0.172566 0.482470 0.170896 0.490514 0.170491 0.493853 0.173071 0.496509 0.176410 0.496130 0.180306 0.494460 0.183139 0.490211 0.185365 0.484595 0.186731 0.477538 0.185567 0.474958 0.183392 0.474502 0.179901 0.474730 0.175803 0.475261 0.174184 0.476172 0.173223
0 0.495523 0.168721 0.497572 0.171604 0.498027 0.175753 0.498710 0.177979 0.503718 0.179749 0.510396 0.179395 0.515405 0.178131 0.519806 0.176107 0.522159 0.173830 0.524360 0.170542 0.525422 0.168063 0.525118 0.166090 0.523069 0.164673 0.518896 0.161941 0.516088 0.160677 0.514494 0.160272 0.509941 0.160272 0.505008 0.161334 0.500835 0.163105 0.498027 0.165078 0.495674 0.167557
2 0.386351 0.188314 0.385920 0.184387 0.386925 0.178065 0.390517 0.173276 0.396264 0.170115 0.400862 0.168966 0.405029 0.168966 0.411207 0.169732 0.417241 0.172031 0.422557 0.175096 0.424569 0.177107 0.426437 0.175670 0.435920 0.173755 0.442385 0.173084 0.448563 0.173755 0.454885 0.174808 0.459483 0.177299 0.463362 0.180268 0.464224 0.182280 0.463937 0.186973 0.462787 0.191188 0.465805 0.193774 0.469540 0.197701 0.468678 0.200670 0.467098 0.204023 0.462069 0.208429 0.453017 0.214176 0.447845 0.216475 0.441810 0.218103 0.437356 0.218103 0.431034 0.218103 0.425431 0.218966 0.421552 0.223084 0.414799 0.226916 0.406753 0.229789 0.396983 0.231801 0.387644 0.231322 0.378592 0.229119 0.375144 0.224425 0.374856 0.220402 0.373707 0.219349 0.366092 0.215996 0.360489 0.212356 0.358908 0.210728 0.358333 0.207184 0.358477 0.203640 0.360920 0.200575 0.364511 0.196264 0.369971 0.192912 0.374138 0.190517 0.378736 0.189559 0.383333 0.188985
0 0.498144 0.217992 0.493714 0.212883 0.491918 0.211806 0.490421 0.210049 0.491200 0.207016 0.495271 0.202826 0.502514 0.199433 0.511494 0.197597 0.517481 0.198236 0.521851 0.199473 0.522091 0.201349 0.524784 0.202267 0.526640 0.204622 0.526341 0.207615 0.524545 0.211965 0.521971 0.214280 0.517900 0.217193 0.513230 0.218670 0.505687 0.219468 0.502395 0.219389 0.498384 0.218710
2 0.477011 0.172961 0.475062 0.172961 0.473214 0.174535 0.470135 0.178229 0.467159 0.184387 0.467672 0.188697 0.471675 0.193281 0.479064 0.198550 0.480706 0.212165 0.485016 0.218254 0.483067 0.222017 0.487479 0.226327 0.493227 0.228243 0.497640 0.228311 0.498666 0.226327 0.496408 0.222633 0.497742 0.221333 0.501437 0.223454 0.505747 0.223522 0.510981 0.222017 0.516010 0.219828 0.521244 0.218391 0.526478 0.216133 0.530788 0.215380 0.532738 0.214765 0.534893 0.212917 0.535714 0.207375 0.534175 0.208128 0.533662 0.207581 0.529454 0.210865 0.524323 0.214286 0.521346 0.214696 0.518165 0.217091 0.512931 0.218596 0.506158 0.219349 0.498255 0.218801 0.493534 0.212849 0.491277 0.211138 0.490045 0.210112 0.491071 0.206828 0.495998 0.202313 0.503181 0.199371 0.513547 0.197523 0.520218 0.198686 0.518678 0.192255 0.516626 0.189518 0.514984 0.188629 0.513136 0.185619 0.505952 0.181240 0.484914 0.186645 0.477319 0.185550 0.474651 0.183087 0.474959 0.175903 0.475472 0.173851
0 0.556385 0.307507 0.557146 0.308573 0.556232 0.310756 0.557756 0.311975 0.558289 0.313295 0.558289 0.314564 0.557070 0.316188 0.554862 0.317762 0.551282 0.318219 0.547399 0.318219 0.543972 0.317508 0.541915 0.316087 0.541078 0.314513 0.540697 0.312381 0.541382 0.310655 0.542677 0.308725 0.543439 0.307964 0.545799 0.307151 0.547779 0.306694 0.550216 0.306542 0.552806 0.306542 0.554709 0.306796 0.555547 0.307101
0 0.559431 0.319133 0.559431 0.320453 0.558593 0.322839 0.557603 0.324565 0.554786 0.326089 0.551739 0.327002 0.546485 0.327205 0.544962 0.326495 0.541306 0.321621 0.541459 0.319336 0.549988 0.322941 0.555699 0.320301
0 0.599994 0.296301 0.599078 0.298179 0.600557 0.300128 0.601261 0.302828 0.601297 0.303156 0.602459 0.303227 0.604396 0.302804 0.606086 0.302217 0.608234 0.300668 0.608304 0.299306 0.607882 0.297663 0.607354 0.297404 0.606720 0.295996 0.605558 0.295691 0.603691 0.295597 0.602001 0.295902
0 0.595134 0.298790 0.593796 0.298696 0.590626 0.299564 0.588760 0.300996 0.586682 0.303203 0.589042 0.306396 0.592211 0.307781 0.595733 0.307640 0.598444 0.306302 0.600804 0.303274 0.601085 0.303015 0.600416 0.299987 0.598867 0.298696
0 0.226073 0.372566 0.227305 0.373856 0.229856 0.375850 0.232671 0.376554 0.235046 0.375264 0.236101 0.372742 0.234430 0.371100 0.231175 0.370103 0.228976 0.370103 0.226689 0.371452
0 0.245250 0.380307 0.256246 0.384002 0.255014 0.386582 0.252639 0.387169 0.249120 0.386875 0.247009 0.386465 0.244898 0.385820 0.243666 0.384764 0.243051 0.383298 0.243315 0.382184
0 0.299965 0.375792 0.302428 0.378665 0.303483 0.380776 0.298733 0.384236 0.296798 0.384354 0.294071 0.384354 0.291784 0.383240 0.289585 0.381246 0.288705 0.378783 0.288705 0.376671 0.289321 0.375674 0.291696 0.374971 0.293983 0.374795 0.296886 0.375147 0.298733 0.375498
0 0.267241 0.383181 0.265570 0.384706 0.264514 0.386524 0.263811 0.388459 0.264426 0.389925 0.266977 0.391098 0.270232 0.392564 0.273575 0.392505 0.276830 0.391977 0.278677 0.390981 0.280172 0.387814 0.278853 0.385527 0.275246 0.384002 0.271464 0.382829 0.268473 0.382946
2 0.378944 0.230038 0.378944 0.234318 0.380319 0.236916 0.379402 0.237680 0.375963 0.238139 0.369773 0.239973 0.364041 0.243794 0.359226 0.248685 0.356475 0.253118 0.355328 0.256175 0.355099 0.259079 0.358309 0.265805 0.363582 0.269167 0.371607 0.271613 0.373212 0.276657 0.376651 0.279255 0.380548 0.280937 0.388344 0.281854 0.400954 0.281090 0.412417 0.276045 0.417003 0.272071 0.418608 0.273906 0.437867 0.266722 0.444974 0.264888 0.452540 0.261066 0.463775 0.254647 0.468131 0.249144 0.468590 0.245017 0.467443 0.243794 0.468360 0.235999 0.467214 0.228662 0.457814 0.220561 0.444057 0.219338 0.429613 0.220714 0.424798 0.223313 0.420901 0.223924 0.413793 0.227592 0.402100 0.231108 0.395910 0.231719 0.386510 0.230802
2 0.508808 0.253196 0.514430 0.251739 0.522083 0.251114 0.533639 0.251947 0.547851 0.257673 0.552380 0.263295 0.551912 0.265898 0.549881 0.271520 0.542541 0.279746 0.541760 0.281307 0.541448 0.283285 0.540199 0.285264 0.536763 0.287138 0.534889 0.289012 0.532234 0.290157 0.514274 0.293385 0.513025 0.293280 0.515523 0.295883 0.513493 0.296820 0.507403 0.296820 0.505997 0.297341 0.503342 0.297861 0.498345 0.297133 0.495533 0.299527 0.491473 0.299736 0.488974 0.299527 0.487413 0.298694 0.486788 0.297029 0.486788 0.295987 0.487725 0.295050 0.489130 0.294738 0.489599 0.294009 0.487725 0.292968 0.483821 0.296508 0.474606 0.300048 0.466017 0.301610 0.459145 0.301610 0.451337 0.299215 0.448370 0.293489 0.447901 0.291719 0.443060 0.287138 0.437281 0.283077 0.436969 0.277767 0.439780 0.272666 0.449463 0.265898 0.464611 0.257569 0.466017 0.253925 0.469765 0.246637 0.477886 0.241848 0.487569 0.240598 0.499125 0.242368 0.506778 0.248303
2 0.347599 0.297311 0.346829 0.294643 0.346829 0.291051 0.347906 0.285817 0.350369 0.281507 0.354834 0.278120 0.358220 0.276273 0.363300 0.275554 0.370536 0.275965 0.373615 0.277504 0.376847 0.279762 0.382389 0.281609 0.387623 0.288177 0.392549 0.286433 0.398861 0.286022 0.408405 0.286741 0.418103 0.288280 0.423799 0.291154 0.429341 0.295772 0.429957 0.300185 0.427340 0.308087 0.425031 0.311063 0.426724 0.314963 0.427032 0.319479 0.424569 0.322660 0.416564 0.326457 0.407020 0.328202 0.397629 0.328407 0.394704 0.328202 0.394089 0.330665 0.392241 0.331999 0.387161 0.332204 0.383929 0.333436 0.378387 0.334154 0.374384 0.335591 0.371613 0.336412 0.368381 0.335489 0.366841 0.335078 0.359298 0.337233 0.353756 0.337541 0.349292 0.337644 0.340979 0.337028 0.336207 0.335796 0.334360 0.332923 0.332512 0.330152 0.328356 0.328407 0.320351 0.325123 0.315425 0.320300 0.313424 0.317426 0.313578 0.313013 0.317888 0.307163 0.326047 0.302135 0.335283 0.297824 0.340979 0.297824