0 0.046662 0.122385 0.046223 0.127296 0.046411 0.130679 0.040523 0.132370 0.033946 0.131497 0.031189 0.129697 0.030751 0.125659 0.033256 0.122003 0.038143 0.120421 0.042966 0.120312
0 0.072094 0.108362 0.072721 0.115674 0.071969 0.117474 0.068085 0.120639 0.062698 0.120530 0.059629 0.118129 0.052863 0.113382 0.051485 0.110217 0.051736 0.108362 0.053615 0.106780 0.055244 0.105580 0.058000 0.104379 0.060380 0.103943 0.065768 0.104707 0.070654 0.107653
0 0.093142 0.129315 0.112310 0.134498 0.112060 0.139409 0.111809 0.143828 0.110619 0.145793 0.105608 0.148084 0.098968 0.149612 0.093956 0.149285 0.088319 0.147539 0.087254 0.145029 0.087692 0.141700 0.088256 0.139136 0.087755 0.136735 0.087755 0.134171 0.088256 0.132807 0.089070 0.131879 0.090448 0.131006 0.092390 0.129806
0 0.159918 0.135426 0.163238 0.143883 0.163614 0.149230 0.162424 0.151194 0.159542 0.154086 0.155533 0.156596 0.147640 0.158833 0.142316 0.159051 0.136365 0.156869 0.134172 0.153431 0.132982 0.149776 0.132857 0.148630 0.132105 0.146447 0.130852 0.143446 0.131855 0.139027 0.134673 0.136080 0.141815 0.133134 0.148204 0.133025 0.153027 0.133079 0.156723 0.134389
0 0.212945 0.108250 0.220332 0.110599 0.226782 0.117034 0.227368 0.128269 0.222912 0.132151 0.219042 0.137360 0.211772 0.140015 0.206144 0.138585 0.199108 0.133070 0.193949 0.127759 0.190548 0.121324 0.191017 0.118873 0.194183 0.115298 0.199577 0.110804 0.206613 0.108352
0 0.219262 0.173915 0.225008 0.185980 0.228496 0.191700 0.228496 0.194381 0.226137 0.198224 0.222648 0.201173 0.216492 0.204927 0.210644 0.206714 0.203051 0.207787 0.194740 0.207876 0.187968 0.207161 0.182530 0.205016 0.178632 0.201173 0.177298 0.198224 0.177092 0.196079 0.176682 0.194470 0.175143 0.191164 0.175143 0.188572 0.176990 0.185176 0.179042 0.181065 0.185916 0.175703 0.194535 0.171055 0.205308 0.169268 0.211567 0.169894 0.217313 0.172217
1 0.685789 0.746838 0.677934 0.744350 0.661747 0.742069 0.656986 0.742691 0.650321 0.748082 0.641276 0.748497 0.638657 0.746838 0.634373 0.740411 0.633659 0.735642 0.623661 0.724445 0.611283 0.724653 0.603904 0.722372 0.582718 0.722994 0.572721 0.724860 0.564389 0.728385 0.560581 0.732532 0.554154 0.735020 0.531302 0.753473 0.523923 0.763218 0.518448 0.767365 0.486551 0.814224 0.472745 0.845532 0.467746 0.869791 0.467984 0.889281 0.474411 0.911881 0.479886 0.919759 0.479886 0.923906 0.489883 0.944226 0.500595 0.959154 0.506546 0.958947 0.512973 0.951897 0.516068 0.952727 0.517496 0.955007 0.553916 0.957495 0.580814 0.955629 0.599619 0.951482 0.616758 0.944433 0.626279 0.938835 0.633183 0.937176 0.651512 0.922662 0.671745 0.900892 0.673649 0.896330 0.679838 0.890525 0.694835 0.865851 0.700786 0.848849 0.705070 0.846569 0.704356 0.837446 0.710069 0.817748 0.713164 0.799502 0.711973 0.782501 0.709355 0.775036 0.702690 0.763425
1 0.705070 0.843458 0.703166 0.844910 0.700547 0.848642 0.698167 0.856936 0.697215 0.858387 0.693644 0.868547 0.691026 0.872901 0.688408 0.875803 0.686979 0.878914 0.677696 0.893220 0.663652 0.910844 0.657701 0.915820 0.656272 0.917893 0.645323 0.928053 0.635801 0.935517 0.635087 0.939457 0.639848 0.944226 0.644132 0.947128 0.649369 0.949824 0.653892 0.951690 0.659605 0.953141 0.665318 0.955629 0.670079 0.955629 0.673887 0.957288 0.677696 0.957703 0.679600 0.956459 0.683171 0.955215 0.689360 0.951068 0.694120 0.946921 0.704832 0.935103 0.707451 0.930334 0.709355 0.928468 0.712925 0.921833 0.715306 0.914576 0.716972 0.911881 0.720543 0.891147 0.721257 0.884719 0.721019 0.876425 0.719591 0.872693 0.719114 0.868961 0.716734 0.863363 0.708879 0.848227 0.705212 0.845077
1 0.834801 0.494091 0.824090 0.491603 0.811950 0.491603 0.797429 0.493676 0.771245 0.503628 0.763390 0.509434 0.759819 0.510471 0.748393 0.518350 0.726018 0.539498 0.696977 0.562720 0.673649 0.583869 0.665556 0.587808 0.658415 0.597761 0.648893 0.603359 0.624375 0.629691 0.618900 0.640265 0.615829 0.645262 0.614965 0.658220 0.622068 0.663320 0.625043 0.663655 0.626387 0.664240 0.627251 0.663487 0.638097 0.665578 0.648893 0.671574 0.649607 0.674684 0.646160 0.680125 0.641840 0.681630 0.633202 0.685392 0.629136 0.691271 0.619454 0.695767 0.622233 0.705163 0.630326 0.718433 0.638419 0.723409 0.651035 0.721750 0.657701 0.724445 0.658891 0.732739 0.656034 0.735849 0.657463 0.737715 0.662223 0.739996 0.680076 0.742691 0.695787 0.742484 0.716734 0.739996 0.740300 0.733361 0.771959 0.718018 0.810759 0.687124 0.825756 0.670122 0.837420 0.653950 0.853368 0.636326 0.866936 0.624715 0.880981 0.608542 0.891692 0.591748 0.896453 0.578478 0.898358 0.563964 0.896215 0.552353 0.889788 0.540535 0.883837 0.533485 0.876934 0.529753 0.871221 0.523948 0.861700 0.517728 0.856701 0.516898 0.845989 0.501970
1 0.668727 0.585471 0.664894 0.587580 0.657430 0.598298 0.647546 0.604097 0.623137 0.631508 0.618497 0.641875 0.606191 0.652945 0.600341 0.653296 0.599534 0.645213 0.600140 0.628169 0.601955 0.610774 0.604376 0.599704 0.613857 0.588634 0.627776 0.577916 0.642502 0.576159 0.661263 0.581254
0 0.415030 0.420140 0.424098 0.423178 0.421308 0.424317 0.417210 0.424317 0.415291 0.423861 0.414158 0.422798
0 0.450169 0.418697 0.449994 0.426368 0.449123 0.427355 0.445635 0.426064 0.443978 0.424241 0.443281 0.422494 0.442583 0.420292 0.442670 0.418925 0.443368 0.418393 0.444327 0.418317 0.448163 0.418241
0 0.468044 0.448241 0.471183 0.450140 0.471967 0.453405 0.470921 0.456064 0.469264 0.456975 0.466038 0.457051 0.462725 0.457127 0.459935 0.456064 0.458492 0.452925 0.457903 0.450964 0.457493 0.450444 0.457580 0.448545 0.458452 0.447709 0.460283 0.447026 0.462376 0.446950 0.465428 0.447026
0 0.517060 0.462533 0.518253 0.465687 0.518474 0.468918 0.517546 0.471765 0.515382 0.474073 0.513572 0.472880 0.509553 0.472803 0.508625 0.471573 0.508184 0.469341 0.507565 0.467764 0.507256 0.466226 0.506991 0.464187 0.506638 0.462379 0.506594 0.460917 0.507168 0.460263 0.508802 0.460109 0.512512 0.460225 0.515073 0.461686
2 0.576711 0.291793 0.584646 0.292804 0.593355 0.299210 0.597999 0.305447 0.603418 0.302244 0.609224 0.301401 0.616578 0.300727 0.628770 0.301907 0.642704 0.307301 0.648123 0.313538 0.647929 0.319775 0.640188 0.327530 0.628770 0.338824 0.633221 0.343712 0.629738 0.349443 0.624900 0.355006 0.618126 0.357703 0.603612 0.363772 0.586001 0.368492 0.580582 0.371020 0.570131 0.367143 0.555617 0.372200 0.546715 0.375403 0.523491 0.371357 0.511880 0.370009 0.497365 0.365626 0.495623 0.360569 0.497946 0.356355 0.499687 0.355006 0.493495 0.351129 0.488076 0.347589 0.480915 0.335284 0.481883 0.330564 0.487495 0.325338 0.501816 0.315561 0.521363 0.312021 0.535296 0.312190 0.538973 0.315898 0.543618 0.308144 0.553875 0.299547 0.563939 0.294659 0.572454 0.292299
2 0.454892 0.278665 0.450093 0.276031 0.449003 0.277456 0.453463 0.290276 0.454178 0.303546 0.453225 0.308936 0.451083 0.311217 0.444894 0.296496 0.435611 0.285507 0.432278 0.284470 0.427041 0.285507 0.424423 0.288410 0.421804 0.294630 0.421804 0.312046 0.422518 0.318267 0.426565 0.333817 0.426089 0.337757 0.429898 0.342525 0.431564 0.349782 0.435849 0.357661 0.437737 0.360233 0.432992 0.360149 0.427755 0.360771 0.423947 0.362015 0.418472 0.366369 0.416091 0.367199 0.412479 0.366881 0.406570 0.365333 0.403237 0.361393 0.396852 0.356751 0.398715 0.361186 0.400143 0.364503 0.401809 0.366162 0.402285 0.369065 0.405380 0.373004 0.410855 0.376944 0.415853 0.378603 0.418294 0.380018 0.429422 0.377358 0.434896 0.374248 0.440371 0.373419 0.440847 0.377773 0.439181 0.384823 0.441189 0.385082 0.447274 0.382335 0.459905 0.361974 0.450131 0.384615 0.448465 0.387518 0.447751 0.392494 0.448457 0.396478 0.455726 0.391888 0.458938 0.390006 0.462747 0.386689 0.467032 0.380883 0.467508 0.376322 0.469174 0.373004 0.470840 0.361393 0.469650 0.358283 0.469174 0.353307 0.464889 0.344806 0.461795 0.341696 0.460843 0.337342 0.461795 0.333817 0.470602 0.317230 0.472269 0.311839 0.473459 0.310388 0.474887 0.304168 0.474411 0.299813 0.473351 0.295024 0.469650 0.290276 0.467032 0.286958
2 0.404189 0.225378 0.410617 0.220817 0.411331 0.213975 0.415139 0.210035 0.426803 0.204852 0.437277 0.200705 0.446560 0.199046 0.452035 0.198424 0.454892 0.199668 0.457510 0.202986 0.459891 0.194692 0.468222 0.181837 0.480124 0.172714 0.488931 0.170641 0.493454 0.170433 0.503214 0.172507 0.509641 0.178105 0.512497 0.183496 0.522495 0.180178 0.535825 0.179556 0.541300 0.184947 0.543442 0.193033 0.543680 0.200290 0.538681 0.208791 0.534873 0.214804 0.537491 0.220195 0.534397 0.228074 0.530350 0.234916 0.518448 0.241966 0.502261 0.252540 0.495596 0.254613 0.488693 0.254821 0.484885 0.253991 0.477743 0.253991 0.472507 0.259175 0.462985 0.263322 0.452273 0.263322 0.432040 0.261663 0.423947 0.258760 0.417520 0.256272 0.416806 0.253577 0.417758 0.249222 0.417044 0.247356 0.413711 0.246112 0.413235 0.238233 0.408712 0.233465 0.406094 0.230355 0.404904 0.227659
2 0.288073 0.142339 0.299489 0.152071 0.292688 0.154398 0.288073 0.157360 0.285401 0.160745 0.285158 0.168574 0.287344 0.172593 0.290745 0.181903 0.303618 0.185711 0.321350 0.191635 0.328879 0.184653 0.333009 0.182326 0.342482 0.182114 0.346854 0.179787 0.349283 0.174286 0.350497 0.164765 0.353412 0.148474 0.352197 0.143820 0.350254 0.138531 0.353169 0.131972 0.351955 0.116739 0.351712 0.111238 0.361670 0.115046 0.368957 0.123932 0.370172 0.135569 0.370172 0.143185 0.373815 0.146570 0.374544 0.155456 0.376973 0.166246 0.374058 0.168362 0.366043 0.165188 0.361913 0.166035 0.358513 0.169843 0.356813 0.173017 0.353655 0.181268 0.350983 0.189519 0.350254 0.192693 0.347340 0.192904 0.344911 0.190154 0.344425 0.188250 0.342239 0.192270 0.333494 0.197136 0.329608 0.201790 0.317706 0.202637 0.300946 0.202637 0.295117 0.200309 0.293417 0.197347 0.292688 0.192481 0.285401 0.188884 0.279571 0.180210 0.277385 0.173863 0.278114 0.166035 0.279329 0.160534 0.280300 0.155245 0.281758 0.151436 0.285887 0.146993
2 0.289080 0.143336 0.283586 0.132769 0.283586 0.127785 0.282671 0.122602 0.281069 0.113630 0.280611 0.104260 0.280382 0.094491 0.282671 0.085918 0.290911 0.078941 0.297090 0.076748 0.305330 0.077944 0.313112 0.083925 0.320665 0.092697 0.321581 0.111437 0.322268 0.093295 0.326159 0.078741 0.331194 0.069371 0.335772 0.067178 0.346529 0.076349 0.353167 0.086716 0.354540 0.093893 0.353625 0.100472 0.352022 0.106254 0.351794 0.110440 0.351794 0.115424 0.352709 0.128583 0.349962 0.137753 0.353625 0.144332 0.352709 0.150911 0.349047 0.173838 0.343325 0.182012 0.331423 0.182012 0.322039 0.190386 0.289995 0.181016 0.285875 0.169452 0.284044 0.163272 0.287706 0.158288 0.295488 0.154101 0.298693 0.151510
2 0.399754 0.164803 0.413987 0.180193 0.417423 0.186820 0.418159 0.196225 0.413742 0.206485 0.410551 0.218882 0.405153 0.225081 0.413496 0.237906 0.412515 0.253724 0.408097 0.271466 0.403680 0.280229 0.393864 0.282581 0.385521 0.279374 0.384784 0.263557 0.388465 0.258854 0.392883 0.250945 0.389447 0.250732 0.382085 0.255007 0.370797 0.266549 0.359263 0.271252 0.347484 0.269114 0.337177 0.259709 0.337177 0.256289 0.331778 0.251159 0.345275 0.255434 0.350183 0.253510 0.353373 0.249449 0.358527 0.247953 0.369815 0.244960 0.364662 0.238761 0.355827 0.223158 0.352882 0.213111 0.350428 0.195583 0.350183 0.191950 0.352392 0.185323 0.355827 0.176987 0.359017 0.168437 0.363925 0.165658 0.367361 0.165444 0.374478 0.169506 0.380367 0.179766 0.383067 0.185751 0.386502 0.199431 0.387975 0.187675 0.388465 0.177842 0.392146 0.170788 0.395091 0.165872