2 0.716111 0.396250 0.708889 0.391000 0.705000 0.389250 0.693889 0.385750 0.688889 0.385000 0.686111 0.383750 0.677222 0.382750 0.673889 0.382750 0.670000 0.382000 0.661111 0.382250 0.658333 0.380750 0.657778 0.376250 0.656111 0.372750 0.651667 0.369250 0.645556 0.366000 0.633889 0.362750 0.622222 0.363250 0.611667 0.365250 0.602778 0.369500 0.597222 0.373250 0.594444 0.376750 0.594444 0.377750 0.592778 0.379000 0.588333 0.380000 0.578889 0.380750 0.570556 0.382500 0.567222 0.383750 0.561667 0.385000 0.547778 0.391000 0.543333 0.396250 0.541667 0.400000 0.541667 0.404500 0.542778 0.406500 0.542222 0.411000 0.542778 0.413500 0.543889 0.415000 0.551111 0.420500 0.556667 0.423250 0.558889 0.423500 0.562222 0.424750 0.567222 0.425250 0.575000 0.426750 0.577222 0.426500 0.591667 0.426750 0.599444 0.426000 0.603333 0.424750 0.608333 0.427750 0.613333 0.428500 0.618889 0.428500 0.624444 0.427500 0.626667 0.426500 0.630000 0.426500 0.640000 0.428000 0.655000 0.428000 0.657778 0.428500 0.665556 0.428250 0.671111 0.427500 0.673889 0.426500 0.677222 0.426250 0.682222 0.424500 0.686667 0.423750 0.693333 0.421000 0.697222 0.416500 0.708889 0.412000 0.713889 0.408250 0.717222 0.404750 0.717778 0.399250
1 0.486590 0.644828 0.457854 0.644181 0.420019 0.646121 0.370211 0.651940 0.326149 0.659267 0.286877 0.669828 0.245690 0.689655 0.215038 0.712500 0.217912 0.719397 0.227490 0.727155 0.232280 0.725000 0.242816 0.728233 0.276341 0.726509 0.339559 0.716379 0.391284 0.695905 0.444923 0.679095 0.494253 0.666164 0.516762 0.656681 0.517241 0.654095 0.494253 0.653448 0.486590 0.648707
1 0.532703 0.643085 0.532309 0.638475 0.538416 0.634309 0.543144 0.630408 0.557329 0.625621 0.575847 0.621897 0.626675 0.617642 0.652285 0.615426 0.654452 0.622074 0.653664 0.629965 0.649921 0.635816 0.644996 0.641844 0.631994 0.650709 0.601852 0.662234 0.581560 0.665603 0.571513 0.665337 0.564618 0.665337 0.555359 0.663475 0.535763 0.658642 0.536249 0.657181 0.544917 0.656915 0.563042 0.653989 0.571710 0.653103 0.569149 0.650709 0.561663 0.646543 0.553191 0.644681 0.545311 0.643262
1 0.539494 0.613270 0.534755 0.613981 0.532385 0.631635 0.546340 0.627488 0.577409 0.621445 0.635861 0.617062 0.661137 0.613744 0.691680 0.609953 0.718009 0.601066 0.735124 0.591588 0.744339 0.583531 0.746709 0.574408 0.721169 0.577370 0.698262 0.571090 0.674302 0.568602 0.641917 0.571327 0.627435 0.574171 0.612428 0.583175 0.593997 0.591825 0.571880 0.601540 0.571617 0.610071 0.567667 0.615640 0.560821 0.615995 0.551869 0.615877 0.545550 0.615166 0.540548 0.614455
1 0.481707 0.561585 0.509091 0.527955 0.527778 0.512955 0.553535 0.496818 0.573737 0.491364 0.585859 0.488864 0.625758 0.482955 0.632323 0.482500 0.643434 0.474545 0.655556 0.471364 0.660101 0.473864 0.656061 0.477500 0.662626 0.495227 0.666162 0.511818 0.666162 0.525682 0.663131 0.537045 0.650000 0.556364 0.633333 0.570455 0.623232 0.576591 0.597222 0.590396 0.570461 0.601677 0.539394 0.578182 0.515657 0.571136 0.497967 0.564787
1 0.104938 0.572037 0.102058 0.569444 0.104938 0.565185 0.119342 0.565185 0.134156 0.564630 0.165432 0.564074 0.199177 0.566111 0.254321 0.574074 0.304115 0.581481 0.320988 0.580741 0.331276 0.580000 0.348560 0.580741 0.403292 0.592407 0.442073 0.599238 0.462737 0.603049 0.485772 0.606098 0.498354 0.606296 0.505761 0.607963 0.494650 0.621111 0.482305 0.632778 0.467078 0.628148 0.409877 0.621667 0.345679 0.614074 0.319753 0.611852 0.283128 0.606296 0.269136 0.602222 0.223457 0.590926 0.186831 0.580370 0.160082 0.577037 0.138683 0.572593 0.118930 0.569815
1 0.364499 0.547409 0.360434 0.543293 0.354336 0.539329 0.320122 0.534756 0.315041 0.535366 0.315379 0.541463 0.319106 0.543902 0.315379 0.547866 0.317412 0.549543 0.350271 0.551829 0.358062 0.551372 0.376016 0.562195 0.408537 0.582317 0.434621 0.596799 0.461043 0.602744 0.474932 0.603659 0.483740 0.605640 0.503049 0.605030 0.509146 0.599543 0.512873 0.590244 0.513550 0.578963 0.513889 0.573018 0.514566 0.570579 0.510501 0.567835 0.492547 0.564024 0.469512 0.558689 0.435637 0.553201 0.415989 0.551524 0.390583 0.550305 0.375000 0.549085
0 0.590373 0.232056 0.595684 0.237064 0.597117 0.239643 0.596611 0.243741 0.593323 0.246244 0.589361 0.246434 0.584640 0.246548 0.580846 0.246244 0.577559 0.245334 0.575367 0.244613 0.573343 0.241351 0.574271 0.236229 0.577053 0.234560 0.580762 0.233156 0.586410 0.231942 0.589614 0.231866
0 0.634210 0.257815 0.638257 0.258536 0.641207 0.260395 0.641713 0.263885 0.638510 0.267678 0.633114 0.271737 0.628646 0.273672 0.619373 0.273141 0.612713 0.273179 0.606306 0.269689 0.606137 0.266768 0.612797 0.261760 0.618951 0.258536 0.622745 0.255918 0.625948 0.255046 0.630754 0.256146
0 0.555556 0.274875 0.558421 0.276872 0.559993 0.278661 0.559993 0.280033 0.559900 0.282488 0.558236 0.286980 0.554816 0.290183 0.549917 0.290308 0.542060 0.290349 0.537068 0.290183 0.534942 0.289809 0.530043 0.287562 0.527362 0.284942 0.526437 0.283319 0.526253 0.281448 0.526253 0.279867 0.525975 0.276872 0.535127 0.273378 0.540488 0.272671 0.542244 0.272296 0.545572 0.272296 0.550102 0.272920 0.552875 0.273752
0 0.558237 0.306099 0.560322 0.307842 0.567769 0.310992 0.570748 0.317158 0.570748 0.322654 0.567918 0.326676 0.560471 0.328619 0.554960 0.329357 0.548257 0.329290 0.542598 0.328418 0.532916 0.326340 0.527703 0.323995 0.526661 0.322185 0.528597 0.316756 0.533810 0.310791 0.542449 0.307172 0.555258 0.306300
0 0.629431 0.337198 0.631665 0.340550 0.631218 0.344035 0.629878 0.346850 0.625856 0.349933 0.613643 0.353284 0.582663 0.352480 0.577748 0.349799 0.577003 0.346113 0.579833 0.340617 0.583259 0.337265 0.588770 0.334450 0.592642 0.333244 0.599791 0.332507 0.613494 0.332105 0.624367 0.334920
0 0.391689 0.327683 0.400542 0.332967 0.404517 0.333577 0.406233 0.332927 0.407136 0.332073 0.407498 0.330488 0.406052 0.327927 0.404065 0.326545 0.401536 0.326016 0.399097 0.325813 0.396387 0.325691 0.394670 0.325691 0.393315 0.325813 0.392141 0.326504 0.391599 0.327154
0 0.406504 0.344797 0.407046 0.346992 0.406956 0.349797 0.406956 0.351463 0.404697 0.351951 0.400813 0.351748 0.396477 0.351057 0.392231 0.350447 0.390154 0.349715 0.388799 0.348780 0.388257 0.348008 0.388979 0.345244 0.390063 0.344065 0.391418 0.343130 0.392141 0.342967 0.394219 0.342927 0.396658 0.342886 0.400361 0.343171
0 0.444512 0.390054 0.453245 0.393833 0.455865 0.396796 0.455932 0.399274 0.454252 0.401179 0.451297 0.402358 0.448206 0.403023 0.445788 0.403597 0.444512 0.403537 0.441690 0.402993 0.438130 0.402207 0.436518 0.401421 0.434569 0.399667 0.433763 0.397793 0.433763 0.395919 0.434368 0.394105 0.434838 0.393168 0.438130 0.392019 0.440212 0.391112 0.441690 0.390689 0.443370 0.390538
0 0.469506 0.357762 0.472365 0.361921 0.470459 0.365480 0.469411 0.367281 0.465885 0.367496 0.462169 0.367453 0.458643 0.367238 0.455784 0.366724 0.452068 0.364880 0.450924 0.363937 0.449781 0.361878 0.449781 0.360592 0.452163 0.358233 0.454355 0.357118 0.458071 0.356775 0.461692 0.357033 0.465599 0.357419
2 0.411654 0.346147 0.422097 0.343985 0.432331 0.345019 0.439223 0.346711 0.439641 0.340695 0.443818 0.332801 0.451337 0.326128 0.457185 0.323590 0.469716 0.322086 0.486007 0.324342 0.497911 0.334023 0.499373 0.338064 0.512949 0.338910 0.520050 0.340414 0.527987 0.344079 0.531955 0.348778 0.531955 0.353383 0.529657 0.358741 0.532790 0.362594 0.533208 0.368139 0.530075 0.374436 0.521721 0.380357 0.514829 0.383365 0.506057 0.385432 0.495196 0.386466 0.486007 0.384586 0.483918 0.383459 0.478488 0.379323 0.472431 0.384398 0.461362 0.388722 0.442565 0.389850 0.428780 0.389756 0.416458 0.388910 0.407686 0.386748 0.400585 0.384023 0.397870 0.381955 0.396825 0.379417 0.396408 0.377350 0.394319 0.374248 0.386591 0.369361 0.382206 0.363816 0.381997 0.360902 0.382623 0.357895 0.385756 0.355263 0.389307 0.353102 0.392022 0.352068 0.393484 0.351598 0.395155 0.351410 0.402673 0.352068 0.406850 0.351222 0.407477 0.349624 0.408521 0.348026
2 0.450412 0.403056 0.456584 0.403704 0.472840 0.408796 0.472840 0.402037 0.473457 0.390741 0.478189 0.388889 0.493827 0.399537 0.493827 0.405370 0.488066 0.415000 0.481070 0.422870 0.482099 0.425556 0.486626 0.425648 0.490329 0.427685 0.490329 0.430463 0.490123 0.435093 0.489095 0.436944 0.477778 0.450833 0.471605 0.453148 0.466667 0.453148 0.463786 0.451481 0.463786 0.449074 0.456379 0.446852 0.453909 0.446759 0.444650 0.448426 0.436420 0.449537 0.430864 0.448611 0.420782 0.445000 0.417078 0.442500 0.413992 0.438611 0.432099 0.443611 0.438889 0.443519 0.445062 0.443611 0.445473 0.442130 0.444239 0.438704 0.439712 0.431852 0.435802 0.426296 0.435802 0.421667 0.434362 0.411944 0.441564 0.405556