2 0.535550 0.385783 0.540586 0.391959 0.540989 0.397733 0.540586 0.403373 0.547233 0.402433 0.555692 0.403910 0.565360 0.408341 0.572007 0.414115 0.574021 0.417070 0.573618 0.420561 0.572208 0.423112 0.566367 0.426738 0.557908 0.432109 0.556901 0.435331 0.552268 0.437211 0.545823 0.439360 0.533738 0.439091 0.531925 0.440568 0.526285 0.438957 0.523264 0.438420 0.511783 0.437077 0.508157 0.434794 0.508762 0.432243 0.506546 0.432780 0.498892 0.435734 0.493252 0.435734 0.484592 0.433183 0.473514 0.427543 0.472708 0.425126 0.474552 0.416832 0.472506 0.409013 0.474521 0.404044 0.479959 0.399345 0.485599 0.396928 0.491843 0.396122 0.498892 0.396122 0.505942 0.395719 0.510574 0.389811 0.517624 0.385514 0.522257 0.383768 0.530716 0.384171
0 0.450865 0.386871 0.452655 0.388569 0.453619 0.391369 0.453688 0.393435 0.452793 0.394996 0.450796 0.396510 0.447973 0.397337 0.445907 0.397291 0.441707 0.395409 0.438884 0.393159 0.437989 0.391691 0.438333 0.390176 0.439228 0.388799 0.440537 0.387789 0.441776 0.387513 0.443773 0.387789 0.445425 0.386412 0.447215 0.386320 0.450107 0.386595
0 0.461993 0.344050 0.467128 0.349651 0.467828 0.354164 0.465650 0.356394 0.461682 0.358158 0.452034 0.359455 0.446899 0.360855 0.443709 0.360959 0.438729 0.359092 0.437718 0.356550 0.436784 0.352971 0.436006 0.347214 0.436784 0.344828 0.439430 0.343583 0.444176 0.341715 0.451334 0.341508 0.457169 0.342027 0.461292 0.343635
0 0.370305 0.269539 0.370647 0.271193 0.369364 0.274328 0.368381 0.276010 0.362565 0.276409 0.358332 0.276694 0.356108 0.276124 0.355894 0.273758 0.356236 0.272561 0.357134 0.270109 0.357861 0.268627 0.359059 0.267772 0.361710 0.267629 0.364190 0.267430 0.366200 0.267430 0.368594 0.268199
0 0.380239 0.286965 0.382586 0.288886 0.382586 0.291126 0.381572 0.292371 0.378905 0.294434 0.375011 0.294362 0.370423 0.293580 0.367169 0.291553 0.366262 0.289775 0.365622 0.287890 0.366795 0.286396 0.369036 0.286112 0.371490 0.285863 0.373837 0.285720 0.376344 0.285720 0.378798 0.285863
2 0.462257 0.344441 0.460046 0.340480 0.458389 0.335323 0.467368 0.327494 0.470408 0.326113 0.472895 0.326941 0.474138 0.333481 0.477039 0.352454 0.477039 0.355125 0.478421 0.355585 0.478282 0.349875 0.479664 0.343520 0.484223 0.340020 0.487539 0.340020 0.493479 0.343612 0.498315 0.351164 0.499972 0.359085 0.497347 0.368019 0.498867 0.370137 0.498867 0.373084 0.505222 0.369769 0.513511 0.368019 0.511439 0.372532 0.506051 0.376676 0.496933 0.375939 0.494584 0.378150 0.488229 0.378979 0.481460 0.377874 0.479250 0.377689 0.474138 0.378242 0.471099 0.376216 0.466401 0.366453 0.465987 0.358164 0.467783 0.353467 0.467230 0.349230
0 0.435317 0.279417 0.436146 0.282641 0.435179 0.284851 0.432554 0.287706 0.428410 0.288259 0.419706 0.288443 0.417634 0.285680 0.418324 0.280707 0.421364 0.276746 0.425785 0.275641 0.430482 0.275457 0.433383 0.277023
0 0.480217 0.309719 0.481598 0.313310 0.481322 0.317363 0.479940 0.319850 0.477039 0.321415 0.471789 0.322244 0.465987 0.322336 0.457283 0.321415 0.456731 0.319850 0.454935 0.318468 0.458250 0.311837 0.464467 0.307692 0.469164 0.306587 0.474414 0.306587
2 0.415009 0.348125 0.412384 0.344257 0.405753 0.342138 0.401055 0.340849 0.395529 0.342138 0.391661 0.343151 0.386550 0.346835 0.383372 0.353190 0.383372 0.356782 0.378537 0.356414 0.373563 0.357703 0.367346 0.359822 0.360853 0.363322 0.357676 0.367006 0.355465 0.370966 0.354913 0.374097 0.358366 0.377413 0.364583 0.380268 0.364031 0.383031 0.365550 0.385794 0.369419 0.387913 0.376050 0.389570 0.385030 0.390676 0.391799 0.390307 0.398569 0.390031 0.406029 0.388005 0.409345 0.385334 0.412108 0.383308 0.421364 0.385150 0.425232 0.385334 0.431587 0.382479 0.442087 0.378518 0.447475 0.375018 0.446784 0.360927 0.444159 0.360927 0.438633 0.358716 0.435455 0.347572 0.431587 0.346927 0.431311 0.349506 0.429791 0.352269 0.426890 0.353559 0.423712 0.352730 0.422193 0.350519 0.420673 0.348401
0 0.423160 0.321876 0.423022 0.326389 0.425094 0.330626 0.424265 0.332560 0.421640 0.334678 0.420811 0.335783 0.418048 0.335875 0.412798 0.335967 0.406858 0.335046 0.401332 0.333296 0.397325 0.330810 0.394700 0.328231 0.394839 0.325468 0.395806 0.322429 0.397325 0.320587 0.399812 0.318744 0.403680 0.318008 0.406443 0.318008 0.412246 0.317639 0.417772 0.319205
0 0.389313 0.292496 0.402851 0.297285 0.405338 0.302258 0.403128 0.304100 0.398845 0.304745 0.391109 0.305113 0.385168 0.302443 0.383648 0.300232 0.382129 0.296364 0.383648 0.295259 0.386550 0.294246
0 0.412384 0.339283 0.406029 0.340665 0.404095 0.339744 0.403819 0.337994 0.404095 0.336981 0.406305 0.336152 0.409206 0.336060 0.411141 0.336060
0 0.431449 0.347296 0.429653 0.345085 0.426061 0.344901 0.423436 0.345270 0.421916 0.347756 0.421916 0.350612 0.424403 0.352638 0.427443 0.353375 0.430482 0.352269 0.431587 0.349322
0 0.422055 0.353467 0.416943 0.354756 0.414456 0.353651 0.411002 0.352822 0.409206 0.350888 0.412246 0.348493 0.415561 0.348493 0.418186 0.349046 0.420259 0.350796
0 0.424127 0.361756 0.425370 0.364703 0.423298 0.367006 0.420259 0.368019 0.416114 0.367466 0.411831 0.364519 0.411002 0.361848 0.411693 0.359914 0.416114 0.358532 0.421364 0.358532 0.423160 0.359730
1 0.491041 0.644805 0.475406 0.616633 0.468222 0.608745 0.441176 0.578600 0.424273 0.560288 0.409483 0.549301 0.393425 0.542822 0.367647 0.543103 0.357505 0.537187 0.352857 0.543949 0.352434 0.558316 0.352434 0.587897 0.352857 0.611562 0.359195 0.631282 0.375254 0.652130 0.398918 0.668470 0.431880 0.686218 0.453009 0.690162 0.450473 0.685936 0.448360 0.676921 0.455544 0.667625 0.466531 0.657201
1 0.453818 0.701149 0.428879 0.694581 0.394397 0.690271 0.359606 0.687603 0.339594 0.689450 0.321429 0.691913 0.301724 0.693966 0.303571 0.699713 0.324815 0.701560 0.371613 0.699918 0.400246 0.699918 0.451663 0.709770
1 0.697244 0.603408 0.702708 0.606443 0.703922 0.611705 0.701190 0.621823 0.689959 0.643678 0.677513 0.661284 0.658390 0.680508 0.643516 0.689817 0.622572 0.699935 0.601323 0.705804 0.571272 0.711268 0.541525 0.710256 0.509956 0.705601 0.484762 0.708435 0.481423 0.693864 0.480512 0.668569 0.499939 0.650154 0.547899 0.627894 0.593128 0.609074 0.627125 0.601587 0.645641 0.597944 0.662943 0.597944 0.683281 0.602194 0.686013 0.605229 0.693601 0.603003
1 0.458831 0.742092 0.458831 0.747249 0.464173 0.744302 0.472830 0.744179 0.482224 0.748846 0.497697 0.757196 0.504697 0.760757 0.513723 0.763213 0.536748 0.768371 0.545406 0.769476 0.553695 0.768494 0.561800 0.762354 0.563826 0.756459 0.553879 0.743565 0.538775 0.736320 0.511328 0.736074 0.528091 0.740495 0.530301 0.744548 0.527538 0.745407 0.504329 0.741846 0.483698 0.740618
1 0.568884 0.603421 0.572137 0.599355 0.576610 0.595560 0.580677 0.595017 0.584336 0.594746 0.587996 0.598270 0.577830 0.604506 0.569697 0.611012 0.566851 0.618331 0.543673 0.629717 0.499756 0.649507 0.479831 0.666856 0.479831 0.696948 0.452180 0.688815 0.449740 0.676887 0.467225 0.657910 0.494063 0.643814 0.519681 0.627006 0.526187 0.618873 0.535540 0.612096 0.544079 0.607759 0.551399 0.604777 0.560345 0.603692 0.564818 0.603150