0 0.282355 0.066531 0.283590 0.062688 0.278237 0.059302 0.272060 0.058203 0.268353 0.058936 0.266294 0.060400 0.263961 0.063328 0.264098 0.065250 0.265059 0.066806 0.267530 0.068270 0.272197 0.069551 0.276727 0.070283 0.278786 0.070375 0.281257 0.067721
0 0.331087 0.066440 0.331224 0.064152 0.328753 0.062779 0.322027 0.059942 0.314477 0.059485 0.311319 0.060949 0.309398 0.062779 0.308711 0.064243 0.308711 0.066989 0.311319 0.070009 0.312555 0.071931 0.315849 0.073303 0.318595 0.073669 0.322988 0.073761 0.327106 0.073761 0.328753 0.073761 0.329714 0.072937 0.330400 0.071015 0.330675 0.068453
0 0.329389 0.113377 0.335175 0.111924 0.339536 0.110582 0.343142 0.109520 0.343897 0.106668 0.343645 0.104153 0.342471 0.101134 0.340459 0.098115 0.338530 0.095767 0.335427 0.093922 0.332492 0.092301 0.328383 0.092021 0.325364 0.092245 0.321590 0.093419 0.320836 0.094201 0.319494 0.095543 0.316559 0.096382 0.314630 0.097109 0.313791 0.098394 0.314043 0.099792 0.316559 0.103873 0.318068 0.106557 0.321171 0.108961 0.325867 0.112650 0.327880 0.113377
0 0.412493 0.134342 0.413332 0.131211 0.412661 0.127410 0.410648 0.123608 0.409810 0.121987 0.403604 0.119359 0.396644 0.117961 0.391361 0.117850 0.387671 0.117850 0.383478 0.118856 0.381633 0.119806 0.380040 0.122043 0.379537 0.124670 0.378698 0.127633 0.378111 0.129478 0.378027 0.131211 0.378614 0.134118 0.380208 0.136522 0.382136 0.138088 0.385155 0.139597 0.387000 0.140156 0.390019 0.140827 0.393457 0.141162 0.397902 0.141106 0.401088 0.140547 0.404275 0.139485 0.407462 0.138535 0.410397 0.137137
0 0.409810 0.122713 0.415932 0.121484 0.418699 0.121148 0.422221 0.121092 0.426749 0.121148 0.433039 0.123217 0.440670 0.126739 0.444779 0.133112 0.444108 0.137529 0.439831 0.142392 0.437567 0.145188 0.434045 0.148207 0.430691 0.146306 0.426330 0.142392 0.422808 0.139932 0.423227 0.131379 0.414422 0.128975 0.412745 0.128080
0 0.552091 0.193690 0.549187 0.193996 0.547047 0.195219 0.544601 0.197868 0.542309 0.198785 0.537723 0.199906 0.535125 0.200416 0.532373 0.200416 0.527635 0.200110 0.523967 0.199397 0.520451 0.197664 0.518311 0.195830 0.516739 0.189751 0.517170 0.178017 0.518391 0.172557 0.520833 0.168439 0.522773 0.164799 0.526149 0.162835 0.531394 0.161542 0.537500 0.160057 0.542313 0.159770 0.548204 0.159818 0.553619 0.161490 0.557746 0.163834 0.561262 0.166789 0.563555 0.170152 0.565542 0.174635 0.566306 0.178507 0.566612 0.181972 0.566612 0.185437 0.564777 0.188595 0.561415 0.191551 0.556829 0.192468
0 0.428440 0.205194 0.428141 0.201070 0.429638 0.198542 0.430635 0.195615 0.431234 0.192422 0.431733 0.190693 0.429737 0.187700 0.422154 0.184041 0.416667 0.182312 0.408884 0.181580 0.402798 0.181247 0.391822 0.183309 0.387133 0.186303 0.386634 0.189429 0.385137 0.191890 0.384239 0.192954 0.383341 0.194684 0.384239 0.197478 0.385936 0.200404 0.390026 0.204262 0.399505 0.208453 0.409882 0.210183 0.420857 0.209517 0.425746 0.207322
0 0.563371 0.497583 0.560026 0.495249 0.557303 0.492344 0.557303 0.490217 0.558392 0.487572 0.560959 0.484771 0.564149 0.482748 0.567417 0.481296 0.569362 0.480881 0.571774 0.480362 0.577298 0.480310 0.583211 0.481659 0.584067 0.483786 0.584612 0.486950 0.586713 0.487780 0.587880 0.489388 0.587491 0.490788 0.586479 0.492396 0.585546 0.493537 0.583445 0.495145 0.578777 0.497479 0.574497 0.498620 0.570996 0.499346 0.566639 0.499243 0.564305 0.498257
0 0.596205 0.461067 0.596827 0.461949 0.600795 0.462623 0.601807 0.464386 0.602585 0.466617 0.601729 0.468744 0.599939 0.471233 0.596438 0.473723 0.592704 0.475590 0.589514 0.476316 0.586168 0.475694 0.582044 0.473671
0 0.611658 0.431924 0.611979 0.429786 0.614160 0.427092 0.616405 0.425552 0.618842 0.425082 0.624808 0.425595 0.627822 0.427006 0.628271 0.428589 0.627630 0.430042 0.627309 0.431967 0.626604 0.433250 0.625513 0.434832 0.623140 0.436457 0.619612 0.437440 0.615764 0.437868 0.612172 0.435772
0 0.644164 0.434646 0.644804 0.431500 0.647542 0.427656 0.650862 0.426219 0.655522 0.425986 0.658318 0.426530 0.660473 0.429054 0.661055 0.431151 0.660589 0.432432 0.659250 0.433908 0.656512 0.435422 0.654124 0.436238 0.651270 0.436587 0.647192 0.436238
1 0.830172 0.728879 0.827155 0.725287 0.823060 0.716667 0.814224 0.708908 0.787500 0.697270 0.774784 0.693534 0.759267 0.691092 0.726078 0.688506 0.692672 0.689080 0.677586 0.690805 0.664871 0.696983 0.653664 0.706466 0.637931 0.716810 0.632543 0.718678 0.621767 0.725287 0.613362 0.728448 0.607543 0.732471 0.576724 0.743966 0.567888 0.748276 0.548707 0.751437 0.544181 0.753305 0.535991 0.763649 0.537284 0.767529 0.534914 0.769971 0.534914 0.774569 0.545905 0.778161 0.567026 0.780603 0.620690 0.783477 0.630819 0.783046 0.653448 0.784770 0.662500 0.783764 0.677155 0.785632 0.717026 0.785489 0.763578 0.779167 0.766164 0.777299 0.775431 0.775287 0.777371 0.773994 0.787069 0.771552 0.789440 0.769828 0.794828 0.768534 0.798922 0.766236 0.810129 0.762213 0.815302 0.757902 0.818750 0.756753 0.827155 0.748276 0.829957 0.742241 0.831034 0.737644
1 0.524561 0.712942 0.542453 0.698574 0.572544 0.680953 0.621340 0.663332 0.672576 0.644898 0.718933 0.631615 0.741298 0.630530 0.747804 0.634326 0.746584 0.638934 0.704701 0.669296 0.650211 0.707791 0.603855 0.733816 0.553025 0.751166 0.543673 0.753334 0.533507 0.749268 0.530660 0.741678
1 0.496503 0.786950 0.472511 0.773937 0.431034 0.746557 0.409483 0.735985 0.392811 0.724057 0.360686 0.721075 0.312703 0.724599 0.283426 0.730292 0.269600 0.738153 0.264720 0.746557 0.269600 0.746557 0.263094 0.753877 0.267567 0.762552 0.278139 0.772040 0.293185 0.780986 0.311077 0.791558 0.342388 0.798064 0.382645 0.803215 0.412736 0.804842 0.437134 0.804842 0.466005 0.799691 0.492437 0.794269
1 0.524755 0.711401 0.506699 0.685772 0.459518 0.637620 0.436219 0.612380 0.416997 0.620923 0.417579 0.643445 0.423986 0.666356 0.446121 0.693927 0.475827 0.724604 0.493301 0.751398 0.527668 0.748680 0.532328 0.746738
1 0.264970 0.549860 0.277784 0.544035 0.300501 0.543259 0.324965 0.551025 0.346517 0.564616 0.363409 0.589080 0.400105 0.655871 0.448451 0.707130 0.476652 0.725575 0.493534 0.752155 0.499126 0.752563 0.507863 0.765766 0.494466 0.784793 0.427083 0.743056 0.409425 0.721886 0.391523 0.704502 0.383795 0.681889 0.358749 0.636455 0.338945 0.598400 0.312733 0.568111 0.288269 0.555297
2 0.269181 0.372989 0.268966 0.377299 0.270905 0.381322 0.273276 0.383046 0.274784 0.385345 0.291164 0.396264 0.293103 0.400287 0.298707 0.406897 0.310560 0.412069 0.326078 0.415948 0.335560 0.418966 0.341164 0.419828 0.346336 0.419828 0.354095 0.417098 0.355819 0.414943 0.357328 0.414224 0.361207 0.417960 0.362500 0.417098 0.365086 0.416810 0.367457 0.418247 0.373276 0.420259 0.380819 0.421264 0.382543 0.420259 0.383405 0.417098 0.385776 0.414943 0.392457 0.414368 0.395259 0.416092 0.398276 0.419828 0.404095 0.420402 0.407759 0.419253 0.419828 0.417385 0.431034 0.414819 0.436853 0.412213 0.441595 0.408190 0.440517 0.403879 0.434267 0.400287 0.429526 0.398707 0.427155 0.396408 0.429526 0.392960 0.433190 0.390517 0.438793 0.388649 0.444828 0.384626 0.448060 0.379167 0.447845 0.373994 0.443319 0.369109 0.439440 0.367098 0.431897 0.366236 0.427371 0.364080 0.419612 0.362356 0.406250 0.360632 0.392672 0.361207 0.384914 0.363937 0.377371 0.369109 0.376509 0.370546 0.373060 0.372126 0.367026 0.367098 0.365086 0.364511 0.351509 0.355747 0.340086 0.352155 0.334052 0.350862 0.329310 0.350575 0.318319 0.351437 0.312284 0.352874 0.306250 0.356897 0.302586 0.362500 0.298922 0.363937 0.294397 0.363218 0.283190 0.364368 0.275216 0.367241
2 0.438660 0.189821 0.437417 0.183052 0.433273 0.174901 0.426641 0.169374 0.418559 0.165230 0.410477 0.161638 0.404675 0.161638 0.400738 0.164125 0.395557 0.170894 0.393485 0.183328 0.404675 0.180841 0.415036 0.181946 0.424983 0.185262 0.430993 0.189406 0.430164 0.194794 0.428092 0.201149 0.428092 0.204465 0.428092 0.205570 0.425191 0.207504 0.421461 0.209577 0.409856 0.210406 0.399287 0.208195 0.389547 0.203774 0.384781 0.198801 0.382916 0.194933 0.387268 0.190235 0.387268 0.185815 0.383538 0.185400 0.379808 0.184986 0.376699 0.184986 0.374213 0.186091 0.366960 0.187472 0.360535 0.188163 0.357220 0.188439 0.353904 0.190512 0.350796 0.194518 0.345408 0.200597 0.343750 0.207643 0.342714 0.211235 0.344993 0.217590 0.348102 0.224497 0.353904 0.230300 0.356805 0.229747 0.358049 0.234997 0.361986 0.238174 0.364473 0.240799 0.365509 0.244391 0.373591 0.250055 0.380429 0.247016 0.387061 0.250055 0.393485 0.251160 0.400945 0.249779 0.407991 0.246187 0.412550 0.244253 0.420424 0.240246 0.424155 0.235411 0.422704 0.245496 0.427263 0.249365 0.433687 0.249779 0.442598 0.247983 0.448400 0.243010 0.455446 0.232510 0.453581 0.209439 0.451509 0.203636 0.448815 0.198386 0.444670 0.193966
2 0.471767 0.218822 0.461207 0.228448 0.458621 0.236063 0.457910 0.240200 0.461853 0.249282 0.462716 0.256322 0.465302 0.262931 0.477155 0.273994 0.486422 0.279167 0.490329 0.280848 0.491379 0.283190 0.484435 0.284777 0.482224 0.288462 0.482961 0.289935 0.484251 0.291777 0.490086 0.291810 0.500000 0.296839 0.502586 0.299569 0.505603 0.300862 0.525000 0.304310 0.533405 0.304023 0.544397 0.311638 0.549569 0.314368 0.556250 0.316379 0.559698 0.316810 0.567672 0.316379 0.575647 0.314368 0.584052 0.308477 0.589871 0.306609 0.599569 0.301437 0.603448 0.297270 0.607759 0.287356 0.608190 0.282184 0.607328 0.274425 0.604095 0.266092 0.599569 0.260632 0.595474 0.258046 0.594957 0.256042 0.590086 0.257328 0.589440 0.255747 0.592026 0.249713 0.593750 0.240517 0.592241 0.232615 0.588147 0.226437 0.581250 0.220115 0.575862 0.216379 0.571983 0.214799 0.568966 0.214368 0.560776 0.214943 0.549353 0.219684 0.540948 0.225431 0.537500 0.225862 0.525216 0.220833 0.523922 0.219109 0.523670 0.216868 0.522749 0.211219 0.515381 0.208395 0.508197 0.211465 0.506539 0.216622 0.493966 0.214080 0.485776 0.214224 0.480014 0.215149 0.475431 0.217529
2 0.473922 0.340661 0.468103 0.344109 0.461638 0.352874 0.459698 0.358333 0.459914 0.364943 0.464655 0.373276 0.470905 0.379885 0.472845 0.385057 0.476078 0.388937 0.484267 0.393247 0.493750 0.396264 0.508005 0.399425 0.495926 0.401162 0.495259 0.404023 0.494397 0.408190 0.497845 0.411351 0.506034 0.411638 0.509698 0.412787 0.515302 0.415948 0.519181 0.420546 0.521336 0.421839 0.524569 0.422270 0.529095 0.421695 0.531897 0.419828 0.533190 0.414368 0.537069 0.416667 0.538147 0.419828 0.544828 0.424569 0.560560 0.431897 0.570043 0.433477 0.579526 0.433764 0.589655 0.431178 0.595474 0.430460 0.599569 0.428879 0.607759 0.427443 0.611207 0.425144 0.618319 0.422126 0.622198 0.412356 0.621336 0.404741 0.616595 0.395402 0.611422 0.389080 0.593750 0.377586 0.594181 0.375287 0.601293 0.365230 0.602155 0.357184 0.598922 0.349425 0.595690 0.345977 0.589224 0.341523 0.576509 0.335489 0.570259 0.334626 0.560560 0.335201 0.552802 0.337787 0.546336 0.341667 0.545043 0.344109 0.541164 0.346121 0.537069 0.342816 0.521552 0.338649 0.509267 0.337787 0.500647 0.335632 0.493319 0.335345 0.484483 0.336638
2 0.399062 0.291588 0.404509 0.282272 0.416351 0.268694 0.426061 0.260957 0.436955 0.255905 0.444060 0.255905 0.453534 0.258589 0.460875 0.264115 0.464901 0.261273 0.469638 0.267905 0.481243 0.277220 0.484322 0.278799 0.482190 0.282114 0.480059 0.285430 0.471296 0.296324 0.475796 0.297903 0.474848 0.301219 0.469638 0.308166 0.467743 0.313534 0.463717 0.314797 0.456612 0.320008 0.444534 0.326481 0.431982 0.331376 0.430798 0.332481 0.425114 0.332165 0.421798 0.331376 0.420377 0.330112 0.418956 0.324744 0.415640 0.328218 0.410667 0.333586 0.403325 0.336744 0.392905 0.339901 0.378458 0.341480 0.362827 0.343375 0.337959 0.339901 0.335591 0.336902 0.338670 0.333586 0.344354 0.329797 0.344591 0.328218 0.342696 0.325060 0.340801 0.323323 0.336775 0.321429 0.329433 0.319218 0.323986 0.315429 0.322329 0.310376 0.323039 0.303587 0.327065 0.299482 0.333696 0.293798 0.343643 0.289062 0.356196 0.283693 0.367327 0.280378 0.375379 0.279430 0.381300 0.279430 0.387457 0.280851 0.392194 0.283378 0.396220 0.285272 0.397641 0.290325
1 0.677485 0.785666 0.674696 0.791751 0.658469 0.801048 0.617647 0.810683 0.577586 0.810007 0.552738 0.802907 0.523073 0.795132 0.520284 0.792765 0.532454 0.787863 0.543103 0.780764 0.545892 0.778398 0.621704 0.783638 0.632860 0.783976 0.656947 0.784483 0.663540 0.783976