0 0.241904 0.171404 0.238816 0.168958 0.235030 0.168841 0.227342 0.170705 0.231302 0.174550 0.236079 0.174006 0.240331 0.173889 0.241554 0.173229 0.241962 0.172647
0 0.277377 0.177578 0.277610 0.181345 0.277668 0.182898 0.275920 0.183908 0.274814 0.184801 0.270911 0.185927 0.268756 0.186160 0.265727 0.186160 0.264038 0.185151 0.263339 0.183753 0.263106 0.181889 0.263106 0.180141 0.263630 0.178899 0.265785 0.177268 0.267824 0.176724 0.271552 0.176646
0 0.278936 0.177907 0.279214 0.176323 0.280402 0.174157 0.281749 0.172203 0.282423 0.171542 0.285394 0.171305 0.288920 0.171252 0.291574 0.171516 0.293515 0.171938 0.295813 0.172678 0.296804 0.173470 0.297992 0.174870 0.298190 0.177141 0.298190 0.179386 0.297834 0.180522 0.297279 0.180786 0.295694 0.180839 0.284245 0.178937 0.279372 0.178013
0 0.290118 0.196975 0.294402 0.196053 0.301981 0.195921 0.309165 0.196624 0.311406 0.200578 0.310747 0.203434 0.309692 0.205192 0.307386 0.207081 0.303299 0.207301 0.297829 0.207345 0.293215 0.206510 0.289195 0.204489 0.288207 0.202907 0.288536 0.200930 0.288734 0.197898
0 0.236337 0.176236 0.246969 0.178095 0.244989 0.179433 0.243660 0.179919 0.241080 0.180145 0.238369 0.180041 0.237223 0.179485 0.236180 0.178425 0.235685 0.177852 0.235685 0.176983 0.235842 0.176531
1 0.525784 0.724837 0.528503 0.728979 0.530250 0.734027 0.532580 0.736745 0.540541 0.742441 0.551608 0.750337 0.555297 0.752925 0.560345 0.752537 0.562286 0.751760 0.562092 0.748007 0.558792 0.745030 0.551025 0.739075 0.544618 0.733768 0.542482 0.730403 0.543647 0.728720 0.550054 0.727037 0.556850 0.724966 0.564422 0.726520 0.580926 0.729885 0.590051 0.734027 0.598983 0.743865 0.598400 0.750078 0.598788 0.759397 0.596459 0.766775 0.590828 0.774671 0.584226 0.780625 0.575101 0.786968 0.564422 0.791110 0.555297 0.793052 0.547724 0.793440 0.549860 0.789298 0.549472 0.787874 0.547530 0.790333 0.546365 0.790463 0.532968 0.785803 0.518989 0.779978 0.508310 0.771953 0.501126 0.762504 0.497825 0.751113 0.495690 0.739593 0.495884 0.737781 0.504621 0.737134 0.509281 0.734415 0.515882 0.730921 0.520542 0.728202
2 0.572629 0.316667 0.567888 0.316810 0.562069 0.318103 0.552586 0.323132 0.548922 0.326149 0.544181 0.332759 0.540733 0.333477 0.537069 0.332184 0.520905 0.332184 0.509698 0.333764 0.499138 0.337213 0.494397 0.341379 0.490948 0.343247 0.489440 0.345546 0.490086 0.349856 0.494397 0.357328 0.495259 0.360776 0.494828 0.365517 0.496552 0.369684 0.499569 0.372557 0.505603 0.375144 0.521121 0.379741 0.533190 0.380747 0.534052 0.381753 0.534483 0.384770 0.537069 0.387069 0.548707 0.387644 0.552586 0.390661 0.556034 0.390086 0.560345 0.390230 0.564440 0.392529 0.568534 0.391236 0.571121 0.388649 0.571336 0.386494 0.572198 0.385632 0.595043 0.388649 0.599784 0.388506 0.602802 0.387644 0.607328 0.387356 0.611207 0.386207 0.614009 0.384483 0.618534 0.379741 0.631681 0.372989 0.635129 0.369253 0.636422 0.365230 0.634483 0.360489 0.631034 0.356609 0.626724 0.353448 0.619397 0.349425 0.609914 0.345690 0.603448 0.344109 0.599353 0.344253 0.596552 0.342816 0.595690 0.341667 0.596983 0.335201 0.596552 0.330029 0.591164 0.321839 0.588147 0.319828 0.584052 0.318103
0 0.391312 0.181654 0.395538 0.184706 0.397791 0.187523 0.398496 0.190435 0.396946 0.194895 0.395256 0.196867 0.391030 0.197478 0.387508 0.197572 0.382930 0.198417 0.379479 0.197619 0.378141 0.196398 0.377085 0.194050 0.376733 0.191796 0.376733 0.189402 0.377085 0.187430 0.378212 0.185598 0.379832 0.183908 0.381029 0.183016 0.383001 0.182312 0.386522 0.181795 0.388917 0.181701
0 0.366137 0.196460 0.369346 0.198236 0.372191 0.200859 0.373583 0.203644 0.370920 0.214581 0.369225 0.214823 0.364200 0.214056 0.357359 0.213935 0.351124 0.212280 0.346583 0.209011 0.345372 0.207074 0.345312 0.204047 0.346281 0.200294 0.347612 0.197711 0.349126 0.196621 0.351487 0.195814 0.355422 0.194966 0.358630 0.194926 0.362323 0.195330
2 0.523276 0.232328 0.516379 0.235201 0.513362 0.237644 0.511638 0.239799 0.509267 0.244253 0.508621 0.247701 0.508621 0.252730 0.506466 0.255460 0.500647 0.259483 0.497845 0.262787 0.495474 0.267385 0.494397 0.275287 0.495043 0.283190 0.496121 0.286782 0.498060 0.290517 0.501940 0.296408 0.503448 0.297557 0.509483 0.300862 0.513578 0.302299 0.515733 0.301149 0.521336 0.300287 0.525216 0.298707 0.525647 0.296839 0.527586 0.296121 0.530172 0.296408 0.533621 0.298994 0.548276 0.300718 0.552802 0.300862 0.556681 0.300144 0.564440 0.299713 0.568319 0.297701 0.573276 0.293247 0.576078 0.291667 0.579095 0.287213 0.578017 0.282902 0.580819 0.276868 0.584267 0.272270 0.585345 0.268391 0.585560 0.263362 0.583836 0.258621 0.581681 0.255747 0.575647 0.251868 0.564655 0.248420 0.560991 0.247989 0.556466 0.248563 0.548707 0.250862 0.546983 0.252011 0.544828 0.254741 0.543103 0.254310 0.541595 0.252443 0.538147 0.240086 0.535345 0.236063 0.528879 0.231897 0.525216 0.231897
1 0.516972 0.653376 0.525323 0.646911 0.545259 0.635955 0.578664 0.624102 0.619073 0.614224 0.664062 0.609195 0.701239 0.606681 0.723599 0.609195 0.736530 0.615841 0.741918 0.622665 0.748384 0.622665 0.759968 0.626616 0.766972 0.633441 0.769397 0.642421 0.764817 0.653017 0.749192 0.674569 0.728179 0.697378 0.711476 0.707615 0.687500 0.717493 0.666756 0.719109 0.646552 0.717672 0.616649 0.709231 0.577856 0.697917 0.558459 0.693786 0.543912 0.689655 0.521552 0.663075
1 0.493215 0.655066 0.480843 0.648680 0.464080 0.635111 0.446919 0.613559 0.433349 0.588548 0.429757 0.566464 0.427363 0.545179 0.432551 0.521765 0.439735 0.505800 0.447318 0.485579 0.454502 0.472808 0.466076 0.464825 0.477251 0.470147 0.486830 0.472009 0.501596 0.472009 0.523148 0.477331 0.537516 0.485845 0.559467 0.499947 0.582216 0.530013 0.596983 0.551298 0.607759 0.586686 0.608158 0.594402 0.594987 0.596264 0.578225 0.599723 0.565453 0.607705 0.539511 0.623404 0.513570 0.636175 0.501996 0.640698
1 0.631944 0.594029 0.642241 0.587324 0.647510 0.583174 0.651580 0.582854 0.647989 0.590837 0.651820 0.601852 0.652778 0.610473 0.617337 0.614144 0.582854 0.622925 0.546456 0.635057 0.517241 0.652458 0.508621 0.638570 0.545738 0.620051 0.578305 0.599298 0.611111 0.594668
0 0.407899 0.223745 0.413333 0.223192 0.420885 0.223131 0.428161 0.224789 0.435345 0.228166 0.437095 0.231911 0.435990 0.236271 0.434240 0.239771 0.430463 0.247200 0.428161 0.248612 0.422911 0.248919 0.417293 0.248121 0.411398 0.246034 0.405872 0.243025 0.403570 0.241183 0.400623 0.236885 0.398965 0.234490 0.399149 0.231666 0.400254 0.229885 0.401359 0.229271
0 0.437279 0.232157 0.443081 0.225157 0.445108 0.223684 0.451278 0.222210 0.456897 0.222333 0.464633 0.225157 0.467949 0.231052 0.468686 0.236823 0.465830 0.240999 0.454041 0.243577 0.446029 0.242411 0.440595 0.240446 0.438476 0.238543 0.437647 0.235902
0 0.378154 0.260223 0.384626 0.260819 0.389928 0.260498 0.388138 0.256918 0.386898 0.255586 0.383524 0.253980 0.380908 0.253934 0.379049 0.254577 0.377465 0.255495 0.376501 0.256596 0.376088 0.257423 0.376019 0.258157 0.376570 0.259672
0 0.390341 0.269771 0.395092 0.269174 0.400325 0.269128 0.403010 0.270643 0.402804 0.273627 0.401840 0.275922 0.400463 0.277023 0.398259 0.277207 0.392889 0.276610 0.390203 0.274820 0.389652 0.273443 0.389652 0.271561 0.389859 0.270643
0 0.419604 0.267475 0.415542 0.269128 0.412857 0.270735 0.411824 0.273351 0.409483 0.273856 0.408932 0.271790 0.408863 0.269862 0.409070 0.267292 0.409827 0.265593 0.411135 0.265180 0.412650 0.265043 0.414234 0.265043 0.415886 0.265318 0.417263 0.266007 0.418778 0.267016
0 0.411392 0.281697 0.416186 0.286646 0.420428 0.289305 0.421065 0.290606 0.417671 0.290323 0.414065 0.289673 0.412410 0.289390 0.411010 0.288739 0.410246 0.287608 0.410204 0.285487 0.410204 0.283846 0.410628 0.281838 0.411095 0.281018 0.411519 0.281386
0 0.411965 0.273611 0.413054 0.270758 0.419745 0.267231 0.424647 0.265779 0.434917 0.265519 0.444642 0.266868 0.451489 0.270188 0.454835 0.275582 0.450011 0.283725 0.448766 0.286060 0.442931 0.287875 0.433828 0.289483 0.429315 0.289742 0.423402 0.289794 0.420134 0.289172 0.416244 0.286475 0.412665 0.282636 0.410642 0.278331 0.411187 0.276619 0.412509 0.275115
0 0.446839 0.318487 0.450431 0.320881 0.452847 0.324451 0.452847 0.328326 0.449974 0.330329 0.445076 0.332201 0.442202 0.332419 0.437761 0.330852 0.434431 0.328109 0.433320 0.324277 0.434626 0.321186 0.437304 0.320620 0.439198 0.320620 0.441157 0.319227 0.443247 0.318748 0.445794 0.318530
2 0.394689 0.258730 0.398342 0.255443 0.405465 0.252155 0.411127 0.251546 0.422450 0.253495 0.435966 0.260557 0.438888 0.264331 0.450029 0.260922 0.457335 0.259583 0.468111 0.259583 0.481078 0.262870 0.490028 0.267132 0.493133 0.270663 0.494046 0.273220 0.489297 0.282108 0.493863 0.286127 0.494594 0.288318 0.488749 0.293554 0.476330 0.300251 0.465736 0.303904 0.456970 0.306339 0.444185 0.306217 0.437427 0.306217 0.432313 0.307435 0.425373 0.308896 0.419893 0.309626 0.413684 0.309992 0.407656 0.309992 0.393958 0.306582 0.385557 0.302808 0.381356 0.299033 0.380077 0.295502 0.377338 0.292823 0.370032 0.286248 0.370032 0.280404 0.374416 0.273463 0.378068 0.271150 0.386653 0.268958 0.390488 0.267984 0.393593 0.267132 0.395602 0.263844
1 0.453317 0.623040 0.444550 0.627180 0.440897 0.634972 0.438523 0.641304 0.441810 0.650071 0.452404 0.655428 0.484914 0.665047 0.519433 0.685016 0.527287 0.686355 0.523634 0.679050 0.520529 0.678928 0.516328 0.676858 0.513771 0.669918 0.510118 0.663221 0.503361 0.660786 0.488201 0.653845 0.475234 0.644226 0.462814 0.634607