1 0.300732 0.544461 0.304059 0.549701 0.311710 0.555240 0.330672 0.567515 0.364271 0.580240 0.390552 0.585778 0.417166 0.588922 0.429474 0.588922 0.404857 0.593114 0.363273 0.597455 0.311377 0.600449 0.270126 0.602096 0.237858 0.601647 0.209581 0.598653 0.180306 0.593263 0.164005 0.589521 0.153027 0.586527 0.143713 0.583383 0.139388 0.580838 0.129408 0.576347 0.129075 0.572904 0.139388 0.569461 0.164671 0.558683 0.198270 0.550749 0.222555 0.547605 0.266134 0.545060 0.288756 0.544311
1 0.338323 0.487425 0.357618 0.489671 0.387891 0.498952 0.412841 0.509132 0.438456 0.520808 0.458417 0.537275 0.467399 0.550449 0.470725 0.560030 0.466401 0.570509 0.465403 0.579341 0.454424 0.585180 0.440785 0.587725 0.423819 0.589072 0.392548 0.585629 0.363939 0.579940 0.333666 0.567814 0.326680 0.565719 0.309381 0.553593 0.301730 0.545659 0.296075 0.533234 0.293413 0.526048 0.296407 0.510928 0.303061 0.503593 0.311710 0.495659 0.318363 0.490719 0.324351 0.488473 0.331005 0.487575
1 0.591667 0.586750 0.589444 0.586000 0.587222 0.586000 0.583889 0.587250 0.580556 0.587750 0.575556 0.590250 0.571111 0.591750 0.568889 0.592000 0.565000 0.593250 0.561111 0.593750 0.556111 0.595000 0.548333 0.598000 0.540556 0.599250 0.533333 0.601250 0.526111 0.602250 0.518333 0.604000 0.511667 0.604250 0.511111 0.604500 0.506111 0.604500 0.505556 0.604750 0.500000 0.604750 0.499444 0.604500 0.493889 0.604500 0.491111 0.604000 0.485556 0.603750 0.482778 0.603000 0.476667 0.602250 0.467778 0.600500 0.464444 0.600250 0.459444 0.599250 0.455000 0.598750 0.451111 0.597500 0.449444 0.597500 0.447222 0.598500 0.447222 0.599500 0.445556 0.601250 0.445000 0.603500 0.441667 0.608250 0.441667 0.609500 0.441111 0.609750 0.441111 0.613250 0.441667 0.613500 0.441667 0.615500 0.442778 0.617250 0.446111 0.619500 0.452222 0.621250 0.456667 0.621750 0.460556 0.621750 0.461111 0.622000 0.467222 0.622000 0.470000 0.621500 0.475000 0.621250 0.477778 0.620500 0.481111 0.620500 0.492222 0.619250 0.497778 0.618250 0.501667 0.618250 0.505556 0.617500 0.510000 0.617250 0.512222 0.616750 0.517222 0.616750 0.519444 0.616250 0.522778 0.616000 0.526111 0.615000 0.532222 0.614000 0.536667 0.614250 0.540556 0.612500 0.545556 0.611750 0.555556 0.609250 0.560556 0.608750 0.564444 0.607500 0.567778 0.607000 0.575556 0.604000 0.577778 0.601750 0.578333 0.599500 0.582778 0.597250 0.585556 0.593750 0.588333 0.592000 0.591111 0.589250
1 0.466401 0.572455 0.487691 0.565569 0.529940 0.556287 0.573187 0.550599 0.618430 0.546407 0.673653 0.539671 0.680639 0.541168 0.686627 0.546257 0.683633 0.558533 0.630073 0.573802 0.545908 0.597904 0.512641 0.605090 0.498669 0.605838 0.470393 0.601198 0.443779 0.596108 0.441118 0.590419 0.443446 0.586377 0.451430 0.585479 0.460745 0.582036 0.466068 0.578443
0 0.737905 0.246321 0.738572 0.250751 0.734735 0.255480 0.723724 0.258859 0.714381 0.258634 0.709877 0.255330 0.709376 0.251877 0.712713 0.249249 0.715382 0.247147 0.722556 0.245195 0.728562 0.244820 0.734234 0.244670
0 0.752419 0.281381 0.753754 0.287387 0.751418 0.290165 0.744745 0.292192 0.734902 0.293919 0.728562 0.294219 0.723557 0.293769 0.718385 0.291366 0.716884 0.287988 0.717885 0.285210 0.721388 0.282883 0.729563 0.280105 0.735235 0.279655 0.743410 0.279354 0.748081 0.279354
0 0.649563 0.292921 0.649313 0.302079 0.644944 0.306461 0.636954 0.308034 0.630836 0.308427 0.625718 0.307921 0.619351 0.306236 0.615605 0.304719 0.614357 0.302865 0.615106 0.299944 0.617978 0.296348 0.621598 0.294101 0.629089 0.292079 0.633708 0.291629 0.639201 0.291573 0.646941 0.292416
0 0.692759 0.318090 0.678027 0.316798 0.664794 0.318483 0.657803 0.319888 0.651186 0.318483 0.646941 0.317135 0.645943 0.314775 0.646567 0.311910 0.648689 0.309944 0.652185 0.307697 0.655306 0.306236 0.663421 0.304494 0.667915 0.304157 0.675156 0.304551 0.682147 0.305618 0.686642 0.306685 0.690387 0.309438 0.692884 0.312416 0.693258 0.315337
0 0.694132 0.319101 0.699750 0.323427 0.700999 0.326966 0.697503 0.330169 0.693134 0.332697 0.686642 0.335506 0.683271 0.336067 0.677278 0.336180 0.670787 0.336011 0.664919 0.335112 0.660300 0.333876 0.656305 0.332472 0.653308 0.329719 0.653184 0.327584 0.657928 0.323202 0.660674 0.320787 0.664419 0.318933 0.671785 0.317416 0.679526 0.316966 0.694132 0.318539
2 0.510010 0.294144 0.519770 0.296284 0.530280 0.302252 0.535035 0.308108 0.536036 0.310586 0.542042 0.307883 0.558308 0.305743 0.573323 0.305743 0.587087 0.308333 0.597848 0.311149 0.599850 0.313739 0.600100 0.320608 0.593343 0.325000 0.593343 0.326914 0.597347 0.329842 0.603854 0.332770 0.604354 0.336149 0.601852 0.340203 0.596346 0.343581 0.584334 0.345946 0.571822 0.347523 0.558809 0.350000 0.547798 0.351239 0.537037 0.353041 0.531281 0.354279 0.526777 0.354955 0.520771 0.355856 0.517267 0.356532 0.514014 0.357883 0.509259 0.359347 0.504505 0.360473 0.493994 0.362162 0.487487 0.363176 0.485485 0.363626 0.481982 0.363964 0.479730 0.363964 0.475475 0.363176 0.471722 0.361937 0.470220 0.360473 0.469720 0.357432 0.468218 0.353041 0.468719 0.348986 0.463714 0.347072 0.455956 0.345045 0.454454 0.339189 0.459459 0.334009 0.469219 0.329505 0.476226 0.327703 0.482733 0.325901 0.485235 0.323649 0.481982 0.321396 0.477728 0.315991 0.475726 0.311149 0.475225 0.308446 0.476977 0.303266 0.479730 0.300113 0.482482 0.298198 0.490240 0.295946 0.499499 0.294032 0.503754 0.293694
0 0.655155 0.324662 0.646396 0.323986 0.637387 0.325000 0.630631 0.328491 0.626877 0.331419 0.620871 0.334459 0.606857 0.337275 0.591341 0.350225 0.584585 0.355968 0.585085 0.364977 0.586336 0.370383 0.593844 0.376126 0.599099 0.376914 0.609359 0.376126 0.613864 0.375000 0.619620 0.373536 0.623123 0.373423 0.624625 0.375000 0.625876 0.375901 0.636386 0.377365 0.643393 0.378941 0.650651 0.379842 0.655906 0.380518 0.664164 0.380405 0.675926 0.380180 0.687688 0.379279 0.693694 0.377928 0.695946 0.376239 0.697447 0.373198 0.697948 0.369369 0.698949 0.367005 0.702953 0.365315 0.708458 0.363851 0.711461 0.362838 0.714214 0.361374 0.714214 0.358784 0.715465 0.356982 0.711461 0.352590 0.699700 0.347297 0.689439 0.344820 0.679680 0.343581 0.670420 0.344482 0.667167 0.343018 0.669670 0.337725 0.668418 0.335811 0.661411 0.334009 0.652903 0.331306 0.651902 0.328941 0.653153 0.326689
0 0.434742 0.369751 0.435897 0.372661 0.436013 0.375312 0.432663 0.376351 0.430007 0.376455 0.424116 0.375416 0.420420 0.374584 0.418688 0.372921 0.419265 0.371414 0.420767 0.370270 0.424925 0.369231 0.428621 0.368659 0.432894 0.369127
0 0.408408 0.353119 0.413144 0.355613 0.411989 0.356757 0.408408 0.357640 0.402980 0.357328 0.400323 0.355717 0.400439 0.354574 0.402518 0.353846 0.404597 0.353378
0 0.439247 0.360603 0.444213 0.363617 0.444329 0.365956 0.441095 0.367100 0.437514 0.367412 0.433818 0.367464 0.431162 0.366736 0.429545 0.365644 0.429545 0.363877 0.430815 0.362370 0.432201 0.361123 0.434627 0.360291 0.437052 0.360239