0 0.281466 0.270402 0.277586 0.272845 0.275000 0.273994 0.273491 0.275862 0.273276 0.276868 0.271983 0.279167 0.271552 0.280747 0.270043 0.283190 0.269612 0.284770 0.269612 0.286063 0.269397 0.286207 0.269612 0.287787 0.270690 0.289799 0.271767 0.290948 0.273922 0.292385 0.277586 0.293822 0.280388 0.295402 0.286638 0.297126 0.290948 0.297270 0.298707 0.298420 0.307112 0.298851 0.307328 0.298707 0.310345 0.298707 0.313147 0.297989 0.314440 0.297845 0.317888 0.296695 0.319397 0.295690 0.320690 0.294253 0.323060 0.292385 0.324138 0.291092 0.325000 0.286782 0.324138 0.284770 0.323276 0.283764 0.322414 0.283190 0.321767 0.279885 0.320043 0.277586 0.319397 0.275287 0.318534 0.274282 0.318319 0.273420 0.317672 0.272557 0.317457 0.271552 0.313793 0.269109 0.309914 0.267529 0.306466 0.266810 0.303879 0.266667 0.303664 0.266523 0.301724 0.266523 0.301509 0.266379 0.298276 0.266379 0.294397 0.267241 0.291595 0.267529 0.288578 0.268391 0.286207 0.268822
1 0.259914 0.539799 0.245905 0.560345 0.241379 0.576580 0.241595 0.597270 0.245690 0.615230 0.251724 0.630891 0.265517 0.652011 0.270887 0.659174 0.282759 0.672270 0.299784 0.686351 0.310560 0.692672 0.314224 0.696983 0.315944 0.699148 0.329310 0.706753 0.337500 0.710920 0.349569 0.714799 0.353664 0.717529 0.357328 0.717816 0.361207 0.720402 0.368978 0.723762 0.374013 0.722956 0.375624 0.722688 0.379653 0.722419 0.385695 0.722151 0.389451 0.721726 0.392457 0.720115 0.398491 0.718678 0.412069 0.712931 0.427586 0.711494 0.437863 0.712080 0.443103 0.703448 0.447198 0.685920 0.446725 0.672602 0.443103 0.662500 0.435560 0.645833 0.424569 0.627874 0.411853 0.611351 0.396552 0.594253 0.376724 0.576149 0.356034 0.560489 0.334914 0.548563 0.326293 0.544828 0.310129 0.539799 0.287500 0.536925 0.279310 0.537356 0.275647 0.539368 0.271552 0.536925 0.267241 0.536925
1 0.285156 0.674774 0.269633 0.676163 0.248081 0.678967 0.229684 0.682296 0.218908 0.686676 0.214177 0.691583 0.205241 0.697890 0.202087 0.703322 0.203138 0.709104 0.209709 0.714536 0.218908 0.718916 0.229158 0.723297 0.248344 0.728203 0.261485 0.731006 0.284089 0.733459 0.301172 0.734336 0.325352 0.737139 0.353737 0.741695 0.363199 0.746250 0.381597 0.750456 0.402886 0.752733 0.409719 0.753434 0.412348 0.750280 0.412610 0.742045 0.409719 0.734160 0.407880 0.732058 0.392110 0.728904 0.377136 0.728012 0.368718 0.726976 0.368981 0.725575 0.369631 0.723650 0.361885 0.720318 0.356931 0.717365 0.353468 0.717621 0.345963 0.714286 0.337881 0.710950 0.319793 0.701586 0.311711 0.695556 0.309210 0.691708 0.297664 0.685037
1 0.510711 0.715300 0.539120 0.718783 0.565243 0.725313 0.591693 0.734457 0.617816 0.746212 0.640674 0.757315 0.647205 0.765805 0.653736 0.774077 0.653736 0.781479 0.651450 0.790839 0.646225 0.798894 0.644919 0.804554 0.640021 0.815003 0.637735 0.818051 0.631857 0.818269 0.620428 0.815221 0.602469 0.808908 0.578958 0.799765 0.562631 0.795193 0.538793 0.789316 0.522793 0.788662 0.495690 0.787356 0.472832 0.789533 0.448015 0.787574 0.434300 0.781914 0.416993 0.771247 0.413401 0.764934 0.410136 0.750348 0.414381 0.745777 0.441157 0.744253 0.438545 0.735980 0.459444 0.732280 0.477730 0.724443 0.489485 0.727273 0.506792 0.725531 0.508425 0.725531 0.505486 0.719871 0.509078 0.720307
1 0.368295 0.726953 0.371343 0.723470 0.380704 0.722019 0.387452 0.722454 0.395289 0.719262 0.410528 0.713602 0.430773 0.710844 0.436869 0.711570 0.445794 0.710118 0.457114 0.708522 0.474312 0.704168 0.497170 0.699234 0.505007 0.698073 0.509361 0.697347 0.524817 0.692268 0.528518 0.691977 0.532654 0.693283 0.537226 0.697782 0.538750 0.699814 0.514586 0.707796 0.510014 0.715778 0.508272 0.720132 0.505660 0.720277 0.507402 0.726083 0.504789 0.726663 0.498258 0.726953 0.490421 0.726953 0.478013 0.723761 0.459073 0.732759 0.439046 0.735806 0.427726 0.733339 0.405738 0.730872 0.389629 0.727824
0 0.342804 0.210005 0.346147 0.209418 0.350018 0.208715 0.355559 0.208304 0.360222 0.209477 0.365852 0.211940 0.370250 0.216045 0.373153 0.220502 0.374208 0.224900 0.373417 0.227363 0.370866 0.229064 0.368754 0.229650 0.364972 0.231410 0.363213 0.232641 0.360486 0.234694 0.357759 0.236043 0.348434 0.235808 0.344388 0.233521 0.341309 0.231058 0.338934 0.227950 0.337526 0.224490 0.337087 0.221323 0.337087 0.218743 0.337438 0.216280 0.338582 0.214286 0.339198 0.213113 0.340077 0.211940 0.341133 0.210826
0 0.324356 0.207100 0.328005 0.211276 0.330126 0.213808 0.329978 0.215254 0.329978 0.216076 0.327266 0.219824 0.326181 0.220876 0.324948 0.221764 0.321594 0.222652 0.319375 0.223277 0.314197 0.223934 0.312125 0.223803 0.304086 0.218706 0.303051 0.215090 0.302459 0.211210 0.302656 0.208843 0.303297 0.206213 0.303889 0.205654 0.306947 0.204963 0.313309 0.203878 0.316712 0.203977 0.320361 0.204865 0.323468 0.206410
0 0.204654 0.150677 0.204535 0.148670 0.205843 0.147376 0.207586 0.147297 0.209171 0.147746 0.209210 0.146874 0.208695 0.144603 0.206952 0.143150 0.204377 0.141935 0.201128 0.141909 0.198395 0.142410 0.196295 0.143652 0.195384 0.145606 0.195582 0.146768 0.197919 0.148960 0.199979 0.150070 0.202356 0.150572
0 0.218039 0.161944 0.215755 0.160834 0.212663 0.161944 0.210522 0.162864 0.210284 0.165401 0.210569 0.167114 0.213186 0.169302 0.218181 0.170761 0.220465 0.170761 0.222321 0.169017 0.225080 0.167621 0.220132 0.163720
0 0.263734 0.171293 0.262539 0.169052 0.258617 0.165516 0.254882 0.164271 0.252155 0.164271 0.249429 0.164645 0.247337 0.165168 0.243938 0.166413 0.243303 0.166761 0.244386 0.168828 0.244610 0.170571 0.246366 0.173385 0.249018 0.175875 0.251296 0.177045 0.253014 0.177419 0.256264 0.177444 0.259439 0.176996 0.261381 0.175676 0.262016 0.174481
0 0.241915 0.202815 0.241700 0.201720 0.242628 0.200008 0.244127 0.198295 0.246839 0.196963 0.249836 0.196725 0.253689 0.196963 0.259113 0.198818 0.264394 0.201815 0.266392 0.205003 0.265679 0.208857 0.264037 0.210998 0.261183 0.212615 0.259327 0.213900 0.256330 0.214471 0.251406 0.214138 0.248980 0.213662 0.243913 0.211854 0.239702 0.208952 0.237490 0.206858 0.239417 0.204194 0.241486 0.203814
2 0.603448 0.378736 0.602586 0.376868 0.598060 0.372845 0.586207 0.368966 0.576078 0.366810 0.571767 0.366667 0.564440 0.367529 0.563147 0.366092 0.561422 0.360345 0.557543 0.354885 0.552586 0.351580 0.548707 0.349713 0.541379 0.347845 0.531897 0.349138 0.520474 0.353161 0.512069 0.358764 0.510129 0.360776 0.505819 0.363075 0.502155 0.360632 0.495474 0.359339 0.473922 0.358764 0.462500 0.360776 0.457543 0.362500 0.453017 0.365230 0.450647 0.368966 0.450862 0.372989 0.452586 0.374856 0.454310 0.378161 0.456466 0.379885 0.460129 0.384626 0.460345 0.389368 0.466595 0.395115 0.476724 0.400431 0.481897 0.402443 0.501509 0.408190 0.506466 0.408908 0.511207 0.408621 0.515733 0.406897 0.517457 0.405316 0.524182 0.407766 0.527155 0.407902 0.531466 0.409626 0.537069 0.410489 0.542888 0.410632 0.552586 0.409339 0.560560 0.408908 0.570573 0.407401 0.579741 0.404885 0.582759 0.403448 0.586853 0.400287 0.587500 0.396408 0.595474 0.390805 0.599569 0.388793 0.603448 0.384914
2 0.423351 0.275862 0.419603 0.271114 0.412481 0.266242 0.402549 0.263868 0.395052 0.263618 0.393366 0.263868 0.392241 0.264493 0.389243 0.266992 0.386244 0.269740 0.380997 0.275362 0.378561 0.272739 0.376312 0.269365 0.374625 0.265867 0.375000 0.264993 0.378373 0.262994 0.375562 0.259995 0.372376 0.251999 0.370502 0.247876 0.373126 0.244003 0.377436 0.241879 0.384370 0.238006 0.390742 0.237256 0.400487 0.237006 0.410420 0.237256 0.418103 0.238506 0.425225 0.239755 0.428223 0.237381 0.434970 0.232634 0.442466 0.229010 0.451087 0.227011 0.455397 0.226887 0.464205 0.228886 0.471889 0.232884 0.475262 0.237631 0.478636 0.245127 0.478636 0.248751 0.485007 0.247626 0.490255 0.247626 0.495877 0.248751 0.503561 0.251499 0.510307 0.253623 0.514243 0.256872 0.517429 0.260745 0.518553 0.264243 0.518178 0.267866 0.517054 0.269865 0.508433 0.276362 0.500937 0.280985 0.495877 0.286107 0.478448 0.291354 0.467954 0.292729 0.448651 0.294103 0.452586 0.283483 0.449963 0.276862 0.446402 0.271739 0.440405 0.267866 0.431222 0.262869 0.428786 0.264993 0.426912 0.267491 0.425787 0.271239
2 0.382520 0.274863 0.380646 0.281266 0.382988 0.291261 0.384628 0.295321 0.382285 0.298288 0.386502 0.307502 0.394233 0.317654 0.400089 0.321246 0.395404 0.321246 0.390016 0.323120 0.386502 0.325462 0.384394 0.325618 0.372212 0.322026 0.376663 0.326087 0.381817 0.331865 0.388142 0.334520 0.392124 0.336550 0.403837 0.336707 0.414379 0.329991 0.419064 0.326868 0.422812 0.329054 0.419767 0.332646 0.421406 0.337175 0.421875 0.342797 0.423749 0.347014 0.425155 0.349044 0.427966 0.350918 0.434291 0.350606 0.438039 0.348888 0.443661 0.344203 0.449049 0.337331 0.452094 0.332646 0.452563 0.325775 0.451626 0.315780 0.445769 0.302661 0.449283 0.293135 0.452094 0.282984 0.449049 0.273926 0.446941 0.271895 0.430543 0.262994 0.426092 0.268616 0.423749 0.274394 0.422812 0.275175 0.419767 0.270490 0.412973 0.265648 0.404071 0.263774 0.396575 0.263306 0.392827 0.263618 0.390484 0.264711 0.387908 0.267054 0.385799 0.268772 0.383457 0.271895
2 0.451794 0.317127 0.460827 0.318923 0.469542 0.322410 0.475406 0.324839 0.482220 0.329699 0.488717 0.337623 0.490302 0.341954 0.489985 0.345546 0.488083 0.348821 0.484755 0.352624 0.477307 0.357801 0.474455 0.359069 0.466056 0.359703 0.458925 0.361498 0.455122 0.363611 0.451794 0.365936 0.450051 0.368049 0.444821 0.369211 0.433412 0.369211 0.428816 0.368260 0.417882 0.362132 0.415029 0.367943 0.412018 0.367626 0.407898 0.364668 0.402035 0.362027 0.398073 0.358329 0.392844 0.354209 0.389516 0.347025 0.389199 0.342905 0.389199 0.335615 0.394587 0.336460 0.404570 0.336777 0.411860 0.331284 0.416455 0.337094 0.420734 0.345546 0.424220 0.351251 0.435630 0.350723 0.439909 0.347553 0.447991 0.339524 0.452269 0.332552 0.452428 0.323149
2 0.482328 0.419828 0.478448 0.421121 0.475862 0.424713 0.474784 0.427586 0.470690 0.434339 0.468966 0.432759 0.466164 0.427586 0.463793 0.424856 0.462716 0.424138 0.459483 0.425862 0.457759 0.429023 0.455603 0.435489 0.453879 0.443534 0.452586 0.445546 0.446983 0.448276 0.439871 0.453736 0.435991 0.454598 0.433733 0.453548 0.431466 0.454885 0.430169 0.455810 0.431681 0.458908 0.428664 0.463362 0.421552 0.470115 0.419397 0.474282 0.415948 0.475862 0.416933 0.474930 0.410129 0.472414 0.407974 0.470402 0.405388 0.469540 0.404095 0.468534 0.401660 0.466106 0.401151 0.468708 0.397757 0.468934 0.398276 0.470977 0.400431 0.475144 0.403357 0.478211 0.407974 0.480460 0.414009 0.483190 0.417672 0.486494 0.420905 0.487500 0.424230 0.487714 0.428664 0.487356 0.431681 0.488218 0.432543 0.490086 0.423707 0.495402 0.421005 0.497896 0.423707 0.498707 0.432328 0.497989 0.442241 0.494109 0.445259 0.491954 0.451078 0.488937 0.453664 0.485057 0.457759 0.482184 0.458836 0.480747 0.461054 0.476853 0.460129 0.472557 0.461422 0.469828 0.462931 0.468534 0.464788 0.467916 0.467672 0.465948 0.471552 0.462069 0.473491 0.458908 0.475000 0.455316 0.475647 0.451149 0.486207 0.442385 0.488147 0.439655 0.489440 0.435489 0.489440 0.431466 0.488578 0.427730
0 0.578322 0.519975 0.570648 0.517732 0.568860 0.514438 0.570437 0.510723 0.573486 0.507499 0.575904 0.506518 0.577796 0.506308 0.580845 0.506448 0.583053 0.507149 0.585576 0.507149 0.588099 0.509041 0.589151 0.511634 0.588625 0.513807 0.587153 0.515980 0.584420 0.517522
0 0.608705 0.485492 0.604289 0.483109 0.603974 0.482268 0.605341 0.479254 0.608074 0.477502 0.610282 0.477502 0.612174 0.477502 0.614066 0.478413 0.615223 0.479044 0.615854 0.479955 0.615959 0.481006 0.615643 0.482268 0.614592 0.483459 0.612910 0.484861
0 0.600715 0.503855 0.597246 0.503645 0.594933 0.502593 0.590307 0.498318 0.590622 0.494743 0.593356 0.492361 0.595563 0.491660 0.601661 0.491940 0.605866 0.491940 0.607548 0.494814 0.608074 0.497337 0.607759 0.499299 0.605235 0.501962 0.603133 0.503154