0 0.456459 0.123438 0.456459 0.122231 0.457959 0.121231 0.460020 0.120648 0.461707 0.120565 0.463206 0.121314 0.463831 0.123272 0.463893 0.124688 0.463518 0.125146 0.461457 0.124188 0.460207 0.123605
0 0.429531 0.134957 0.428445 0.133732 0.428445 0.131337 0.429113 0.129500 0.430032 0.128358 0.431995 0.127718 0.434167 0.127411 0.436381 0.127272 0.440265 0.127745 0.441852 0.128247 0.442520 0.128915 0.443272 0.130474 0.443439 0.132089 0.443022 0.133732 0.442061 0.135598 0.439889 0.136851 0.438302 0.137157 0.434042 0.137185 0.432705 0.137073 0.431369 0.136517
0 0.416627 0.153936 0.420890 0.156488 0.422074 0.156988 0.424364 0.156909 0.425587 0.156830 0.426693 0.156357 0.428785 0.155515 0.430166 0.154883 0.431390 0.153988 0.432337 0.153041 0.433205 0.151804 0.433679 0.150252 0.433955 0.148594 0.433837 0.147883 0.431232 0.145883 0.425666 0.145410 0.423930 0.145673 0.421482 0.147173 0.418601 0.150225
1 0.329957 0.716523 0.329741 0.721121 0.332759 0.733046 0.337931 0.743247 0.345474 0.754598 0.362284 0.771264 0.371767 0.778161 0.385129 0.786494 0.403017 0.794971 0.470905 0.821983 0.490302 0.827443 0.498491 0.828736 0.501940 0.830603 0.515086 0.833908 0.560560 0.841092 0.576078 0.840230 0.578879 0.838649 0.581466 0.835489 0.586207 0.833908 0.592026 0.822989 0.591810 0.811925 0.584483 0.798276 0.580603 0.794971 0.574784 0.787069 0.548276 0.766236 0.542672 0.759770 0.528233 0.747989 0.502586 0.732184 0.467888 0.714655 0.446983 0.706178 0.439224 0.704310 0.435345 0.702011 0.429526 0.700862 0.412069 0.698994 0.383836 0.698994 0.360776 0.702874 0.355603 0.708908 0.357328 0.712787 0.353448 0.716954 0.337069 0.716954 0.334052 0.715805
1 0.070562 0.533738 0.077746 0.539059 0.090517 0.537197 0.124441 0.534802 0.165150 0.538261 0.209451 0.546775 0.217832 0.549968 0.209850 0.552363 0.203464 0.554225 0.196679 0.554225 0.191491 0.552895 0.199473 0.561409 0.207455 0.570189 0.211047 0.578704 0.214639 0.593870 0.214639 0.608238 0.216236 0.626596 0.220626 0.644157 0.232998 0.659855 0.252554 0.674489 0.285281 0.687793 0.306034 0.691252 0.306833 0.693912 0.321600 0.696307 0.317609 0.699766 0.304837 0.700830 0.274505 0.702693 0.237388 0.697105 0.216236 0.688591 0.183110 0.673425 0.155971 0.660653 0.125639 0.637505 0.100894 0.618348 0.083333 0.599723 0.064575 0.574979 0.058988 0.567529 0.056992 0.555023 0.057791 0.543582 0.062580 0.536665 0.065374 0.533738
1 0.192688 0.552895 0.198675 0.554225 0.204662 0.553693 0.217433 0.549702 0.228209 0.548904 0.245370 0.549702 0.257743 0.553161 0.277698 0.566198 0.317209 0.591475 0.346344 0.615688 0.362708 0.646552 0.362308 0.650809 0.339958 0.664645 0.321600 0.680077 0.307631 0.692582 0.284084 0.686994 0.251756 0.673425 0.229007 0.655066 0.219029 0.642295 0.215038 0.622871 0.215038 0.606375 0.213043 0.581364 0.207854 0.570189
1 0.363407 0.649252 0.391275 0.625966 0.412827 0.601937 0.433264 0.582120 0.452958 0.573945 0.473766 0.570724 0.482313 0.568743 0.496061 0.561559 0.499777 0.560815 0.494575 0.566513 0.494203 0.571963 0.492717 0.586331 0.491602 0.599212 0.484542 0.612589 0.465963 0.634389 0.434007 0.653215 0.400936 0.672538 0.354117 0.692355 0.337396 0.696071 0.318817 0.696319 0.306183 0.693842 0.313986 0.684924 0.336281 0.667831 0.349287 0.658665
0 0.370818 0.161011 0.377831 0.159528 0.379627 0.157362 0.378515 0.154397 0.378601 0.151318 0.376206 0.147840 0.373726 0.145788 0.370305 0.144533 0.363891 0.144932 0.360384 0.146301 0.359016 0.148296 0.358845 0.148695 0.358503 0.150406 0.358588 0.152516 0.359358 0.154967 0.360213 0.157248 0.361581 0.158730 0.364318 0.160327 0.369364 0.161467
0 0.404371 0.183936 0.400831 0.183311 0.396979 0.179910 0.396354 0.178175 0.396979 0.174357 0.398436 0.171234 0.400310 0.167833 0.404058 0.165403 0.406765 0.164779 0.413012 0.165265 0.417177 0.166167 0.420508 0.167416 0.422487 0.169499 0.422591 0.171511 0.421862 0.174843 0.420613 0.178452 0.418843 0.180882 0.415823 0.182131 0.413012 0.182825 0.408015 0.184283
0 0.319640 0.204931 0.317590 0.204666 0.313161 0.203785 0.309922 0.202551 0.308071 0.199422 0.306748 0.196557 0.306748 0.193692 0.307410 0.191268 0.309393 0.189021 0.312500 0.186641 0.316070 0.186112 0.322416 0.186376 0.325920 0.186685 0.328168 0.187302 0.330812 0.189461 0.335969 0.195103 0.337423 0.198276 0.337556 0.201097 0.336498 0.202992 0.333787 0.204534 0.330416 0.204887 0.326714 0.204490 0.324532 0.204402
0 0.333485 0.425861 0.329042 0.427814 0.326962 0.427814 0.321480 0.425672 0.318266 0.423529 0.317604 0.421450 0.319967 0.419181 0.322992 0.416660 0.325261 0.416156 0.328286 0.416345 0.331594 0.418299 0.332823 0.420882 0.333579 0.422962
0 0.300566 0.393112 0.299738 0.396062 0.300098 0.398125 0.302257 0.399373 0.304487 0.399325 0.306034 0.398221 0.307078 0.397454 0.307078 0.395343 0.306286 0.393832 0.304487 0.393184 0.301105 0.393160
0 0.299234 0.399996 0.296644 0.400428 0.295672 0.402011 0.295277 0.403546 0.295205 0.404865 0.295996 0.406832 0.297363 0.407672 0.299378 0.408080 0.302437 0.408032 0.304847 0.407048 0.306538 0.405849 0.306034 0.403522 0.303768 0.401555 0.301609 0.400236
0 0.382228 0.226564 0.381516 0.223786 0.382431 0.219990 0.387616 0.216466 0.393919 0.214162 0.403170 0.213620 0.411912 0.216195 0.414454 0.218770 0.415877 0.221685 0.415979 0.223718 0.415166 0.226293 0.413234 0.228936 0.409168 0.231512 0.405711 0.232867 0.402661 0.233613 0.396460 0.234019 0.390462 0.234358 0.386396 0.234358 0.383651 0.233816 0.382431 0.233138 0.382025 0.232054 0.382025 0.230292 0.381923 0.228530
0 0.326010 0.238763 0.326214 0.236256 0.328145 0.234155 0.330077 0.231918 0.332008 0.230088 0.335566 0.227987 0.339938 0.226429 0.344817 0.225819 0.348274 0.225751 0.358745 0.229682 0.360778 0.233206 0.361388 0.237408 0.359660 0.245541 0.356000 0.249471 0.345834 0.251505 0.342174 0.251098 0.337600 0.249133 0.337193 0.247303 0.335871 0.246557 0.333228 0.245947 0.331093 0.244863 0.330077 0.244660 0.327942 0.242355 0.326824 0.240390
0 0.388270 0.236105 0.390222 0.235935 0.392428 0.236359 0.392980 0.237434 0.393022 0.238678 0.392640 0.240686 0.391070 0.241931 0.388864 0.243090 0.386913 0.243119 0.385598 0.242383 0.385513 0.241818 0.385767 0.240715 0.386573 0.238707 0.387973 0.236896
0 0.377367 0.234888 0.378640 0.235935 0.379489 0.239244 0.379828 0.241280 0.378895 0.242638 0.377452 0.243430 0.374949 0.244250 0.372828 0.244391 0.370282 0.243684 0.369307 0.242892 0.368670 0.241959 0.368373 0.240008 0.368373 0.239187 0.370707 0.238028 0.373082 0.237066 0.376052 0.235793
2 0.320853 0.317089 0.316379 0.312931 0.314421 0.311353 0.306486 0.313191 0.302586 0.313937 0.298216 0.315084 0.295376 0.314861 0.292452 0.312578 0.294457 0.308457 0.279095 0.311494 0.270474 0.306609 0.263578 0.304023 0.256034 0.304454 0.248060 0.306753 0.243103 0.309770 0.239871 0.314224 0.237284 0.321121 0.236422 0.327586 0.232328 0.327155 0.227951 0.326573 0.217672 0.330029 0.206250 0.337787 0.201078 0.343391 0.198922 0.346552 0.197845 0.349569 0.199353 0.353736 0.203233 0.357328 0.210560 0.359770 0.216810 0.363793 0.220690 0.369253 0.225000 0.370690 0.232112 0.372270 0.248276 0.372126 0.259914 0.370259 0.262500 0.369253 0.265302 0.367385 0.271121 0.365086 0.273060 0.362787 0.275216 0.361207 0.276509 0.359195 0.278879 0.358046 0.282328 0.358621 0.284698 0.361063 0.286853 0.362356 0.290733 0.361925 0.292026 0.360776 0.295043 0.359914 0.298707 0.357328 0.307112 0.354023 0.308621 0.352299 0.312500 0.350144 0.317457 0.346264 0.321522 0.341202 0.321121 0.337500 0.320770 0.334408 0.319612 0.333908 0.317763 0.331457 0.318966 0.329310 0.320259 0.323276 0.320259 0.317960
2 0.354117 0.265532 0.356718 0.263303 0.363407 0.260454 0.373439 0.257605 0.378827 0.256614 0.390346 0.258100 0.391833 0.256119 0.395548 0.250917 0.399078 0.248068 0.404652 0.245343 0.409854 0.243980 0.415985 0.244228 0.423417 0.245467 0.429362 0.248935 0.432149 0.257729 0.431406 0.265037 0.436980 0.265284 0.444783 0.264789 0.450543 0.267018 0.460761 0.272221 0.467264 0.278661 0.470236 0.283740 0.470051 0.285969 0.466521 0.288818 0.458160 0.294268 0.457231 0.296497 0.456116 0.299841 0.452215 0.304424 0.447012 0.306158 0.437537 0.308388 0.429362 0.308636 0.418958 0.308759 0.415242 0.308636 0.412827 0.307645 0.408925 0.306406 0.405581 0.305415 0.401308 0.305663 0.396292 0.305415 0.394434 0.303557 0.392576 0.301328 0.387745 0.303062 0.382172 0.303433 0.375297 0.302938 0.367680 0.300461 0.360806 0.298107 0.354860 0.294887 0.349844 0.290924 0.349844 0.286960 0.351330 0.283244 0.349844 0.278661 0.349844 0.274078 0.350030 0.270239 0.352259 0.267390
2 0.325877 0.241627 0.333680 0.248192 0.338696 0.252898 0.337396 0.260578 0.331079 0.270858 0.329035 0.280519 0.327549 0.292781 0.324019 0.301947 0.319932 0.306902 0.313615 0.311608 0.294478 0.315324 0.292435 0.312847 0.293364 0.310246 0.295593 0.307769 0.295407 0.307025 0.291134 0.305167 0.285189 0.306282 0.280358 0.303557 0.276457 0.301328 0.273112 0.296745 0.271626 0.293029 0.272927 0.292781 0.272927 0.290924 0.282216 0.295754 0.287047 0.297240 0.289834 0.294392 0.290205 0.291419 0.292992 0.287455 0.295221 0.283368 0.296336 0.281015 0.294664 0.279033 0.296522 0.277175 0.298937 0.276432 0.301538 0.273211 0.303582 0.268257 0.306183 0.267390 0.308970 0.267390 0.312128 0.268505 0.315473 0.272592 0.317702 0.249554 0.320303 0.249430 0.321232 0.244971 0.321790 0.243237