1 0.010506 0.148348 0.033944 0.152299 0.054149 0.160022 0.059806 0.169540 0.061961 0.181214 0.061961 0.195223 0.059267 0.211207 0.050377 0.220905 0.037985 0.228448 0.030172 0.229167 0.026131 0.230244 0.019666 0.232040 0.015894 0.233118 0.001078 0.230963 0.000539 0.151221
1 0.501676 0.589080 0.511255 0.580460 0.520833 0.574872 0.530651 0.574234 0.552443 0.571839 0.568247 0.573116 0.587883 0.575351 0.591715 0.578225 0.591715 0.583493 0.589799 0.588282 0.579741 0.594508 0.552203 0.602171 0.521073 0.606162 0.518439 0.611111 0.513649 0.609195 0.506226 0.605524 0.478209 0.604246 0.442529 0.601213 0.427921 0.600255 0.421935 0.598180 0.424330 0.593870 0.431753 0.587484 0.446600 0.582854 0.467433 0.580939 0.479885 0.580300
1 0.440656 0.425339 0.440271 0.440476 0.451432 0.440476 0.482990 0.445608 0.495690 0.452022 0.500308 0.454844 0.509544 0.456897 0.526863 0.468186 0.539948 0.484349 0.546105 0.499743 0.550339 0.514881 0.544181 0.516164 0.540333 0.517960 0.538023 0.522578 0.538023 0.525400 0.541872 0.526170 0.546490 0.527709 0.553033 0.532328 0.553417 0.543873 0.548030 0.556188 0.536099 0.568760 0.523399 0.574148 0.503387 0.588259 0.508775 0.576970 0.506466 0.574918 0.499538 0.572865 0.490687 0.569530 0.492226 0.580562 0.492226 0.582615 0.483374 0.580306 0.471829 0.577227 0.458359 0.572352 0.444504 0.563116 0.434883 0.555419 0.419104 0.536689 0.409868 0.518729 0.398322 0.491277 0.397937 0.467929 0.399092 0.456897 0.407174 0.446121 0.416410 0.433805 0.423722 0.428931
2 0.379957 0.303736 0.376293 0.304741 0.371336 0.309339 0.368750 0.312500 0.365948 0.318247 0.365302 0.321839 0.362284 0.322701 0.361207 0.323707 0.360776 0.322126 0.357328 0.318678 0.354064 0.316867 0.351509 0.316954 0.349569 0.316236 0.345474 0.316523 0.341578 0.315727 0.328407 0.319034 0.323276 0.325431 0.321983 0.328305 0.321767 0.330603 0.323060 0.337787 0.329310 0.347701 0.335345 0.352011 0.337069 0.354741 0.339871 0.357328 0.342026 0.361063 0.338670 0.365444 0.339354 0.367725 0.341407 0.370234 0.349569 0.371408 0.352586 0.373132 0.357759 0.375144 0.365086 0.373707 0.367241 0.372126 0.373060 0.369971 0.378695 0.364988 0.380172 0.371121 0.381250 0.373132 0.384698 0.375144 0.388793 0.375431 0.392457 0.377155 0.401293 0.377443 0.412284 0.374713 0.415948 0.373132 0.419828 0.369684 0.422198 0.363362 0.423491 0.361351 0.423060 0.350000 0.421552 0.341954 0.419397 0.337500 0.406404 0.328042 0.403017 0.327299 0.401940 0.325575 0.400647 0.318391 0.399138 0.313793 0.397414 0.310920 0.394944 0.307289 0.391595 0.305603 0.389440 0.304310 0.384698 0.303592
0 0.155329 0.278888 0.161680 0.279791 0.166677 0.281526 0.169176 0.283400 0.170217 0.285829 0.168863 0.288328 0.166573 0.291313 0.162512 0.295477 0.156994 0.298115 0.150852 0.299364 0.146167 0.299364 0.141585 0.298184 0.138150 0.296657 0.136900 0.294297 0.135651 0.291521 0.136796 0.288675 0.140440 0.285482 0.144501 0.282636 0.148145 0.280693 0.152517 0.279235 0.154183 0.279027
0 0.126661 0.254525 0.126661 0.256477 0.128053 0.259005 0.129109 0.259901 0.127381 0.262045 0.126421 0.263325 0.121861 0.265213 0.116629 0.266397 0.109861 0.265437 0.105877 0.263805 0.104101 0.261565 0.104101 0.259805 0.104293 0.258909 0.104101 0.257629 0.104005 0.256605 0.104725 0.255549 0.105589 0.254653 0.108037 0.253405 0.109813 0.252637 0.113509 0.251453 0.114949 0.251357 0.118165 0.251453 0.120037 0.251677 0.123253 0.252349 0.124453 0.252893 0.125701 0.253981
2 0.218442 0.206076 0.224908 0.208949 0.235837 0.215722 0.237839 0.219212 0.237223 0.224343 0.234144 0.231322 0.240764 0.234503 0.245844 0.238916 0.250462 0.245587 0.251693 0.249795 0.248768 0.255234 0.249138 0.265057 0.248448 0.274483 0.244310 0.276207 0.238103 0.272759 0.231034 0.268391 0.227759 0.266092 0.223276 0.262184 0.219982 0.262110 0.217518 0.263855 0.210745 0.266112 0.207358 0.267755 0.204433 0.269499 0.201663 0.271039 0.199815 0.271449 0.196429 0.271552 0.192580 0.271039 0.189963 0.270525 0.188116 0.269807 0.186884 0.268883 0.185037 0.268268 0.183190 0.267755 0.179649 0.266318 0.175954 0.261802 0.183959 0.262931 0.189655 0.264984 0.192241 0.263218 0.197814 0.262110 0.191041 0.257902 0.188116 0.254618 0.186576 0.251642 0.184883 0.248153 0.185191 0.246100 0.182266 0.241482 0.179187 0.237172 0.178571 0.230090 0.179341 0.224138 0.183036 0.221367 0.184575 0.220238 0.188424 0.218801 0.193966 0.217878 0.198584 0.217775 0.203202 0.219930 0.209052 0.225472 0.211823 0.230706 0.211207 0.224138 0.211515 0.219520 0.213978 0.213978 0.215671 0.210386 0.216287 0.208128
0 0.720135 0.304990 0.720975 0.309095 0.719856 0.311427 0.715937 0.314039 0.712858 0.314319 0.710059 0.314039 0.708660 0.312080 0.707680 0.310494 0.707680 0.308442 0.708940 0.306482 0.711039 0.304616 0.713978 0.304150 0.716777 0.304057
0 0.719856 0.318238 0.723774 0.317398 0.727273 0.317678 0.731471 0.318798 0.733570 0.320197 0.733990 0.323369 0.733011 0.326541 0.729792 0.330366 0.727133 0.331113 0.724054 0.331299 0.719856 0.331579 0.717337 0.330926 0.716217 0.329620 0.715657 0.327661 0.715657 0.326261 0.716357 0.323836 0.717476 0.321130 0.718876 0.319171
0 0.659775 0.324552 0.658487 0.325983 0.655997 0.327357 0.654880 0.329590 0.654880 0.331250 0.656426 0.334913 0.657371 0.337031 0.659603 0.338462 0.665699 0.338863 0.669048 0.338806 0.671624 0.337833 0.673513 0.335657 0.673513 0.332852 0.671967 0.329647 0.669992 0.326842 0.668361 0.325354 0.666214 0.324381 0.663209 0.323865 0.660805 0.323636
0 0.728667 0.305266 0.726874 0.305753 0.725778 0.306351 0.725247 0.306838 0.724085 0.308144 0.724218 0.308875 0.725181 0.309628 0.726907 0.310447 0.728933 0.310823 0.730394 0.310912 0.732154 0.310425 0.732486 0.310070 0.731523 0.308963 0.731092 0.307126 0.730826 0.306152 0.729664 0.305466
2 0.258448 0.233908 0.259310 0.230345 0.262069 0.225172 0.266207 0.220345 0.275517 0.215747 0.282241 0.214483 0.287759 0.214023 0.292931 0.214943 0.299138 0.217586 0.304483 0.221724 0.306379 0.226092 0.307931 0.231264 0.313966 0.230460 0.324138 0.232299 0.331034 0.234943 0.337414 0.239080 0.340517 0.244713 0.341034 0.247931 0.338448 0.250920 0.333448 0.255057 0.326724 0.259885 0.326034 0.262989 0.322414 0.266667 0.317241 0.269770 0.301897 0.274253 0.293276 0.275057 0.288448 0.274713 0.283276 0.273333 0.284655 0.263678 0.280690 0.259425 0.269655 0.251264 0.270690 0.253218 0.271034 0.262184 0.266897 0.274713 0.263793 0.275172 0.260345 0.263333 0.255862 0.268391 0.248966 0.274828 0.248793 0.270460 0.248793 0.256897 0.251724 0.250000 0.249828 0.244368 0.246897 0.239080 0.242759 0.235402 0.237586 0.232299 0.247586 0.232299 0.252759 0.232299 0.257069 0.233103
2 0.338172 0.251944 0.344828 0.251733 0.351008 0.251944 0.352276 0.252895 0.353226 0.250570 0.356871 0.248458 0.361625 0.246767 0.367172 0.246556 0.371926 0.247295 0.377631 0.249725 0.386822 0.257437 0.393636 0.266523 0.397915 0.263776 0.401084 0.261663 0.411226 0.263565 0.421051 0.266417 0.433887 0.270432 0.439750 0.273601 0.444504 0.276454 0.446723 0.278672 0.447198 0.280574 0.446881 0.282792 0.444504 0.287230 0.441176 0.288920 0.435630 0.291138 0.436264 0.293357 0.432778 0.296315 0.429450 0.298745 0.421209 0.301703 0.408849 0.303182 0.398707 0.303182 0.388565 0.301280 0.381751 0.298745 0.372718 0.298428 0.365270 0.296104 0.355287 0.291561 0.347680 0.287863 0.342609 0.279729 0.341975 0.276665 0.340866 0.274658 0.335478 0.269798 0.332784 0.267368 0.331516 0.259445 0.331675 0.256804 0.333893 0.254796
2 0.483012 0.431013 0.477941 0.426788 0.474613 0.421611 0.472712 0.416117 0.471127 0.408300 0.470969 0.405130 0.473821 0.403440 0.476832 0.402806 0.478417 0.401855 0.480477 0.399637 0.482061 0.398686 0.484121 0.398369 0.486815 0.398369 0.489192 0.398686 0.491886 0.399320 0.495848 0.401221 0.500127 0.405341 0.505515 0.409990 0.510586 0.415589 0.513755 0.420237 0.515023 0.421400 0.517717 0.419921 0.522154 0.418970 0.522629 0.419498 0.524848 0.419181 0.528651 0.419709 0.536258 0.422667 0.545607 0.427104 0.552421 0.431542 0.559394 0.435556 0.562563 0.439465 0.562880 0.442951 0.565099 0.445698 0.562722 0.449079 0.555432 0.453727 0.546717 0.456474 0.537525 0.457319 0.546875 0.462707 0.543864 0.464292 0.534673 0.464292 0.522788 0.461334 0.513755 0.459538 0.507099 0.456474 0.502821 0.454467 0.501236 0.453516 0.498859 0.454150 0.494897 0.450558 0.487132 0.445804 0.479843 0.441684 0.476356 0.440627 0.474613 0.439042 0.473979 0.437141 0.471761 0.434183 0.468433 0.429640 0.467641 0.427527 0.469542 0.427316 0.475564 0.429323
2 0.427309 0.319427 0.433429 0.321378 0.436356 0.318362 0.441943 0.313751 0.450990 0.310026 0.457375 0.309671 0.467752 0.311799 0.477065 0.315702 0.483184 0.322442 0.485047 0.326699 0.489304 0.324571 0.495690 0.324393 0.503938 0.325103 0.514315 0.327409 0.522829 0.329005 0.528948 0.330424 0.531077 0.332553 0.533206 0.334681 0.533206 0.336987 0.533472 0.340180 0.531875 0.343728 0.527352 0.348517 0.510324 0.357564 0.517241 0.360224 0.518040 0.361821 0.512718 0.363949 0.503938 0.365900 0.484515 0.366965 0.463761 0.366610 0.459770 0.361821 0.459504 0.364836 0.456577 0.366787 0.447797 0.365900 0.436356 0.364481 0.423052 0.361643 0.424117 0.355435 0.424383 0.350291 0.423052 0.344792 0.419860 0.338406 0.414804 0.333262 0.410281 0.330247 0.409217 0.328650 0.405758 0.327054 0.400968 0.325103 0.402033 0.322265 0.407620 0.320846 0.419061 0.319781
2 0.323641 0.340081 0.318061 0.341620 0.305553 0.342775 0.292853 0.342775 0.281693 0.340851 0.284002 0.336104 0.270724 0.333025 0.263027 0.329177 0.263989 0.322121 0.266876 0.315322 0.274380 0.308267 0.279768 0.305444 0.290352 0.299800 0.297279 0.299158 0.303244 0.299543 0.308440 0.301981 0.309787 0.302494 0.309017 0.299672 0.311134 0.291846 0.314790 0.283636 0.318638 0.279659 0.324026 0.276067 0.335187 0.274656 0.339998 0.275811 0.341730 0.276452 0.342884 0.280557 0.347117 0.286330 0.354237 0.291333 0.369439 0.298132 0.379253 0.299030 0.377136 0.304546 0.371940 0.309036 0.364821 0.317760 0.357124 0.317503 0.349619 0.315964 0.340767 0.315964 0.333263 0.316990 0.328452 0.319171 0.323257 0.322506 0.321717 0.325072 0.320178 0.329433 0.320563 0.332256 0.321717 0.335206 0.323449 0.338670
2 0.249384 0.275246 0.248615 0.278428 0.247691 0.280891 0.247691 0.285201 0.248461 0.286741 0.246921 0.287972 0.235991 0.286227 0.232759 0.286741 0.234760 0.288690 0.236915 0.292385 0.238916 0.294745 0.239532 0.296285 0.239532 0.297824 0.239224 0.301724 0.238916 0.303366 0.237839 0.305829 0.237531 0.306445 0.235837 0.307163 0.231835 0.307779 0.228140 0.308292 0.225216 0.308292 0.220597 0.306548 0.210591 0.300185 0.212900 0.303264 0.211977 0.303571 0.213670 0.306342 0.215825 0.309011 0.216441 0.311063 0.218596 0.313321 0.221829 0.315374 0.223830 0.315476 0.229064 0.314347 0.237685 0.312089 0.238916 0.313937 0.241687 0.314655 0.244458 0.314655 0.245844 0.314860 0.244150 0.315784 0.243688 0.317323 0.243688 0.319992 0.244304 0.321531 0.246613 0.321634 0.249230 0.321736 0.250770 0.321531 0.255542 0.319273 0.258467 0.317016 0.263855 0.313834 0.266164 0.307266 0.271398 0.293206 0.268011 0.291872 0.269704 0.287048 0.269704 0.282738 0.273091 0.279146 0.281866 0.273912 0.283405 0.271860 0.284483 0.262931 0.269858 0.251437 0.270936 0.261802 0.268165 0.271962 0.266010 0.279762 0.262777 0.283354 0.264163 0.274117 0.262931 0.268268 0.260622 0.263136 0.258313 0.265907 0.251385 0.273194
2 0.377641 0.367971 0.380941 0.370819 0.384242 0.377291 0.384048 0.383763 0.380941 0.392177 0.377252 0.399425 0.375699 0.403308 0.376670 0.404862 0.384048 0.402144 0.399386 0.396966 0.400940 0.397743 0.396668 0.404862 0.390067 0.410039 0.381135 0.413664 0.371427 0.417547 0.369486 0.422207 0.367544 0.425313 0.361525 0.425443 0.354924 0.428031 0.350458 0.432691 0.344828 0.436445 0.341333 0.438387 0.331236 0.439422 0.327742 0.438387 0.329295 0.434762 0.328324 0.433727 0.334731 0.430491 0.344439 0.427255 0.351041 0.426478 0.355895 0.421948 0.350070 0.423889 0.345798 0.426867 0.341139 0.428161 0.334537 0.429455 0.329489 0.431009 0.324053 0.431397 0.316674 0.428031 0.304248 0.423501 0.299783 0.419618 0.296870 0.415346 0.296288 0.412628 0.299200 0.406933 0.304248 0.403956 0.309296 0.401626 0.314927 0.398001 0.325023 0.394248 0.332013 0.392824 0.337061 0.392953 0.341333 0.393342 0.345993 0.394765 0.348711 0.396319 0.350264 0.399037 0.352400 0.400331 0.352011 0.395413 0.353759 0.390882 0.356865 0.387905 0.356671 0.384540 0.353371 0.377032 0.356283 0.374573 0.360555 0.374443 0.362302 0.374961 0.363661 0.376256 0.366379 0.374702 0.369292 0.371596 0.371427 0.370301