0 0.862463 0.242622 0.867434 0.242582 0.871708 0.244192 0.878074 0.247057 0.877028 0.250157 0.875458 0.251923 0.872667 0.252002 0.867085 0.251020 0.862986 0.250039 0.861155 0.248744 0.861155 0.245604 0.861940 0.243485
1 0.521667 0.618500 0.513333 0.619000 0.510000 0.620000 0.505556 0.620500 0.500556 0.619500 0.496667 0.616750 0.493889 0.616500 0.486111 0.618000 0.484444 0.619250 0.469444 0.626000 0.466111 0.627000 0.458889 0.632250 0.453333 0.634500 0.448333 0.638500 0.442222 0.641500 0.441111 0.643000 0.437222 0.645250 0.430556 0.651000 0.426111 0.653500 0.422222 0.658250 0.418889 0.661000 0.418333 0.662750 0.415556 0.665750 0.412222 0.674000 0.406111 0.684500 0.403889 0.690000 0.392222 0.706750 0.392222 0.712750 0.395556 0.714250 0.403333 0.715750 0.407778 0.715500 0.411667 0.711500 0.433333 0.702500 0.434444 0.701000 0.447222 0.696000 0.450000 0.694250 0.457222 0.691250 0.470556 0.683250 0.474444 0.680250 0.482778 0.676000 0.496667 0.667000 0.500000 0.663750 0.505556 0.660250 0.510556 0.655500 0.515556 0.648250 0.518333 0.646250 0.522778 0.637750 0.525556 0.634250 0.528889 0.622750 0.525556 0.620000
1 0.303333 0.572000 0.304444 0.573250 0.308333 0.574500 0.310556 0.576000 0.312222 0.576000 0.318333 0.577500 0.321667 0.577500 0.328889 0.576500 0.333889 0.576500 0.337222 0.575000 0.343333 0.576000 0.353333 0.576250 0.357338 0.576509 0.356111 0.577250 0.366667 0.578250 0.383889 0.581750 0.393333 0.583000 0.400000 0.584500 0.403333 0.584500 0.408889 0.586000 0.416111 0.586750 0.423333 0.589000 0.427222 0.589250 0.435556 0.592000 0.440000 0.592750 0.447778 0.595750 0.456111 0.598000 0.462778 0.601250 0.466667 0.601500 0.474444 0.603250 0.482222 0.605750 0.486111 0.606250 0.493889 0.609250 0.497778 0.609250 0.501111 0.610000 0.509444 0.609250 0.513333 0.608000 0.517222 0.605500 0.526111 0.604000 0.533333 0.601500 0.536111 0.601000 0.538333 0.599500 0.536667 0.598500 0.529444 0.596750 0.525556 0.594750 0.520000 0.593750 0.513889 0.591750 0.509444 0.591500 0.505000 0.590500 0.498333 0.590250 0.489444 0.588750 0.485556 0.587750 0.481111 0.585500 0.478333 0.585250 0.467222 0.582750 0.463889 0.581500 0.436667 0.575250 0.428889 0.573000 0.400556 0.567750 0.388333 0.566750 0.374444 0.567250 0.358889 0.566750 0.351153 0.569481 0.348323 0.568632 0.344025 0.567500 0.341111 0.566000 0.336688 0.565236 0.327358 0.563915 0.321111 0.564000 0.313889 0.565500 0.308333 0.567250 0.305556 0.568500
1 0.587052 0.473031 0.560805 0.476772 0.524497 0.493504 0.511811 0.506890 0.499125 0.529331 0.484689 0.562402 0.485127 0.586614 0.492126 0.589370 0.506562 0.590157 0.524059 0.592913 0.540682 0.599016 0.558180 0.591535 0.578303 0.581299 0.603237 0.561417 0.615486 0.550000 0.622047 0.537992 0.627297 0.525984 0.630030 0.515473 0.622485 0.518110 0.615923 0.517520 0.608408 0.515338 0.606299 0.512402 0.604987 0.508071 0.604955 0.505676 0.618468 0.501892 0.625526 0.503311 0.618110 0.493898 0.608049 0.483661 0.601050 0.483268 0.596675 0.481693 0.592301 0.477165 0.590989 0.475197
0 0.584985 0.485946 0.593844 0.490068 0.595946 0.493378 0.595796 0.495270 0.592793 0.497230 0.586937 0.500000 0.581231 0.501554 0.578679 0.501622 0.574174 0.501284 0.571622 0.500135 0.567868 0.498581 0.565916 0.495203 0.565916 0.492703 0.571321 0.488919 0.575976 0.487230 0.581982 0.486014
0 0.619069 0.470338 0.624474 0.475541 0.625976 0.477297 0.618619 0.479595 0.613964 0.481149 0.607508 0.482095 0.603303 0.482297 0.600300 0.482162 0.598949 0.481419 0.596997 0.479392 0.595646 0.476081 0.595646 0.473311 0.596396 0.471892 0.601201 0.470811 0.607357 0.469730 0.611261 0.469730 0.616667 0.470135
0 0.654465 0.507165 0.656802 0.509930 0.656542 0.512617 0.655763 0.514603 0.652821 0.515576 0.649619 0.515654 0.645898 0.515187 0.643475 0.514408 0.640793 0.512734 0.640187 0.509540 0.640879 0.507438 0.643129 0.506659 0.649446 0.506503 0.654292 0.506542
0 0.692195 0.495483 0.695656 0.497897 0.694877 0.499338 0.692021 0.501869 0.690723 0.502843 0.687262 0.503427 0.682070 0.503621 0.677397 0.502882 0.672551 0.501519 0.668917 0.500467 0.667445 0.499650 0.668397 0.497313 0.672032 0.495405 0.676532 0.494431 0.680512 0.494393 0.687868 0.494548 0.690291 0.494821
2 0.657778 0.343250 0.648889 0.342250 0.646667 0.341750 0.639444 0.341750 0.637222 0.342000 0.627222 0.344000 0.618889 0.347750 0.616667 0.346750 0.615000 0.344250 0.613333 0.342750 0.610556 0.341500 0.610556 0.341000 0.608333 0.339000 0.606667 0.338250 0.605000 0.338000 0.598889 0.338000 0.595000 0.339250 0.592222 0.341250 0.585000 0.344500 0.581667 0.349250 0.581667 0.354500 0.582778 0.356250 0.582778 0.361500 0.576111 0.369750 0.575000 0.377500 0.575556 0.377750 0.576111 0.380750 0.582222 0.387000 0.583333 0.388750 0.592778 0.393750 0.599444 0.395000 0.602778 0.393250 0.604444 0.393000 0.606667 0.392000 0.608889 0.391500 0.612778 0.388750 0.613889 0.386250 0.615000 0.385500 0.615556 0.386250 0.617222 0.387000 0.618889 0.387250 0.623889 0.389250 0.626667 0.389500 0.629444 0.390250 0.639444 0.390500 0.640000 0.390250 0.642222 0.390250 0.646111 0.389250 0.650000 0.385750 0.653333 0.384500 0.662381 0.380571 0.650794 0.382857 0.641111 0.381143 0.643651 0.378286 0.654444 0.377000 0.655556 0.376250 0.656667 0.374500 0.655873 0.368214 0.663333 0.359500 0.663333 0.358500 0.664444 0.357000 0.664444 0.355500 0.665000 0.355250 0.665000 0.353750 0.665556 0.353500 0.665000 0.349000 0.663889 0.347500 0.661111 0.345750 0.660000 0.344250
0 0.792995 0.254522 0.792564 0.257752 0.789549 0.263437 0.785243 0.264793 0.778926 0.265698 0.777204 0.265762 0.775624 0.265568 0.773758 0.264987 0.771318 0.264341 0.770457 0.263566 0.770026 0.261822 0.771461 0.258850 0.772323 0.257881 0.774907 0.255491 0.776486 0.254457 0.781510 0.253811 0.785386 0.253618 0.788831 0.253747
0 0.811222 0.264100 0.816667 0.266350 0.817167 0.268425 0.811500 0.272075 0.805611 0.273375 0.800889 0.272600 0.798500 0.271975 0.796778 0.270625 0.794944 0.269550 0.794333 0.269150 0.795222 0.267225 0.797222 0.266025 0.801556 0.264850 0.805222 0.264100 0.810500 0.263725
0 0.775304 0.278942 0.771181 0.281447 0.766234 0.284926 0.764585 0.286456 0.771593 0.290538 0.785302 0.293043 0.791692 0.292440 0.794991 0.292254 0.798907 0.289471 0.799732 0.288312 0.800763 0.286132 0.800144 0.281865 0.797671 0.279824 0.793548 0.278803 0.786333 0.277644 0.777159 0.278293
0 0.740173 0.290082 0.730516 0.293967 0.725744 0.296575 0.723017 0.299642 0.722563 0.300460 0.725971 0.303476 0.734151 0.305726 0.741877 0.306339 0.749489 0.304857 0.753692 0.302249 0.756305 0.300102 0.758350 0.297751 0.758578 0.295910 0.757328 0.294376 0.754488 0.292740 0.751534 0.291667 0.747898 0.291258 0.744035 0.290644
0 0.651527 0.284741 0.654154 0.287782 0.655280 0.291216 0.651151 0.295552 0.644895 0.302309 0.639640 0.302984 0.634760 0.302703 0.627628 0.300000 0.618118 0.295664 0.613363 0.292342 0.611987 0.289921 0.613614 0.285360 0.619745 0.281306 0.626126 0.279561 0.633634 0.279279 0.637513 0.279448 0.641517 0.280574 0.648398 0.283108
2 0.603333 0.393250 0.601111 0.394250 0.600556 0.394250 0.597778 0.396000 0.597778 0.397000 0.597222 0.397250 0.597222 0.400250 0.597778 0.400500 0.597778 0.403750 0.598333 0.404000 0.598333 0.406000 0.598889 0.406250 0.598889 0.410750 0.599444 0.411000 0.599444 0.414250 0.600000 0.414500 0.600000 0.416000 0.602778 0.418500 0.603889 0.421000 0.604444 0.421250 0.604444 0.422000 0.606111 0.423500 0.606111 0.427500 0.606667 0.427750 0.607222 0.429000 0.609444 0.429750 0.613333 0.430000 0.617778 0.431000 0.622778 0.431000 0.634444 0.437000 0.638333 0.437250 0.642222 0.438250 0.643333 0.438250 0.648889 0.439250 0.652778 0.439500 0.653333 0.439750 0.664444 0.439750 0.665000 0.439500 0.668889 0.439500 0.671111 0.439000 0.673889 0.437750 0.675556 0.436000 0.677778 0.434500 0.681111 0.433000 0.686111 0.431500 0.688333 0.430000 0.690000 0.428000 0.688889 0.423500 0.683889 0.418750 0.676667 0.415250 0.676667 0.415000 0.666667 0.410500 0.665000 0.410250 0.661667 0.408750 0.655000 0.406750 0.650000 0.406250 0.649444 0.406500 0.646667 0.406500 0.646111 0.406750 0.641667 0.407000 0.641111 0.407250 0.638889 0.407250 0.638333 0.407500 0.636111 0.406250 0.632222 0.400500 0.628889 0.397750 0.628889 0.397250 0.627222 0.395750 0.622778 0.393250 0.621111 0.393000 0.619444 0.392250 0.616667 0.392000 0.616111 0.391750 0.610000 0.391750 0.606667 0.392500 0.605556 0.393000
2 0.440000 0.417500 0.438333 0.419500 0.438333 0.423500 0.443333 0.428500 0.448889 0.432000 0.449444 0.436250 0.451667 0.439250 0.456667 0.441500 0.465000 0.444000 0.469444 0.444500 0.473889 0.445500 0.482222 0.446250 0.488333 0.447250 0.494444 0.447250 0.497778 0.446250 0.501667 0.446000 0.505000 0.447750 0.505556 0.448500 0.510000 0.448750 0.511667 0.449500 0.512494 0.449297 0.513333 0.449750 0.515000 0.448500 0.520556 0.448000 0.528333 0.448000 0.532222 0.447500 0.536667 0.446250 0.539714 0.445783 0.539714 0.443273 0.540384 0.432129 0.540000 0.428250 0.541111 0.427500 0.542778 0.427250 0.546111 0.427500 0.548333 0.428750 0.548889 0.434000 0.549444 0.434250 0.548889 0.439500 0.549444 0.439750 0.549085 0.444980 0.551093 0.445482 0.553548 0.444880 0.556448 0.444378 0.559444 0.438750 0.561357 0.436847 0.563141 0.432831 0.562222 0.429750 0.562778 0.429500 0.562778 0.427250 0.563333 0.427000 0.565149 0.421486 0.560556 0.419750 0.555000 0.418250 0.548333 0.417500 0.544444 0.415500 0.541111 0.415750 0.530556 0.414750 0.526111 0.414750 0.518889 0.415500 0.513333 0.415500 0.509444 0.413000 0.501667 0.409750 0.489444 0.405750 0.486667 0.406250 0.482222 0.406250 0.477778 0.407000 0.475000 0.408250 0.470556 0.409500 0.466111 0.412500 0.458333 0.412750 0.451111 0.413500 0.444444 0.415250
2 0.545556 0.356500 0.541667 0.355750 0.534444 0.355750 0.533889 0.356000 0.529444 0.356250 0.522778 0.357250 0.521111 0.357750 0.512778 0.354500 0.511111 0.354500 0.510556 0.354250 0.500000 0.354000 0.493889 0.355000 0.488889 0.357250 0.485556 0.360000 0.483889 0.363500 0.482222 0.365250 0.482222 0.366750 0.480556 0.368750 0.478333 0.369750 0.474444 0.369250 0.473333 0.369500 0.470556 0.369500 0.461667 0.371250 0.458889 0.372500 0.455556 0.373250 0.451111 0.375250 0.447222 0.376000 0.443889 0.378250 0.439444 0.380500 0.438333 0.381750 0.434444 0.384500 0.434444 0.386250 0.433889 0.386500 0.433889 0.389000 0.437222 0.391250 0.437778 0.392500 0.447222 0.396500 0.450556 0.397000 0.453333 0.398250 0.455000 0.400250 0.458889 0.401500 0.462222 0.402000 0.466667 0.402000 0.467222 0.402250 0.470556 0.402250 0.474444 0.402750 0.490556 0.402750 0.501667 0.400500 0.505556 0.399000 0.510000 0.396750 0.515556 0.395750 0.522778 0.395500 0.523333 0.395750 0.526667 0.395750 0.528889 0.396250 0.529444 0.394500 0.530556 0.393500 0.532778 0.392750 0.533333 0.392000 0.537222 0.389750 0.538333 0.388250 0.540556 0.386750 0.546667 0.381000 0.546667 0.379750 0.547222 0.379500 0.547778 0.368500 0.548889 0.366750 0.548889 0.364500 0.549444 0.364250 0.550000 0.360750 0.549444 0.360500 0.548333 0.358000
2 0.696667 0.299500 0.690556 0.302250 0.690556 0.302500 0.685000 0.305500 0.679444 0.310500 0.679444 0.311250 0.680000 0.311500 0.680000 0.314750 0.680556 0.315000 0.680556 0.316250 0.681667 0.317500 0.681667 0.320000 0.681111 0.320250 0.681111 0.325500 0.681667 0.325750 0.681667 0.327750 0.682222 0.328000 0.682222 0.329750 0.682778 0.330000 0.683333 0.334000 0.685000 0.335250 0.685000 0.335750 0.686667 0.337000 0.686667 0.337500 0.690000 0.340000 0.691111 0.342000 0.695556 0.346000 0.699444 0.347750 0.701111 0.349000 0.701111 0.349500 0.703889 0.350500 0.710000 0.351750 0.713333 0.353000 0.716667 0.353750 0.718333 0.353750 0.718889 0.354000 0.723889 0.354000 0.725556 0.353250 0.729444 0.349500 0.734444 0.346750 0.736111 0.345250 0.738333 0.344250 0.739444 0.344250 0.742222 0.343250 0.743889 0.343000 0.747222 0.341500 0.747222 0.341000 0.749444 0.338500 0.749444 0.337250 0.747778 0.336000 0.745556 0.335500 0.737778 0.335500 0.735556 0.335000 0.733889 0.332500 0.732778 0.331750 0.732778 0.331250 0.731667 0.330500 0.731667 0.330000 0.730000 0.328250 0.728889 0.325250 0.725000 0.321750 0.720000 0.319000 0.716667 0.318000 0.712778 0.317750 0.708333 0.319750 0.706667 0.320000 0.705000 0.321000 0.704444 0.320750 0.704444 0.320000 0.703889 0.319750 0.703889 0.313500 0.704444 0.313250 0.704444 0.303250 0.703889 0.303000 0.703889 0.301500 0.702778 0.300250 0.701111 0.299500
2 0.516667 0.310250 0.517222 0.314500 0.521111 0.318250 0.522778 0.319000 0.526111 0.322500 0.530000 0.325000 0.534444 0.330000 0.542222 0.333750 0.544444 0.334250 0.547778 0.335750 0.554444 0.336750 0.563889 0.338750 0.574444 0.338750 0.580556 0.338000 0.584114 0.337952 0.587778 0.338750 0.591667 0.339250 0.599444 0.337250 0.606111 0.337250 0.610556 0.336750 0.618889 0.336500 0.623889 0.335500 0.626667 0.334500 0.632222 0.334250 0.637222 0.333000 0.641111 0.331250 0.644444 0.329000 0.649041 0.325502 0.654618 0.321988 0.653333 0.321250 0.656180 0.321386 0.655734 0.320181 0.657073 0.318574 0.657296 0.317470 0.658858 0.317068 0.658188 0.315863 0.658635 0.314558 0.660419 0.313353 0.658635 0.311847 0.657073 0.310241 0.653726 0.308434 0.645471 0.305823 0.626667 0.301000 0.625000 0.301500 0.616111 0.301500 0.615556 0.301750 0.611667 0.301750 0.611111 0.302000 0.607222 0.301750 0.602778 0.299000 0.599444 0.296250 0.591667 0.292500 0.588889 0.292000 0.587778 0.291500 0.582222 0.291500 0.580000 0.291000 0.570556 0.290750 0.565000 0.291750 0.556111 0.295250 0.552778 0.298000 0.551667 0.299500 0.548333 0.301500 0.542222 0.301500 0.541667 0.301750 0.535556 0.302000 0.532222 0.302500 0.530000 0.303500 0.525556 0.304500 0.520556 0.306750