0 0.665517 0.549317 0.665014 0.542454 0.660325 0.536229 0.654129 0.533995 0.647263 0.532718 0.642406 0.533357 0.637550 0.537666 0.635875 0.541017 0.635373 0.546284 0.635540 0.551711 0.636545 0.555541 0.639392 0.558893 0.644081 0.562883 0.646760 0.563521 0.652287 0.563042 0.655636 0.562404 0.656641 0.562085 0.659488 0.557776
0 0.665517 0.548200 0.674058 0.552030 0.674393 0.538145 0.672215 0.531761 0.666522 0.527771 0.659655 0.524579 0.653124 0.523940 0.648435 0.523940 0.643913 0.526015 0.638052 0.528728 0.635875 0.531920 0.634703 0.537985 0.635038 0.542294 0.636880 0.539900 0.641401 0.534474 0.644918 0.532878 0.649607 0.532878 0.657646 0.534633 0.661330 0.536549 0.665014 0.541815
0 0.740730 0.629391 0.744076 0.623811 0.746027 0.616637 0.744355 0.600962 0.739894 0.591131 0.731252 0.588474 0.725955 0.589006 0.720100 0.590069 0.709228 0.591928 0.700585 0.594585 0.696404 0.598571 0.695289 0.603884 0.695567 0.609730 0.698076 0.615840 0.706440 0.628328 0.711737 0.635767 0.720658 0.637627 0.732924 0.632579
0 0.827154 0.621420 0.818233 0.622217 0.811542 0.622483 0.805966 0.620091 0.797881 0.615043 0.795651 0.608401 0.795651 0.598571 0.797324 0.581567 0.800948 0.570673 0.804851 0.564297 0.810427 0.560046 0.816839 0.557654 0.824645 0.558983 0.838584 0.562968 0.844996 0.567219 0.848620 0.574393 0.851129 0.582364 0.852244 0.592460 0.849735 0.606276 0.846111 0.613715 0.840256 0.619294 0.831893 0.622483
0 0.733482 0.720522 0.744912 0.720788 0.750488 0.719725 0.754948 0.715474 0.755506 0.712020 0.758573 0.707503 0.755785 0.700861 0.749373 0.685185 0.743518 0.672698 0.738500 0.663930 0.731809 0.658616 0.723446 0.657554 0.712294 0.656756 0.703373 0.658085 0.693058 0.662336 0.686089 0.667118 0.682743 0.672166 0.681628 0.680668 0.681628 0.687576 0.684416 0.697141 0.688040 0.707237 0.693058 0.714942 0.703095 0.719725 0.714525 0.722116 0.725118 0.719990
0 0.931392 0.785584 0.930645 0.782028 0.935123 0.778827 0.935123 0.771003 0.932138 0.758911 0.922809 0.743974 0.906389 0.735082 0.895940 0.731526 0.885491 0.732949 0.873922 0.737216 0.863474 0.742907 0.860488 0.747530 0.854890 0.762467 0.857503 0.774915 0.859742 0.784162 0.864593 0.791986 0.864966 0.796254 0.870564 0.800877 0.888849 0.803367 0.907508 0.802655 0.926913 0.794475
0 0.785853 0.864182 0.785853 0.854224 0.781002 0.847822 0.772792 0.843199 0.753387 0.843910 0.728757 0.845688 0.714949 0.854224 0.704874 0.863115 0.692186 0.878052 0.687708 0.894768 0.688081 0.913973 0.691066 0.921797 0.698530 0.927132 0.716442 0.934600 0.728011 0.940290 0.749282 0.943491 0.772419 0.942780 0.789585 0.931755 0.799660 0.915751 0.802646 0.899391 0.797048 0.891567 0.794063 0.882320 0.794063 0.873073 0.791077 0.867027
0 0.929899 0.844977 0.943333 0.846400 0.947065 0.839998 0.951916 0.834308 0.957514 0.830396 0.964231 0.823283 0.966843 0.813325 0.965724 0.800877 0.959753 0.790563 0.953409 0.782739 0.940348 0.778471 0.934750 0.778471 0.931018 0.780605 0.931392 0.784873 0.929153 0.790208 0.926540 0.795542 0.911613 0.801588 0.908255 0.810479 0.910494 0.819015 0.915345 0.825417 0.920569 0.833952
0 0.903777 0.825061 0.894447 0.819726 0.886237 0.817592 0.882506 0.819015 0.879147 0.822571 0.875415 0.831463 0.875788 0.834308 0.886237 0.839998 0.894447 0.840354 0.900418 0.837509
0 0.899672 0.847822 0.886237 0.841065 0.878774 0.843199 0.874669 0.847111 0.873922 0.852801 0.873922 0.858492 0.876535 0.863115 0.880266 0.867739 0.884371 0.869161 0.888849 0.870228 0.892581 0.870584 0.897433 0.870584 0.899672 0.869161 0.900791 0.865249 0.900791 0.860270
0 0.933631 0.850668 0.939975 0.846400 0.945199 0.841776 0.952663 0.833952 0.954528 0.831818 0.962365 0.833241 0.973187 0.839998 0.978785 0.849245 0.979158 0.854935 0.975426 0.863115 0.974307 0.874496 0.972814 0.883387 0.970575 0.886944 0.962365 0.884098 0.950050 0.880542 0.939975 0.874140 0.936616 0.866316
0 0.900045 0.930688 0.907881 0.918596 0.914599 0.912906 0.922809 0.907927 0.939601 0.902948 0.946319 0.902948 0.951916 0.909705 0.959007 0.919307 0.966843 0.929621 0.970948 0.937801 0.966470 0.943491 0.962365 0.948115 0.957887 0.952382 0.955275 0.957006 0.950424 0.968387 0.945945 0.976922 0.942214 0.979056 0.933631 0.980123 0.926913 0.980123 0.921316 0.979412 0.916091 0.976922 0.910121 0.959495