2 0.408190 0.228879 0.404095 0.226149 0.397629 0.223851 0.384698 0.222845 0.382974 0.221264 0.380819 0.215948 0.378448 0.214511 0.377155 0.213075 0.372629 0.210345 0.369181 0.209483 0.365733 0.209195 0.360991 0.209483 0.353448 0.212500 0.348707 0.216810 0.345690 0.220546 0.341595 0.230603 0.337716 0.231034 0.333405 0.229454 0.326509 0.228448 0.322198 0.228592 0.314871 0.230747 0.309914 0.233477 0.305603 0.234626 0.298707 0.238649 0.293966 0.243103 0.292457 0.247414 0.292672 0.249138 0.294181 0.252011 0.302155 0.258621 0.302586 0.259483 0.302155 0.263793 0.304310 0.267529 0.306681 0.269253 0.308405 0.269828 0.310345 0.271552 0.314655 0.271695 0.318319 0.272557 0.322198 0.272701 0.326078 0.273420 0.329957 0.272845 0.337500 0.274425 0.342672 0.274569 0.350862 0.273132 0.353664 0.271839 0.358836 0.270402 0.361207 0.268678 0.364440 0.269397 0.367241 0.271408 0.372629 0.272126 0.375647 0.271552 0.376724 0.270690 0.380603 0.271408 0.382328 0.269971 0.389009 0.267816 0.390517 0.265805 0.396121 0.264224 0.396983 0.263649 0.397845 0.261494 0.401078 0.259626 0.401509 0.257328 0.402586 0.256609 0.404095 0.256466 0.404526 0.255891 0.404526 0.251580 0.406681 0.245402 0.409698 0.240230 0.410345 0.237356 0.410129 0.232328
0 0.632891 0.070648 0.633358 0.069545 0.635776 0.068499 0.638024 0.068414 0.641333 0.069291 0.641715 0.069517 0.640824 0.071355 0.640230 0.072996 0.639297 0.073760 0.636624 0.074636 0.633867 0.074099
0 0.620927 0.068244 0.621012 0.069347 0.620630 0.071044 0.619485 0.073420 0.618594 0.074382 0.617236 0.074721 0.615582 0.074778 0.614479 0.074551 0.613418 0.074382 0.612442 0.069970 0.612994 0.068867 0.614139 0.068159 0.615370 0.067961 0.617576 0.067650 0.619739 0.067763
0 0.607733 0.082273 0.609982 0.085610 0.608454 0.087675 0.605782 0.089626 0.601963 0.090758 0.598612 0.090503 0.597594 0.089881 0.597127 0.088523 0.597085 0.088184 0.597254 0.087675
0 0.565775 0.100968 0.570739 0.104814 0.571884 0.105521 0.573581 0.105437 0.576000 0.105041 0.577824 0.104503 0.579436 0.104022 0.580751 0.103089 0.581600 0.102212 0.582787 0.101081 0.583763 0.099610 0.584018 0.098762 0.584187 0.097970 0.583381 0.096952 0.582660 0.096188 0.582236 0.095396 0.579606 0.093218 0.577993 0.092964 0.574684 0.093303 0.569806 0.095000 0.568024 0.096839 0.567260 0.098422 0.566412 0.099950 0.566157 0.100657 0.566157 0.100798
0 0.529262 0.107975 0.530052 0.106984 0.530516 0.107201 0.530237 0.109617 0.532281 0.111413 0.536043 0.112496 0.537065 0.112341 0.551743 0.105158 0.552161 0.103888 0.551882 0.103083 0.549467 0.100915 0.547562 0.099119 0.544358 0.098593 0.539806 0.098469 0.534650 0.100079 0.531027 0.101906 0.529355 0.103578 0.529308 0.104352 0.529401 0.105343
0 0.524733 0.144191 0.527504 0.145833 0.532122 0.150109 0.534893 0.150794 0.537818 0.150759 0.543001 0.149733 0.549107 0.146996 0.551519 0.144568 0.551622 0.143404 0.552443 0.141728 0.552648 0.140907 0.551262 0.139470 0.549826 0.137452 0.548389 0.135810 0.544797 0.135229 0.540025 0.134989 0.535304 0.135913 0.532225 0.136905 0.526529 0.139641 0.525452 0.142276
0 0.497381 0.133964 0.497381 0.135141 0.500324 0.137347 0.501280 0.140878 0.498705 0.145488 0.491938 0.150440 0.485383 0.152249 0.479622 0.151858 0.478128 0.151075 0.476901 0.149297 0.476197 0.149116 0.472005 0.145144 0.471416 0.142104 0.472593 0.139652 0.476565 0.136220 0.482670 0.132934 0.489364 0.132346 0.492968 0.132836
0 0.464267 0.167060 0.469655 0.176006 0.469248 0.178513 0.466605 0.181631 0.462234 0.184342 0.448205 0.187324 0.445053 0.186646 0.442715 0.184342 0.437632 0.180140 0.435091 0.177565 0.436107 0.173566 0.438242 0.170855 0.444240 0.167263 0.450645 0.165637 0.459082 0.165772 0.462437 0.165908
2 0.455977 0.203778 0.455451 0.202026 0.457816 0.196331 0.459788 0.192038 0.467672 0.187044 0.474374 0.184854 0.480945 0.184591 0.486333 0.186431 0.489618 0.190549 0.490407 0.194141 0.491327 0.200098 0.491327 0.205179 0.489487 0.212451 0.486596 0.216831 0.484756 0.220511 0.485545 0.220423 0.487253 0.219810 0.492115 0.217182 0.496189 0.215254 0.501446 0.214028 0.509725 0.215167 0.517478 0.218934 0.524706 0.222351 0.529962 0.229359 0.530619 0.232338 0.529437 0.236193 0.529962 0.238295 0.523917 0.240661 0.517609 0.239347 0.512484 0.240749 0.509895 0.244178 0.511694 0.248051 0.515901 0.248896 0.514455 0.250736 0.507885 0.252926 0.500657 0.253977 0.497240 0.254328 0.491852 0.253977 0.481339 0.252225 0.476477 0.252225 0.469775 0.249509 0.463730 0.244340 0.458079 0.245830 0.455188 0.245129 0.445726 0.238295 0.439944 0.229447 0.439419 0.227607 0.442310 0.219197 0.449669 0.207370 0.452560 0.205179 0.454268 0.204128
0 0.543003 0.234129 0.545509 0.235499 0.549118 0.235799 0.550772 0.235465 0.552977 0.234530 0.554431 0.233460 0.554581 0.231489 0.553929 0.229618 0.552877 0.229083 0.552225 0.228849 0.550872 0.228849 0.548717 0.229284 0.546261 0.229584 0.544507 0.230052 0.543805 0.230420 0.543003 0.231088 0.542803 0.231890 0.542903 0.233160
0 0.516492 0.239905 0.522714 0.241079 0.522789 0.241779 0.521814 0.244253 0.520690 0.246552 0.517279 0.249225 0.515855 0.248751 0.511769 0.248051 0.509933 0.244053 0.512444 0.240855
0 0.506696 0.278880 0.511761 0.278788 0.514110 0.277314 0.517011 0.274490 0.517241 0.272126 0.516044 0.269793 0.514202 0.268472 0.508123 0.268626 0.506419 0.269854 0.504531 0.271297 0.504255 0.272648 0.504163 0.274152 0.504347 0.275288 0.504992 0.276455 0.505360 0.276854 0.506742 0.278542
1 0.114009 0.513362 0.122198 0.518391 0.123276 0.521408 0.126940 0.524713 0.132759 0.528305 0.137284 0.532615 0.143750 0.537069 0.147629 0.538506 0.150216 0.540948 0.152802 0.541810 0.156466 0.544971 0.168319 0.550718 0.170043 0.552730 0.179957 0.557615 0.184267 0.560632 0.193103 0.564368 0.199569 0.566236 0.201509 0.568391 0.209052 0.571121 0.219612 0.576149 0.239224 0.582759 0.251509 0.587787 0.262069 0.590517 0.268319 0.593391 0.275216 0.595115 0.279310 0.595402 0.282974 0.597414 0.287284 0.596983 0.290948 0.597845 0.299138 0.601724 0.307328 0.602874 0.318319 0.606034 0.337931 0.608908 0.345905 0.608908 0.349569 0.607328 0.350647 0.603017 0.345043 0.587644 0.341379 0.580316 0.335560 0.576580 0.331034 0.572270 0.326509 0.570977 0.313147 0.564368 0.298922 0.559339 0.294181 0.556609 0.283836 0.553448 0.274569 0.548851 0.258405 0.543103 0.254526 0.540948 0.250647 0.540086 0.234698 0.533190 0.220474 0.528736 0.216595 0.526006 0.210560 0.524713 0.202371 0.521408 0.181466 0.514799 0.158621 0.511063 0.154310 0.509626 0.134914 0.508477 0.126509 0.508764 0.121121 0.509770
1 0.372251 0.575337 0.381309 0.560970 0.402861 0.536398 0.443153 0.505789 0.464705 0.490796 0.480322 0.475179 0.488443 0.463935 0.498126 0.459770 0.504373 0.459562 0.512494 0.466433 0.509683 0.467891 0.503748 0.467683 0.497814 0.470598 0.497189 0.493295 0.496252 0.524113 0.477511 0.555556 0.455335 0.573671 0.426912 0.592412 0.385682 0.604698 0.368816 0.605739 0.364130 0.601366 0.385995 0.598034 0.390055 0.594286 0.389118 0.586165 0.381309 0.579710
1 0.350399 0.603168 0.341358 0.579549 0.334945 0.577026 0.336522 0.573451 0.345563 0.571208 0.351346 0.570297 0.365223 0.572610 0.372582 0.575414 0.380677 0.579198 0.388982 0.585296 0.390559 0.594757 0.389403 0.596930 0.384672 0.597911 0.363646 0.601065
1 0.497548 0.491454 0.512039 0.479068 0.531361 0.465938 0.558115 0.454295 0.575208 0.449589 0.591929 0.449589 0.606793 0.456773 0.609765 0.461479 0.603448 0.459993 0.600847 0.471141 0.597503 0.479315 0.592301 0.490215 0.585984 0.504831 0.578552 0.515483 0.561088 0.541989 0.545110 0.559081 0.527274 0.574440 0.507952 0.587322 0.472280 0.602928 0.445526 0.613085 0.422117 0.618534 0.405767 0.621259 0.392390 0.622498 0.394620 0.604167 0.395363 0.602185 0.428062 0.591781 0.477854 0.554622 0.497548 0.522914
1 0.281287 0.596487 0.245244 0.584844 0.196195 0.593515 0.169070 0.599955 0.141573 0.608626 0.109245 0.626462 0.095125 0.635627 0.101813 0.633645 0.102185 0.643307 0.108130 0.649252 0.117420 0.652472 0.144545 0.655940 0.167583 0.655445 0.211430 0.658170 0.269025 0.662877 0.315101 0.659161 0.365265 0.646279 0.368237 0.642811 0.358576 0.641820 0.353374 0.637857 0.355975 0.629434 0.347429 0.616305 0.335538 0.608626 0.293549 0.599955