2 0.847198 0.633193 0.838996 0.636100 0.831186 0.636853 0.821746 0.643064 0.814232 0.648356 0.806064 0.658735 0.796654 0.672664 0.790382 0.686013 0.782018 0.712710 0.777735 0.729400 0.779927 0.744631 0.777499 0.749269 0.774699 0.749855 0.771377 0.741949 0.763371 0.738812 0.733403 0.728381 0.710403 0.724318 0.692966 0.726525 0.679742 0.730367 0.659174 0.746953 0.653947 0.752757 0.650288 0.763204 0.650288 0.782937 0.655515 0.799187 0.647674 0.814277 0.646628 0.825885 0.658129 0.857226 0.672243 0.876959 0.684266 0.888566 0.703607 0.900174 0.745426 0.911201 0.738630 0.923389 0.739153 0.934997 0.743858 0.939640 0.748562 0.940801 0.763722 0.938479 0.761631 0.943122 0.765813 0.947185 0.775745 0.951828 0.786722 0.963436 0.798745 0.968659 0.805541 0.967499 0.818610 0.959373 0.816519 0.954730 0.821746 0.951828 0.824882 0.958793 0.831678 0.963436 0.833769 0.968079 0.849451 0.977365 0.855201 0.983169 0.865656 0.985490 0.876634 0.991294 0.884402 0.991618 0.897020 0.991875 0.913600 0.988220 0.921066 0.983749 0.931731 0.978024 0.932567 0.970981 0.939362 0.949507 0.942091 0.935410 0.940408 0.923970 0.956090 0.912943 0.967590 0.896692 0.970727 0.882182 0.969681 0.868833 0.959987 0.835281 0.935703 0.810215 0.902771 0.788741 0.885520 0.783517 0.879457 0.783256 0.884475 0.782356 0.888876 0.781164 0.892879 0.769400 0.896175 0.763648 0.897020 0.756239 0.900884 0.739858 0.901826 0.706917 0.897543 0.692397 0.894998 0.679205 0.890288 0.664565 0.879457 0.649140 0.872974 0.645386 0.864387 0.635807 0.858500 0.635023
0 0.505091 0.110102 0.512016 0.107125 0.516484 0.102909 0.518048 0.095716 0.518941 0.083315 0.517825 0.070913 0.512910 0.060744 0.503304 0.051815 0.491911 0.048095 0.480295 0.046359 0.476720 0.045863 0.474040 0.051071 0.470242 0.059752 0.466668 0.070417 0.466668 0.080834 0.472252 0.095716 0.477390 0.105389 0.485879 0.111590 0.491464 0.111590
0 0.611426 0.279752 0.606735 0.259166 0.598693 0.242052 0.583725 0.216505 0.570098 0.197903 0.558705 0.204104 0.549100 0.209560 0.541951 0.218737 0.539494 0.229155 0.538600 0.244036 0.544185 0.260902 0.555578 0.275288 0.565407 0.282232 0.584396 0.290665 0.594225 0.295874 0.608299 0.290169
0 0.720665 0.161691 0.717091 0.170124 0.711506 0.182029 0.704134 0.193439 0.695869 0.202616 0.690060 0.206336 0.677550 0.204104 0.670178 0.200880 0.661689 0.197903 0.654988 0.191951 0.648733 0.176573 0.649179 0.169380 0.653871 0.158963 0.661243 0.148050 0.669285 0.139617 0.679114 0.131432 0.689390 0.123495 0.697209 0.121511 0.706815 0.126967 0.714187 0.141105 0.720218 0.147554 0.721782 0.153010
0 0.680454 0.528771 0.656998 0.516866 0.641137 0.513641 0.629074 0.511409 0.617234 0.513393 0.607852 0.518106 0.595118 0.523811 0.588640 0.533732 0.582385 0.543405 0.569652 0.554318 0.562280 0.562503 0.561833 0.572424 0.565407 0.588050 0.573449 0.603179 0.585736 0.618061 0.600256 0.631454 0.614777 0.641871 0.633319 0.651296 0.651413 0.655265 0.673753 0.649560 0.687156 0.633687 0.694081 0.622029
0 0.722899 0.440970 0.714857 0.459572 0.702794 0.477926 0.694305 0.483134 0.684699 0.484374 0.665487 0.480902 0.650520 0.472469 0.637116 0.463292 0.631308 0.455851 0.626170 0.445930 0.622596 0.435265 0.622596 0.428320 0.622596 0.423112 0.624383 0.415919 0.627510 0.408974 0.635329 0.403518 0.636446 0.397069 0.640244 0.386900 0.644712 0.383675 0.652530 0.381443 0.662583 0.380947 0.668615 0.382683 0.682242 0.383923 0.693635 0.387892 0.701677 0.392356 0.716197 0.407734 0.722676 0.419887
0 0.927963 0.681035 0.923018 0.685218 0.915013 0.687832 0.908184 0.687309 0.901355 0.682342 0.895233 0.675545 0.893585 0.664565 0.892643 0.654369 0.893114 0.648617 0.895233 0.638421 0.896646 0.626657 0.898765 0.619075 0.904887 0.605219 0.912422 0.601559 0.922077 0.600775 0.936205 0.600775 0.946094 0.604696 0.954571 0.612539 0.958574 0.625611 0.959751 0.634761 0.957868 0.651232 0.956219 0.662735 0.952216 0.674238 0.945623 0.677375 0.936676 0.679205
0 0.835722 0.637340 0.827280 0.624723 0.819163 0.617513 0.811695 0.617513 0.805202 0.622199 0.800007 0.627607 0.792214 0.627607 0.788643 0.627607 0.784097 0.630491 0.780201 0.637700 0.778253 0.644910 0.777928 0.652480 0.780201 0.659690 0.785071 0.669784 0.791240 0.681680 0.794812 0.672307 0.800981 0.663655 0.810721 0.652841 0.816890 0.645992 0.822410 0.643108
0 0.514753 0.682176 0.522255 0.681370 0.529031 0.670084 0.535566 0.667935 0.534598 0.661486 0.531935 0.655038 0.526611 0.650201 0.520077 0.647514 0.515479 0.648051 0.512091 0.651007 0.507977 0.653425 0.507009 0.656381 0.506041 0.660949 0.507251 0.665517 0.509671 0.671159 0.511607 0.674384
0 0.543068 0.750156 0.540890 0.756067 0.536534 0.758754 0.534840 0.759292 0.530483 0.756873 0.527095 0.751499 0.524433 0.745588 0.523949 0.729735 0.528547 0.725167 0.533388 0.724630 0.535324 0.726242
0 0.731554 0.585029 0.721155 0.596887 0.711600 0.599695 0.699234 0.598135 0.693613 0.595014 0.688835 0.582221 0.688554 0.570364 0.692489 0.561627 0.698953 0.560379 0.702606 0.560067 0.708227 0.567243 0.709351 0.571924 0.722560 0.579101
0 0.738018 0.547585 0.737737 0.559442 0.736613 0.562251 0.721717 0.563499 0.709351 0.550081 0.707384 0.546961 0.710195 0.537600 0.715534 0.534168 0.720593 0.532608 0.725652 0.533232 0.729024 0.537600 0.732397 0.541657
0 0.457285 0.600699 0.476944 0.615085 0.475380 0.602683 0.465774 0.594002