0 0.261422 0.212213 0.259052 0.215086 0.259052 0.215374 0.258621 0.215805 0.258621 0.216236 0.258405 0.216379 0.258405 0.220690 0.258621 0.220833 0.258836 0.221552 0.259267 0.221983 0.259267 0.222270 0.260345 0.223420 0.260345 0.223707 0.261422 0.225287 0.262500 0.226149 0.264655 0.227011 0.266379 0.228161 0.266810 0.228736 0.267888 0.229454 0.269612 0.230029 0.270043 0.230029 0.271552 0.230460 0.272629 0.230460 0.272845 0.230603 0.274569 0.230747 0.274784 0.230891 0.279957 0.230891 0.280172 0.230747 0.282328 0.230603 0.282543 0.230460 0.291379 0.230316 0.291595 0.230172 0.293534 0.230029 0.296552 0.229167 0.298060 0.228305 0.299138 0.227299 0.301293 0.224569 0.301078 0.223276 0.300862 0.223132 0.300862 0.222414 0.300647 0.222270 0.300647 0.221695 0.300431 0.221552 0.300431 0.220977 0.300216 0.220690 0.298922 0.219828 0.298707 0.219828 0.296336 0.218103 0.294828 0.216523 0.290948 0.213218 0.289871 0.212069 0.288362 0.211063 0.287069 0.210489 0.286638 0.210489 0.284483 0.209770 0.282974 0.208908 0.280819 0.208190 0.280388 0.208190 0.279526 0.207902 0.278664 0.207902 0.278448 0.207759 0.277155 0.207759 0.276940 0.207615 0.274569 0.207615 0.274353 0.207759 0.272629 0.208046 0.269612 0.209052 0.269181 0.209339 0.267457 0.209770 0.265948 0.210489 0.263147 0.211207
0 0.247326 0.160825 0.243158 0.157639 0.239194 0.155674 0.236042 0.154522 0.231569 0.154115 0.226385 0.155064 0.223233 0.157097 0.222318 0.158724 0.222115 0.160486 0.222522 0.162926 0.223640 0.164755 0.225978 0.166518 0.229333 0.167399 0.232586 0.168347 0.235737 0.168347 0.239905 0.167602 0.243463 0.165772
0 0.298868 0.165501 0.296529 0.169093 0.293988 0.171397 0.291650 0.171939 0.288193 0.172956 0.285753 0.172956 0.282704 0.172956 0.280264 0.172549 0.276503 0.171058 0.273758 0.168957 0.271318 0.166789 0.270708 0.165162 0.270505 0.162858 0.270606 0.161435 0.271115 0.160486 0.272944 0.159673 0.272843 0.157775 0.272944 0.156691 0.274368 0.156148 0.278231 0.155132 0.280162 0.154996 0.283924 0.154996 0.286872 0.154996 0.288397 0.155335 0.290836 0.156081 0.293581 0.157300 0.296936 0.159334 0.298664 0.161164 0.298766 0.163536 0.299274 0.164755
0 0.294090 0.171736 0.297139 0.174650 0.300901 0.176480 0.303341 0.177429 0.309135 0.178242 0.311677 0.178310 0.314930 0.177361 0.316353 0.176345 0.317471 0.174854 0.317471 0.173566 0.318386 0.172549 0.319911 0.170652 0.321639 0.169500 0.322961 0.168619 0.323774 0.166789 0.323774 0.165433 0.322859 0.163264 0.322249 0.162180 0.320318 0.160554 0.316760 0.157978 0.311168 0.156148 0.307204 0.155132 0.304967 0.154928 0.302629 0.154928 0.300697 0.154928 0.298766 0.155132 0.296529 0.155742 0.294598 0.157233 0.295208 0.157504 0.297241 0.159198 0.298156 0.160282 0.298969 0.161299 0.298868 0.163197 0.299274 0.163468 0.299274 0.164891 0.299071 0.165840 0.297953 0.166789 0.296326 0.168957
0 0.209052 0.118636 0.205030 0.122936 0.204043 0.122986 0.202450 0.122986 0.201084 0.122734 0.199642 0.121722 0.198655 0.120963 0.198124 0.119749 0.198124 0.118686 0.198807 0.117826 0.199945 0.116966 0.200856 0.116410 0.202222 0.116056 0.203512 0.116056 0.204802 0.116258 0.206699 0.116511 0.207382 0.116764 0.207989 0.117523
0 0.223091 0.132194 0.221952 0.134218 0.219145 0.134420 0.217020 0.135078 0.211935 0.135078 0.210038 0.134066 0.209052 0.132751 0.207534 0.130322 0.208141 0.129816 0.210721 0.128653 0.215426 0.127489 0.218082 0.127489 0.220359 0.128046 0.221801 0.128501 0.222332 0.129462 0.223167 0.130879
0 0.254128 0.131283 0.253521 0.134724 0.252686 0.135634 0.248740 0.136697 0.244111 0.137101 0.241531 0.136090 0.239634 0.134420 0.237737 0.131486 0.236143 0.127287 0.236902 0.126325 0.239482 0.125617 0.243049 0.125162 0.244946 0.125061 0.246691 0.125061 0.249271 0.125516 0.251245 0.126730 0.252155 0.127995
0 0.514055 0.398551 0.517012 0.399234 0.519534 0.399998 0.520451 0.401374 0.522629 0.402138 0.525037 0.403132 0.526412 0.404431 0.527100 0.405807 0.526527 0.407947 0.526183 0.409399 0.525151 0.410851 0.523432 0.412456 0.522056 0.413908 0.519076 0.416048 0.515178 0.417576 0.512771 0.418264 0.509561 0.418340 0.506007 0.417194 0.500619 0.413755 0.498441 0.411691 0.498212 0.409628 0.498212 0.407794 0.499931 0.405348 0.501078 0.403590 0.502912 0.401221 0.506122 0.399234 0.508873 0.398623 0.512427 0.398164
0 0.464508 0.366295 0.467718 0.366066 0.469323 0.366372 0.472074 0.365913 0.472762 0.366219 0.476316 0.367059 0.480558 0.369505 0.482048 0.372104 0.481933 0.374167 0.482048 0.376307 0.481933 0.377377 0.481245 0.378141 0.480672 0.379211 0.480328 0.380052 0.479182 0.381809 0.478494 0.382803 0.477462 0.383567 0.475399 0.384331 0.474711 0.384714 0.472418 0.384866 0.470011 0.384484 0.467030 0.383491 0.463477 0.382421 0.461757 0.381274 0.460267 0.380205 0.459121 0.379058 0.458318 0.376995 0.458318 0.374473 0.459121 0.370499 0.459694 0.369123 0.461528 0.367594
0 0.505441 0.377285 0.506713 0.376531 0.508833 0.375777 0.510670 0.375212 0.514344 0.374694 0.515757 0.374694 0.517595 0.374694 0.519291 0.375259 0.520209 0.376343 0.520986 0.377614 0.520986 0.378651 0.520492 0.380252 0.519997 0.381995 0.519503 0.383079 0.519008 0.384351 0.518725 0.384963 0.518513 0.385953 0.517100 0.386188 0.515192 0.386282 0.512224 0.385811 0.511023 0.385529 0.507631 0.384021 0.505724 0.383362 0.504664 0.382702
0 0.530950 0.379216 0.532646 0.379593 0.534553 0.379593 0.537239 0.379122 0.539076 0.378321 0.541196 0.377379 0.543174 0.376295 0.545153 0.374694 0.546001 0.373657 0.546495 0.371161 0.546495 0.369842 0.546283 0.368617 0.545082 0.367628 0.542750 0.366450 0.540701 0.365131 0.537592 0.364283 0.536037 0.363812 0.534765 0.363812 0.533705 0.364000 0.532292 0.364519 0.531232 0.364848 0.528971 0.365885 0.527911 0.366780 0.526851 0.367486 0.525791 0.368428 0.524025 0.370171 0.523036 0.371349 0.522470 0.372338 0.522753 0.373516 0.522612 0.374458 0.523248 0.375683 0.524590 0.376343 0.526781 0.377096
1 0.274138 0.771121 0.275431 0.781466 0.278664 0.783190 0.283190 0.783190 0.285560 0.783908 0.290733 0.787644 0.315948 0.794828 0.326078 0.796408 0.330172 0.796408 0.337716 0.798851 0.355603 0.800431 0.389655 0.801149 0.432543 0.800287 0.471121 0.798707 0.483857 0.797780 0.497414 0.795259 0.501509 0.793247 0.510560 0.791236 0.515733 0.787787 0.521890 0.785666 0.522312 0.782567 0.524003 0.779186 0.523580 0.776369 0.520199 0.771862 0.514440 0.769253 0.511422 0.768678 0.509914 0.767241 0.508621 0.767529 0.507759 0.769397 0.503879 0.769253 0.502802 0.767529 0.498491 0.765661 0.493103 0.759626 0.486422 0.757184 0.473922 0.750144 0.452371 0.743966 0.438793 0.741523 0.433836 0.739943 0.404310 0.735201 0.369181 0.732471 0.354526 0.732759 0.333836 0.734195 0.321552 0.736207 0.297845 0.743247 0.289440 0.748132 0.282974 0.753305 0.276293 0.763793
1 0.435345 0.592960 0.427802 0.595546 0.423922 0.598851 0.416379 0.611351 0.415733 0.627299 0.418966 0.638793 0.447198 0.687500 0.467026 0.711782 0.476724 0.725431 0.495259 0.742960 0.497414 0.748420 0.498060 0.756753 0.499784 0.759770 0.501940 0.761207 0.505819 0.760201 0.510560 0.756897 0.521767 0.751724 0.532759 0.748994 0.544612 0.747270 0.550000 0.745259 0.560345 0.743678 0.568103 0.738649 0.571336 0.732615 0.572629 0.720833 0.571121 0.689368 0.568966 0.681322 0.561853 0.666092 0.550216 0.650144 0.535345 0.634914 0.512069 0.617241 0.497845 0.608908 0.481897 0.603448 0.467457 0.601580 0.462069 0.601580 0.447629 0.593822 0.440517 0.592672
1 0.559914 0.657902 0.555274 0.657201 0.558836 0.662069 0.561853 0.665374 0.564440 0.670833 0.565086 0.671552 0.567457 0.678017 0.569397 0.681178 0.570690 0.685201 0.571983 0.691954 0.572198 0.705747 0.572629 0.707615 0.572845 0.715948 0.573276 0.717672 0.573922 0.718534 0.575216 0.719397 0.576078 0.719540 0.584914 0.713506 0.586638 0.711782 0.591164 0.708477 0.594828 0.704885 0.596767 0.702011 0.599569 0.699425 0.601940 0.695546 0.604741 0.691954 0.607328 0.689368 0.607543 0.688362 0.608836 0.686351 0.612500 0.682759 0.615086 0.680747 0.617241 0.677586 0.616379 0.675718 0.614440 0.673851 0.604957 0.671264 0.599569 0.667960 0.593750 0.665661 0.591164 0.664943 0.588362 0.663649 0.586207 0.663075 0.584267 0.662069 0.571336 0.658764 0.567888 0.658333 0.564655 0.657471
1 0.607674 0.609026 0.597532 0.606491 0.585776 0.610057 0.572414 0.615661 0.556466 0.623563 0.537103 0.634945 0.540948 0.639799 0.545043 0.642098 0.546336 0.645833 0.550216 0.648851 0.556681 0.657615 0.560776 0.658621 0.568534 0.658477 0.575862 0.660489 0.580172 0.660489 0.583836 0.662644 0.598276 0.666810 0.605603 0.671839 0.615302 0.674282 0.618103 0.677586 0.614435 0.682274 0.611853 0.685345 0.608621 0.687069 0.602181 0.694670 0.589080 0.709601 0.581250 0.716954 0.576940 0.718103 0.574138 0.720115 0.572629 0.732184 0.570474 0.737356 0.567026 0.741667 0.561853 0.744109 0.554429 0.745380 0.551048 0.746225 0.543019 0.747915 0.537948 0.749042 0.564009 0.749282 0.584698 0.747989 0.602802 0.743966 0.603879 0.742529 0.613793 0.740086 0.616164 0.737787 0.621552 0.736207 0.629741 0.732328 0.646336 0.720115 0.657543 0.709052 0.665948 0.698563 0.672198 0.686351 0.674353 0.674569 0.673707 0.658190 0.670259 0.646839 0.666164 0.639799 0.656694 0.627902 0.649569 0.625718 0.638147 0.621264 0.631466 0.619971 0.619612 0.611782 0.614440 0.609626
2 0.397198 0.313218 0.396336 0.314368 0.395905 0.319109 0.400000 0.327586 0.405172 0.333477 0.407328 0.337787 0.410560 0.339799 0.412069 0.341810 0.416379 0.342960 0.421121 0.345690 0.431034 0.348132 0.433405 0.349425 0.437500 0.350575 0.448922 0.351580 0.454741 0.350575 0.459052 0.350718 0.462069 0.350000 0.466379 0.350287 0.468966 0.351149 0.472198 0.353448 0.474569 0.354454 0.482974 0.356034 0.489440 0.356466 0.498060 0.356322 0.509698 0.354454 0.513362 0.353448 0.515517 0.351868 0.520690 0.349569 0.522845 0.346983 0.527155 0.343966 0.529310 0.343247 0.531681 0.341667 0.540086 0.334052 0.542672 0.329885 0.543103 0.326149 0.541810 0.322126 0.534483 0.314511 0.532974 0.313506 0.530819 0.312931 0.527371 0.310489 0.516810 0.307184 0.509698 0.306178 0.501724 0.307471 0.499569 0.305316 0.498491 0.301580 0.495690 0.296695 0.490302 0.292385 0.482543 0.288793 0.474784 0.288506 0.470259 0.288793 0.462716 0.290517 0.453017 0.296408 0.451293 0.299713 0.447198 0.303017 0.443319 0.301437 0.435991 0.300718 0.428664 0.300862 0.423060 0.301724 0.419397 0.301724 0.406250 0.306466
2 0.353664 0.272989 0.351078 0.273563 0.349569 0.274713 0.347198 0.279310 0.343750 0.291667 0.342241 0.293966 0.341595 0.294397 0.337716 0.290805 0.333836 0.290230 0.329957 0.290374 0.326293 0.291954 0.324784 0.292960 0.318750 0.298851 0.313578 0.305172 0.310345 0.310489 0.309052 0.315948 0.308405 0.316954 0.306250 0.318391 0.306250 0.322126 0.308190 0.323994 0.310345 0.327443 0.311853 0.328448 0.312931 0.329885 0.317026 0.331753 0.319397 0.334052 0.322629 0.335920 0.331034 0.336638 0.341810 0.335776 0.345259 0.334626 0.349784 0.332184 0.354741 0.328017 0.357328 0.327155 0.361422 0.327155 0.364009 0.326149 0.368103 0.322126 0.369612 0.319397 0.371336 0.314224 0.373491 0.310776 0.373922 0.307902 0.373922 0.302155 0.372629 0.297270 0.373060 0.286494 0.371336 0.282328 0.370259 0.281034 0.365302 0.278879 0.361422 0.278161 0.357974 0.275000 0.356034 0.273851
2 0.384698 0.347270 0.381897 0.349569 0.378448 0.354598 0.376724 0.362787 0.375216 0.376724 0.375216 0.380747 0.382328 0.392529 0.381897 0.395833 0.381034 0.396552 0.379310 0.396983 0.373491 0.397270 0.369612 0.398276 0.365086 0.398276 0.356897 0.395690 0.353448 0.395402 0.351509 0.396552 0.354741 0.399138 0.355603 0.400431 0.361422 0.404310 0.364871 0.405172 0.373276 0.404885 0.384483 0.401149 0.388793 0.401149 0.392457 0.400431 0.394181 0.400718 0.396121 0.402011 0.398060 0.408190 0.400431 0.410345 0.405388 0.410632 0.407974 0.410345 0.411853 0.408477 0.414871 0.408908 0.416810 0.410632 0.419828 0.417098 0.423707 0.418391 0.424784 0.415948 0.423922 0.408333 0.421336 0.406034 0.419612 0.397414 0.420905 0.392672 0.423707 0.388793 0.422845 0.377730 0.421767 0.373420 0.416810 0.365230 0.417026 0.361207 0.416379 0.357184 0.412500 0.348707 0.408190 0.343678 0.404095 0.344253 0.401078 0.353305 0.400431 0.357184 0.396825 0.367611 0.395457 0.357576 0.392457 0.352155 0.388578 0.348276
2 0.398536 0.223933 0.390326 0.226213 0.379379 0.226213 0.368432 0.222792 0.357485 0.216635 0.347906 0.211161 0.345512 0.205688 0.345512 0.203635 0.343801 0.196109 0.341407 0.189952 0.342775 0.183794 0.345854 0.180601 0.355774 0.177180 0.365011 0.174900 0.372537 0.174672 0.381431 0.174672 0.386221 0.175128 0.393404 0.177636 0.396141 0.178777 0.398194 0.176040 0.402983 0.172391 0.407430 0.169882 0.412904 0.169426 0.421114 0.168970 0.424193 0.168514 0.428640 0.168970 0.434797 0.171479 0.440955 0.176496 0.441981 0.180145 0.443692 0.182882 0.444376 0.184250 0.447797 0.184478 0.451902 0.184478 0.458402 0.186531 0.463191 0.188355 0.467980 0.191548 0.474138 0.197478 0.475848 0.201583 0.476190 0.205232 0.476533 0.206600 0.475848 0.208881 0.473796 0.211617 0.471743 0.213670 0.468664 0.215951 0.463875 0.218459 0.461138 0.220512 0.457718 0.224845 0.453270 0.227126 0.443008 0.228494 0.429666 0.229634 0.421798 0.229862 0.412904 0.229406 0.403325 0.225985
2 0.413246 0.229178 0.401615 0.235564 0.400930 0.232599 0.397852 0.230318 0.389641 0.226897 0.383142 0.226669 0.374932 0.226441 0.362274 0.226441 0.352354 0.228950 0.346880 0.230774 0.342091 0.234423 0.337644 0.238985 0.336275 0.245370 0.336275 0.250844 0.342091 0.260194 0.345170 0.266352 0.351327 0.272966 0.357827 0.275702 0.365695 0.277527 0.376300 0.279808 0.382458 0.280948 0.392720 0.280036 0.399220 0.277755 0.398878 0.285053 0.399562 0.287334 0.403325 0.290298 0.410167 0.290298 0.418035 0.290754 0.425561 0.290754 0.433429 0.289386 0.445402 0.286877 0.449849 0.283456 0.452928 0.275474 0.453270 0.274106 0.458060 0.271369 0.466612 0.267492 0.470375 0.263615 0.472085 0.259966 0.472427 0.257458 0.471059 0.251756 0.464217 0.244458 0.457033 0.241721 0.448823 0.238300 0.446429 0.238072 0.444376 0.232371 0.441981 0.230546 0.441297 0.228494