0 0.131963 0.207044 0.128924 0.208825 0.127634 0.213061 0.128095 0.215333 0.130397 0.217298 0.135647 0.218342 0.138963 0.218464 0.143291 0.217421 0.146239 0.212570 0.146331 0.209807 0.144857 0.208518 0.142647 0.207597 0.140252 0.207167 0.137397 0.206921
0 0.163312 0.231076 0.168464 0.232163 0.172843 0.234281 0.171555 0.237201 0.170010 0.240234 0.167777 0.242352 0.162368 0.243211 0.156186 0.243383 0.152408 0.243326 0.148372 0.241837 0.146912 0.240406 0.146655 0.238746 0.146655 0.235884 0.147342 0.234339 0.149059 0.233365 0.153781 0.231591 0.156014 0.231133 0.159534 0.230789 0.161938 0.230732
0 0.230123 0.214891 0.233085 0.222381 0.231349 0.224288 0.229000 0.226535 0.222463 0.228646 0.218888 0.229190 0.213679 0.227897 0.209899 0.226603 0.206631 0.224560 0.205099 0.222381 0.203465 0.218636 0.203465 0.217002 0.204282 0.215436 0.206120 0.213937 0.209389 0.212644 0.213985 0.211827 0.218581 0.211758 0.222769 0.211758 0.226140 0.212780 0.228285 0.213801
0 0.284437 0.238155 0.287407 0.241455 0.288854 0.246837 0.287788 0.250594 0.281010 0.253894 0.275146 0.255823 0.268978 0.256483 0.265094 0.256534 0.261591 0.255366 0.258468 0.253742 0.256565 0.251457 0.255194 0.248462 0.251995 0.242166 0.251995 0.239831 0.255346 0.237851 0.261515 0.235465 0.270044 0.234094 0.274004 0.234043 0.277964 0.235109 0.281848 0.236531
0 0.284513 0.252676 0.290834 0.255519 0.296698 0.257448 0.302333 0.260545 0.304390 0.261560 0.304999 0.264962 0.304770 0.267196 0.301876 0.271105 0.299363 0.272628 0.295479 0.273796 0.290377 0.274557 0.286036 0.274659 0.282533 0.274507 0.278421 0.273593 0.275755 0.272679 0.273014 0.271663 0.270348 0.269988 0.267835 0.268414 0.265703 0.266891 0.265094 0.264454 0.264713 0.261357 0.264713 0.259783 0.265703 0.257753 0.266388 0.256686 0.268064 0.256433 0.275679 0.255773 0.283676 0.252879
0 0.403513 0.241941 0.404999 0.245657 0.407476 0.246648 0.408839 0.249125 0.408343 0.253088 0.405866 0.259777 0.401283 0.265392 0.395586 0.271750 0.385924 0.273567 0.374653 0.271007 0.365488 0.267456 0.360162 0.261758 0.358551 0.259777 0.358551 0.256474 0.359047 0.253749 0.359666 0.251602 0.360285 0.249042 0.361276 0.246978 0.363258 0.244335 0.365859 0.242106 0.368832 0.240207 0.372548 0.238638 0.377502 0.237564 0.382209 0.237069 0.389640 0.236986 0.394966 0.237317 0.398187 0.237977 0.400540 0.239464 0.402398 0.240867
1 0.647150 0.614543 0.648348 0.600176 0.639966 0.577826 0.626197 0.544301 0.599856 0.503592 0.566331 0.476852 0.540589 0.465677 0.505867 0.464080 0.509459 0.476054 0.485512 0.478847 0.466954 0.498803 0.451988 0.526740 0.454382 0.553081 0.457375 0.571839 0.470546 0.597781 0.493295 0.620131 0.522629 0.639288 0.542984 0.646871 0.554358 0.638091 0.569325 0.634100 0.580699 0.628512 0.597462 0.622526 0.604646 0.620131 0.616619 0.617337 0.633381 0.615741 0.641164 0.615342
2 0.409439 0.249042 0.411616 0.245124 0.415752 0.239609 0.420977 0.236561 0.427943 0.236706 0.434909 0.239754 0.439699 0.245414 0.444053 0.254267 0.449495 0.257605 0.454067 0.265442 0.452543 0.277633 0.456897 0.283293 0.442964 0.286195 0.433168 0.289243 0.423807 0.292871 0.418147 0.298822 0.415970 0.304336 0.415099 0.313770 0.397684 0.316818 0.385275 0.315947 0.375261 0.313480 0.367860 0.311738 0.364159 0.307094 0.362200 0.303611 0.363288 0.302450 0.360893 0.300563 0.356975 0.296790 0.355451 0.292871 0.352839 0.288953 0.351968 0.284889 0.351968 0.282277 0.352621 0.279229 0.354580 0.277052 0.359805 0.272263 0.364594 0.266748 0.371778 0.269941 0.385711 0.274004 0.396160 0.271973 0.406174 0.260217
2 0.306466 0.347989 0.302155 0.353305 0.300647 0.357040 0.300862 0.365086 0.302586 0.369109 0.305388 0.373420 0.313578 0.380603 0.318966 0.383621 0.322198 0.387644 0.328664 0.393534 0.334267 0.396408 0.341595 0.398707 0.353017 0.400287 0.357112 0.399713 0.362716 0.400287 0.368750 0.399282 0.376940 0.396408 0.381897 0.393678 0.384267 0.390517 0.385345 0.390230 0.387069 0.391092 0.387500 0.392529 0.389009 0.393391 0.392672 0.397557 0.395905 0.398420 0.404526 0.398851 0.412284 0.398276 0.415948 0.396983 0.419828 0.396839 0.421552 0.394828 0.427802 0.391092 0.429957 0.386494 0.431681 0.384770 0.432112 0.376724 0.429957 0.372270 0.429741 0.361063 0.427371 0.353736 0.420905 0.347989 0.416164 0.345402 0.404310 0.340661 0.401940 0.339224 0.396767 0.328305 0.387931 0.321264 0.373276 0.318391 0.368966 0.319109 0.363578 0.321264 0.361422 0.322845 0.356897 0.329310 0.354957 0.333764 0.353233 0.341667 0.349569 0.341667 0.341595 0.339368 0.329310 0.339799 0.314224 0.343247 0.309914 0.345402
2 0.417409 0.299172 0.415707 0.306734 0.414655 0.310489 0.419612 0.318391 0.427371 0.325718 0.431034 0.331178 0.435345 0.335057 0.447198 0.342385 0.454957 0.344828 0.460560 0.345833 0.474569 0.346839 0.479310 0.348132 0.482328 0.350144 0.486207 0.349138 0.489871 0.349425 0.497845 0.351149 0.501724 0.351006 0.509052 0.353592 0.513362 0.353448 0.517457 0.349856 0.521336 0.348851 0.528664 0.350862 0.533405 0.350431 0.540086 0.351293 0.544828 0.351149 0.548491 0.350287 0.552586 0.350431 0.556466 0.349282 0.560560 0.349713 0.563147 0.348132 0.572198 0.345546 0.577371 0.342385 0.578664 0.337787 0.581034 0.333764 0.584267 0.330747 0.591595 0.326149 0.595905 0.318534 0.596121 0.313937 0.595259 0.310345 0.592457 0.305891 0.583836 0.298276 0.576293 0.294540 0.568750 0.291954 0.557974 0.289511 0.548060 0.289080 0.537069 0.290517 0.532328 0.279167 0.529310 0.274856 0.521336 0.268678 0.515086 0.265948 0.509914 0.264655 0.497845 0.264080 0.493966 0.264511 0.486422 0.266810 0.478233 0.272845 0.473276 0.279167 0.472198 0.282615 0.470690 0.283764 0.456681 0.283477 0.451014 0.284575 0.443103 0.286494 0.439655 0.287644 0.435474 0.287905 0.431466 0.289080 0.425647 0.291667
2 0.527901 0.350992 0.519791 0.359180 0.515619 0.364742 0.510753 0.361034 0.503105 0.359180 0.491287 0.358716 0.474601 0.358253 0.469040 0.362270 0.458611 0.363197 0.471821 0.406764 0.480627 0.410472 0.500093 0.414488 0.517010 0.412171 0.523267 0.410935 0.530219 0.413252 0.551307 0.411862 0.571932 0.404755 0.577957 0.398576 0.595801 0.384980 0.600436 0.378183 0.600436 0.374475 0.593947 0.367986 0.590239 0.365669 0.582128 0.363815 0.575640 0.362888 0.568224 0.362270 0.566834 0.358562 0.565211 0.354545 0.561272 0.350683 0.559650 0.349447 0.552929 0.349756 0.546672 0.350065 0.534854 0.350683
0 0.393847 0.425954 0.387086 0.425015 0.381170 0.424264 0.378493 0.425203 0.375676 0.427457 0.374690 0.429053 0.375394 0.430556 0.378352 0.432340 0.382297 0.434218 0.386804 0.435251 0.391171 0.433561 0.394411 0.431682 0.394411 0.430086
0 0.409006 0.439668 0.413869 0.442783 0.415967 0.446597 0.416349 0.449204 0.414346 0.451620 0.411771 0.453845 0.409578 0.455053 0.407385 0.455498 0.404905 0.455689 0.401949 0.455498 0.398707 0.454036 0.395941 0.452319 0.393176 0.449967 0.390792 0.446788 0.391650 0.444817 0.394225 0.443482 0.397658 0.441575 0.400709 0.439731 0.403761 0.439286 0.405668 0.439223
1 0.523547 0.641496 0.471264 0.641496 0.440533 0.644689 0.423771 0.646818 0.410201 0.648680 0.409004 0.651873 0.422573 0.657195 0.463681 0.665443 0.528736 0.675287 0.583413 0.679544 0.583812 0.660121 0.572637 0.660387 0.565852 0.657461 0.556274 0.653203
1 0.626134 0.655966 0.657328 0.651807 0.712341 0.632146 0.779832 0.621181 0.879651 0.618156 0.972663 0.612107 0.998752 0.611729 0.998752 0.628365 0.962455 0.633280 0.876248 0.645380 0.796279 0.649161 0.703267 0.665797 0.629537 0.687349
0 0.675333 0.362733 0.673832 0.367825 0.666876 0.369462 0.663193 0.367643 0.662511 0.366188 0.662511 0.364824 0.663466 0.363551 0.664830 0.362642 0.667285 0.361460 0.669195 0.361460 0.673560 0.361460 0.674651 0.361914