0 0.661687 0.111136 0.664714 0.117148 0.666969 0.119381 0.667871 0.122473 0.667162 0.127369 0.664779 0.134154 0.661622 0.138964 0.658595 0.141712 0.654601 0.143001 0.651316 0.141970 0.647902 0.139136 0.645132 0.133553 0.644552 0.130203 0.645969 0.125651 0.648352 0.119639 0.651573 0.114657 0.655632 0.111222 0.658595 0.110620
0 0.755505 0.024034 0.756304 0.026975 0.757597 0.030777 0.758889 0.031082 0.760030 0.030575 0.760905 0.029408 0.762122 0.027076 0.761818 0.024338 0.761399 0.023223 0.759422 0.022208 0.758547 0.022107 0.756608 0.022665 0.755239 0.023375
0 0.725552 0.021756 0.728251 0.025682 0.731440 0.024537 0.732913 0.023228 0.735121 0.021429 0.735244 0.019302 0.734876 0.014722 0.732177 0.015213 0.729477 0.016194 0.726901 0.017994
0 0.706398 0.033568 0.708260 0.034865 0.709952 0.039943 0.710376 0.041917 0.712364 0.042538 0.714184 0.041466 0.716215 0.040281 0.719980 0.038024 0.720742 0.036558 0.720996 0.032891 0.720573 0.030408 0.719219 0.027587 0.717738 0.024823 0.716045 0.023808 0.714903 0.023808 0.712957 0.024033 0.711476 0.024767 0.710333 0.025556 0.709275 0.027023 0.708345 0.028321 0.707879 0.029901 0.706821 0.031706
0 0.686932 0.056583 0.685983 0.068896 0.686363 0.071426 0.690917 0.073450 0.693130 0.073028 0.695787 0.070498 0.697431 0.068305 0.699266 0.063836 0.699961 0.059535 0.699961 0.055150 0.699392 0.053716 0.693510 0.049837 0.692245 0.050005 0.689905 0.051776 0.688703 0.053379
0 0.639501 0.058983 0.641900 0.062111 0.644139 0.066659 0.645685 0.072558 0.646644 0.076183 0.646644 0.080092 0.644139 0.086063 0.641260 0.087626 0.639928 0.087342 0.637849 0.086489 0.633744 0.085281 0.632945 0.084712 0.631932 0.082011 0.630972 0.076112 0.630439 0.069644 0.631186 0.064953 0.632412 0.062253 0.634864 0.060547 0.635823 0.060049 0.637156 0.059410 0.638808 0.058699
0 0.625585 0.129321 0.629244 0.133845 0.629976 0.136062 0.617802 0.155487 0.614143 0.162494 0.612547 0.161962 0.608888 0.158680 0.608688 0.155576 0.608555 0.150343 0.607425 0.144932 0.607158 0.140675 0.607158 0.138369 0.608356 0.136062 0.611083 0.133845 0.613611 0.131805 0.616671 0.130120 0.618534 0.129587 0.620729 0.128878 0.622991 0.128878
1 0.422363 0.673503 0.421061 0.674231 0.420131 0.675161 0.417341 0.680122 0.411761 0.685392 0.409435 0.688182 0.405762 0.689779 0.398926 0.694987 0.396484 0.697591 0.390137 0.701823 0.376953 0.708008 0.365479 0.710938 0.355713 0.711589 0.354004 0.712240 0.350098 0.711263 0.344727 0.711263 0.338867 0.710286 0.333740 0.708659 0.331787 0.709310 0.330322 0.710612 0.327393 0.717122 0.326172 0.723633 0.323975 0.728190 0.322266 0.742188 0.322266 0.750326 0.323975 0.763672 0.325195 0.767253 0.325439 0.771484 0.327393 0.779297 0.329834 0.783203 0.332031 0.792318 0.333740 0.795573 0.337891 0.795573 0.341797 0.792643 0.347412 0.784180 0.350830 0.780924 0.361572 0.762370 0.368408 0.752604 0.375000 0.744792 0.376953 0.740560 0.379395 0.738607 0.381104 0.736003 0.384521 0.733073 0.386719 0.730143 0.398926 0.717448 0.405518 0.708659 0.406738 0.705404 0.410156 0.701823 0.416016 0.694010 0.418213 0.689128 0.420654 0.685872 0.426642 0.664931
1 0.382464 0.601066 0.370373 0.597966 0.340844 0.595176 0.319452 0.594866 0.298758 0.596726 0.287133 0.599206 0.272484 0.602927 0.267601 0.606337 0.257371 0.617188 0.245977 0.632999 0.241792 0.651600 0.243187 0.669891 0.249000 0.665241 0.252255 0.667721 0.258766 0.673301 0.274809 0.686322 0.310849 0.701203 0.334566 0.710193 0.364328 0.710503 0.388742 0.702133 0.405715 0.689732 0.420829 0.672991 0.425944 0.660280 0.428734 0.645089 0.425944 0.637339 0.417573 0.640749 0.410598 0.641059 0.404785 0.635789 0.400135 0.630518 0.393392 0.625868 0.390137 0.623698 0.383859 0.620598 0.381999 0.618118 0.381069 0.613777 0.381069 0.608197 0.381999 0.604167
1 0.444782 0.657908 0.456417 0.648499 0.473392 0.631968 0.485981 0.617981 0.491894 0.603994 0.497807 0.588735 0.506008 0.583649 0.514019 0.582377 0.518978 0.587209 0.523365 0.588481 0.526226 0.591532 0.525082 0.597382 0.520123 0.609589 0.511539 0.624847 0.497234 0.639852 0.474346 0.660960 0.451839 0.672150 0.447453 0.672404
1 0.478152 0.554715 0.481009 0.552637 0.488801 0.532206 0.497631 0.531859 0.505423 0.536708 0.506981 0.544673 0.503865 0.558178 0.496852 0.591423 0.482048 0.621897 0.446725 0.656181 0.441531 0.655488 0.439713 0.650986 0.443089 0.638520 0.448284 0.631940 0.454777 0.626053 0.467763 0.599734 0.474516 0.578264 0.477113 0.567182
1 0.402003 0.589810 0.401906 0.589551 0.401874 0.577781 0.404222 0.562757 0.405630 0.551489 0.410091 0.538343 0.418776 0.517685 0.433566 0.492018 0.437087 0.485445 0.439434 0.465726 0.440373 0.455710 0.443895 0.443816 0.449529 0.432861 0.454693 0.428479 0.475351 0.424097 0.488262 0.433487 0.496479 0.435365 0.490375 0.441312 0.489906 0.451641 0.483802 0.473551 0.479342 0.498278 0.477699 0.514868 0.476994 0.533648 0.477464 0.556497 0.473473 0.582789 0.466900 0.600630 0.453050 0.627235 0.437791 0.636938 0.423706 0.630991 0.428636 0.622227 0.432627 0.609081 0.430514 0.609394 0.428636 0.609394 0.424880 0.601256 0.420185 0.597813 0.412908 0.592179 0.405161 0.590927
1 0.427779 0.611598 0.431183 0.610690 0.430211 0.614581 0.424764 0.627290 0.419414 0.635590 0.417177 0.639611 0.412800 0.639870 0.408326 0.636498 0.398113 0.628328 0.391109 0.623270 0.388483 0.622362 0.388678 0.621325 0.384982 0.620028 0.383425 0.617953 0.381869 0.616785 0.381772 0.612765 0.382161 0.607448 0.382939 0.604076 0.384495 0.599537 0.386246 0.596943 0.393444 0.591366 0.401225 0.590329 0.406283 0.591885 0.411438 0.593701 0.416788 0.596684 0.418831 0.598499 0.423499 0.603038 0.424958 0.605892 0.426904 0.610042
0 0.589146 0.186871 0.588930 0.191034 0.589537 0.194272 0.590404 0.194792 0.591878 0.193867 0.594177 0.191728 0.595087 0.189646 0.595478 0.187333 0.594914 0.185657 0.593873 0.184674 0.592225 0.184616 0.589233 0.185541
0 0.590534 0.197394 0.591488 0.196122 0.593266 0.195139 0.594610 0.194908 0.596171 0.195255 0.598079 0.196989 0.598903 0.198608 0.599164 0.199938 0.598687 0.201615 0.598210 0.203812 0.597125 0.205778 0.596041 0.206356 0.593266 0.206645 0.591835 0.206472 0.589667 0.205084 0.588800 0.204101 0.588756 0.202656 0.589146 0.200979 0.589884 0.198319
0 0.566850 0.197951 0.563187 0.200350 0.560489 0.203005 0.558433 0.207460 0.557983 0.211057 0.559011 0.214741 0.560875 0.217654 0.564151 0.219966 0.566400 0.219110 0.569869 0.216626 0.572568 0.213456 0.573531 0.210629 0.572311 0.204890 0.570640 0.201035 0.569227 0.199493 0.567428 0.198465
0 0.597200 0.227339 0.592135 0.248704 0.591758 0.253743 0.593647 0.259487 0.599089 0.264325 0.607555 0.266139 0.617457 0.264123 0.623503 0.259588 0.627963 0.250216 0.628265 0.246588 0.628039 0.240642 0.624410 0.234494 0.618968 0.229153 0.613451 0.225021 0.610729 0.224315 0.607101 0.224315 0.603700 0.224114 0.601281 0.224416 0.599089 0.225121
0 0.536139 0.213016 0.537638 0.220298 0.537960 0.226865 0.536782 0.231577 0.535283 0.235574 0.533248 0.237859 0.531107 0.238001 0.528858 0.236716 0.527894 0.235717 0.524896 0.234004 0.522861 0.231719 0.522005 0.230292 0.521791 0.227865 0.521684 0.226151 0.521469 0.223581 0.521362 0.221868 0.521362 0.219727 0.521684 0.217299 0.522540 0.214158 0.523718 0.212445 0.526395 0.210875 0.527680 0.210589 0.529822 0.210589 0.531749 0.210589 0.533248 0.210732 0.535390 0.211446
2 0.526074 0.210304 0.526716 0.207448 0.529072 0.203879 0.532820 0.200595 0.538816 0.199453 0.543742 0.200452 0.544063 0.197740 0.545991 0.191458 0.548239 0.186318 0.550488 0.183320 0.553272 0.180750 0.556806 0.179608 0.560125 0.179608 0.563552 0.181464 0.567192 0.187317 0.570190 0.194456 0.571154 0.201452 0.567299 0.198453 0.562267 0.201737 0.559483 0.205592 0.557983 0.209590 0.558733 0.214587 0.563016 0.219441 0.565158 0.220298 0.572225 0.214444 0.573403 0.209733 0.579828 0.209733 0.588287 0.213445 0.597603 0.223724 0.598566 0.225723 0.597603 0.227151 0.590857 0.255277 0.586895 0.259274 0.581220 0.261416 0.579506 0.261844 0.568691 0.263558 0.563873 0.262987 0.559161 0.259417 0.556913 0.256562 0.554021 0.256133 0.551130 0.262844 0.547168 0.262987 0.545134 0.257990 0.539137 0.256276 0.535390 0.253992 0.533998 0.246996 0.528322 0.244141 0.527894 0.237145 0.532177 0.238573 0.535925 0.234575 0.537745 0.226865 0.536568 0.213159 0.534854 0.211589 0.533141 0.211017 0.529822 0.210018
0 0.547335 0.263901 0.548305 0.267285 0.547036 0.274254 0.545394 0.282118 0.544348 0.284507 0.540317 0.284905 0.537629 0.286399 0.534867 0.288390 0.533149 0.289186 0.530387 0.289086 0.528371 0.287295 0.525982 0.285005 0.525086 0.281322 0.525086 0.279729 0.526057 0.277539 0.530312 0.265991 0.533523 0.258625 0.535464 0.254643 0.536658 0.254543 0.538450 0.255240 0.539346 0.256236 0.541885 0.256833 0.544946 0.258028 0.545618 0.258426
0 0.610991 0.335067 0.611814 0.338360 0.613891 0.339649 0.615645 0.339649 0.618329 0.339840 0.618652 0.338790 0.619403 0.336451 0.619654 0.334065 0.619511 0.332394 0.618759 0.331630 0.617291 0.330723 0.616253 0.330819 0.613855 0.331058 0.612745 0.331630 0.612136 0.332776 0.611492 0.334017
0 0.629391 0.307526 0.631288 0.309531 0.631646 0.311822 0.630429 0.314638 0.628532 0.316213 0.626420 0.317025 0.623807 0.317025 0.623126 0.316977 0.622947 0.315736 0.622947 0.314256 0.623305 0.311870 0.623985 0.309818 0.624845 0.308386 0.626420 0.307526 0.627529 0.307431 0.628675 0.307288
2 0.469727 0.257487 0.468994 0.258138 0.468506 0.258138 0.466064 0.259440 0.462646 0.263997 0.461670 0.267253 0.461914 0.271810 0.461602 0.275603 0.460449 0.275065 0.460511 0.275939 0.458984 0.276042 0.458008 0.276042 0.457764 0.276367 0.456316 0.274708 0.455729 0.275603 0.455078 0.277018 0.454346 0.278320 0.452637 0.282878 0.452637 0.288737 0.452881 0.289062 0.452881 0.291667 0.453125 0.291992 0.453125 0.292969 0.453369 0.293294 0.453857 0.295573 0.456055 0.298503 0.456055 0.298828 0.458740 0.302734 0.459717 0.303060 0.460938 0.304036 0.462891 0.306966 0.464111 0.307617 0.465576 0.308919 0.466797 0.310547 0.469727 0.310547 0.469971 0.310872 0.470703 0.310872 0.471680 0.310221 0.473145 0.308268 0.474121 0.306315 0.474121 0.305664 0.474609 0.305013 0.475342 0.305339 0.476074 0.306315 0.477051 0.306966 0.478271 0.308594 0.478760 0.308594 0.479004 0.308919 0.482178 0.308919 0.485840 0.305664 0.488281 0.302409 0.488281 0.302083 0.489258 0.300781 0.489258 0.300456 0.490234 0.299154 0.491211 0.297201 0.492676 0.292643 0.493896 0.290690 0.494141 0.281901 0.493896 0.281576 0.493652 0.279297 0.493164 0.277995 0.491699 0.276042 0.490234 0.275065 0.489746 0.275391 0.488525 0.275391 0.488281 0.275716 0.486816 0.276042 0.486572 0.276367 0.485840 0.276367 0.484863 0.275391 0.484619 0.273438 0.484375 0.273112 0.484375 0.267253 0.482910 0.264323 0.482666 0.263346 0.480225 0.261068 0.478760 0.259115 0.475342 0.257812 0.474609 0.257161 0.470703 0.257161 0.470459 0.257487
2 0.437465 0.390478 0.432935 0.396222 0.425423 0.398579 0.419347 0.398579 0.410841 0.396369 0.399021 0.391656 0.395596 0.387090 0.394933 0.383997 0.396480 0.380756 0.397916 0.378400 0.393718 0.374717 0.391398 0.372213 0.388526 0.368678 0.386648 0.364996 0.385875 0.362197 0.386538 0.359546 0.387753 0.357189 0.390294 0.354096 0.392282 0.352328 0.396369 0.350708 0.400788 0.348941 0.405207 0.347762 0.407969 0.347173 0.410731 0.347026 0.414929 0.347026 0.417359 0.348204 0.418353 0.349088 0.419126 0.345847 0.419900 0.343196 0.421557 0.339956 0.424319 0.335242 0.426418 0.332886 0.432714 0.329498 0.435918 0.328319 0.437686 0.328319 0.440668 0.329645 0.444093 0.331560 0.445971 0.333769 0.449175 0.337746 0.450390 0.339661 0.452820 0.338777 0.456466 0.337599 0.460001 0.337304 0.463536 0.337010 0.468286 0.337010 0.474031 0.337452 0.475577 0.338188 0.478781 0.340398 0.480659 0.342754 0.480769 0.344964 0.480217 0.347910 0.478781 0.352181 0.476571 0.357926 0.475025 0.361166 0.472926 0.362786 0.473036 0.364554 0.473920 0.366027 0.473478 0.370004 0.470937 0.375159 0.472373 0.343933 0.471379 0.342460 0.470054 0.342018 0.468396 0.342018 0.467181 0.342754 0.466408 0.344227 0.466187 0.346584 0.464751 0.381198 0.462321 0.384586 0.459669 0.386353 0.452710 0.391361 0.449396 0.392540 0.446302 0.393129 0.442767 0.394013
2 0.513428 0.315755 0.509033 0.322266 0.508057 0.324544 0.505371 0.328125 0.504150 0.332357 0.503662 0.336914 0.504835 0.343153 0.505482 0.344633 0.504883 0.345378 0.506407 0.350428 0.506836 0.353190 0.506348 0.354818 0.505615 0.355469 0.503662 0.352214 0.501953 0.352214 0.498291 0.350911 0.491211 0.352865 0.490234 0.353516 0.487549 0.357096 0.486328 0.361003 0.485840 0.365560 0.489014 0.374674 0.491455 0.378906 0.493164 0.380859 0.493896 0.383464 0.498047 0.385417 0.499756 0.388346 0.501221 0.388997 0.504150 0.391602 0.506592 0.394531 0.508545 0.399740 0.509033 0.404622 0.512207 0.409180 0.513428 0.412760 0.514893 0.413737 0.517334 0.416992 0.521240 0.417643 0.523682 0.416016 0.523438 0.411784 0.523926 0.410156 0.525391 0.407878 0.528809 0.405599 0.533318 0.405545 0.536865 0.403971 0.541260 0.400065 0.543701 0.396810 0.543945 0.394857 0.543701 0.392253 0.543305 0.388036 0.539551 0.390951 0.536865 0.392904 0.533203 0.394531 0.529785 0.394531 0.528809 0.393555 0.528320 0.391602 0.527344 0.375977 0.527832 0.374674 0.530273 0.371419 0.531250 0.369466 0.531250 0.368490 0.529297 0.366211 0.525635 0.364909 0.524170 0.361979 0.523438 0.356771 0.521484 0.353190 0.521240 0.333659 0.520752 0.332031 0.520264 0.326497 0.518066 0.322266 0.517334 0.317383 0.516113 0.316081