1 0.540283 0.646810 0.538574 0.658203 0.536865 0.661458 0.537842 0.665690 0.540283 0.668945 0.546143 0.673177 0.550781 0.678385 0.557861 0.682943 0.560791 0.686198 0.567139 0.689128 0.570801 0.693359 0.576172 0.695638 0.578613 0.698242 0.586914 0.703776 0.599365 0.710286 0.607666 0.716471 0.615234 0.720703 0.649902 0.736003 0.654785 0.737305 0.658203 0.737305 0.672607 0.740560 0.707031 0.744792 0.713623 0.744792 0.716309 0.746419 0.719482 0.741862 0.719971 0.736003 0.718994 0.731120 0.713623 0.716797 0.699219 0.696615 0.693115 0.689453 0.688232 0.685872 0.683594 0.680664 0.673828 0.673177 0.656738 0.662435 0.634277 0.651693 0.611084 0.643880 0.606689 0.640951 0.592041 0.637370 0.568604 0.636068 0.556641 0.636719 0.546143 0.639648
1 0.587891 0.500326 0.586670 0.501953 0.586670 0.506510 0.583984 0.509440 0.582764 0.513672 0.580811 0.517904 0.579590 0.525716 0.577637 0.531250 0.575439 0.534180 0.573486 0.539388 0.572021 0.541016 0.570557 0.544596 0.565186 0.552734 0.562500 0.557943 0.552734 0.572591 0.544189 0.587891 0.541992 0.592773 0.535889 0.603516 0.534424 0.610352 0.529785 0.616862 0.526611 0.623372 0.521240 0.629883 0.520264 0.632487 0.518555 0.634766 0.518555 0.638997 0.519287 0.641276 0.521484 0.644857 0.524414 0.645833 0.526123 0.647786 0.530762 0.648438 0.532471 0.650391 0.534668 0.650391 0.537109 0.649414 0.539062 0.647135 0.539795 0.644857 0.541992 0.641927 0.545410 0.638997 0.546631 0.637370 0.547607 0.634766 0.551025 0.630859 0.553955 0.626302 0.557129 0.623047 0.565186 0.611003 0.568359 0.605143 0.572266 0.595703 0.574463 0.591797 0.579346 0.578776 0.583252 0.560872 0.584961 0.546875 0.584961 0.534505 0.587891 0.522135 0.587891 0.516602 0.587158 0.513346 0.587891 0.510417
0 0.357509 0.083890 0.361444 0.086438 0.361673 0.092522 0.361587 0.093245 0.361559 0.093815 0.359534 0.091914 0.357879 0.092218 0.356853 0.091610 0.355797 0.089100 0.356111 0.087122 0.356482 0.085487
0 0.372884 0.115079 0.375003 0.117121 0.377162 0.121307 0.377476 0.123453 0.377397 0.125546 0.375553 0.129785 0.373943 0.131251 0.371824 0.130780 0.369037 0.129367 0.366603 0.127797 0.365151 0.124343 0.365151 0.121674 0.365858 0.117435 0.368016 0.114922 0.371706 0.114713
0 0.374140 0.110317 0.373355 0.114608 0.375160 0.117278 0.377515 0.121674 0.380577 0.121203 0.381323 0.118848 0.381872 0.115236 0.380655 0.110945 0.379242 0.108747 0.377908 0.108695 0.376102 0.109427
0 0.362875 0.170816 0.367899 0.171391 0.371628 0.171758 0.375199 0.174322 0.376455 0.176991 0.376141 0.179870 0.375003 0.183271 0.373629 0.186464 0.371000 0.188086 0.367349 0.186830 0.363463 0.184580 0.362050 0.181649 0.361619 0.179032 0.361383 0.176363 0.361187 0.173746 0.361344 0.172647 0.361972 0.171444 0.362364 0.171077
0 0.413524 0.176810 0.417253 0.179529 0.419584 0.186754 0.420108 0.193513 0.418419 0.197786 0.415913 0.199495 0.414223 0.200738 0.410844 0.201438 0.406823 0.199573 0.405949 0.197475 0.405192 0.192581 0.406008 0.185433 0.406357 0.181937 0.406765 0.179063 0.407930 0.177975 0.409445 0.177354 0.411718 0.176888
0 0.382188 0.264202 0.380965 0.261115 0.380179 0.256457 0.381183 0.251449 0.383848 0.247955 0.386686 0.245975 0.392146 0.245917 0.396863 0.248421 0.398260 0.252905 0.400619 0.258087 0.399876 0.262164 0.397474 0.265017 0.395116 0.267172 0.392408 0.268103 0.390967 0.268336 0.389307 0.268278 0.387385 0.268045 0.385726 0.267230 0.384110 0.265891
0 0.382756 0.247955 0.383149 0.244577 0.383848 0.241840 0.385900 0.238230 0.389787 0.234503 0.391272 0.234445 0.395902 0.238812 0.401186 0.244286 0.404287 0.249877 0.405248 0.254128 0.404375 0.257039 0.400619 0.257563 0.396819 0.248362 0.392364 0.245742 0.386730 0.245742 0.382581 0.248945
2 0.495117 0.247721 0.494141 0.245768 0.492432 0.244141 0.489746 0.242839 0.485840 0.241862 0.483887 0.239909 0.483398 0.236979 0.483398 0.233073 0.482422 0.228190 0.481689 0.226888 0.480713 0.223307 0.478760 0.220378 0.475830 0.219076 0.473389 0.218750 0.469482 0.219076 0.466553 0.220703 0.462158 0.226888 0.459229 0.232747 0.457520 0.235026 0.456055 0.236003 0.455078 0.237305 0.453613 0.235026 0.451660 0.233724 0.447021 0.233073 0.443115 0.233398 0.435547 0.235352 0.431396 0.238607 0.427734 0.244141 0.427002 0.247070 0.427002 0.248698 0.427734 0.252279 0.429688 0.255859 0.430908 0.259766 0.433105 0.263672 0.431885 0.267253 0.427734 0.271810 0.426758 0.274414 0.426758 0.275716 0.429443 0.283203 0.431152 0.285156 0.440186 0.291341 0.445801 0.293620 0.451660 0.295247 0.454590 0.293945 0.457520 0.293945 0.458252 0.293620 0.459717 0.291667 0.462891 0.291016 0.465820 0.292318 0.468018 0.294596 0.469482 0.295247 0.474609 0.294922 0.476318 0.293945 0.478027 0.293620 0.482178 0.291016 0.487305 0.286458 0.490479 0.282552 0.491211 0.280599 0.491455 0.275391 0.490967 0.270833 0.492920 0.265625 0.494385 0.263021 0.495117 0.259440 0.496338 0.256185 0.496338 0.254232
2 0.430664 0.313477 0.428467 0.311523 0.423584 0.310872 0.419678 0.312174 0.418701 0.313151 0.415771 0.314453 0.410889 0.320964 0.408203 0.322917 0.406738 0.321940 0.401123 0.320312 0.396484 0.320638 0.392334 0.322591 0.389160 0.325846 0.387939 0.327474 0.386963 0.329753 0.385498 0.336914 0.385498 0.341146 0.385254 0.341471 0.385498 0.345703 0.383301 0.347982 0.379883 0.348958 0.377686 0.350911 0.373047 0.353516 0.368896 0.357747 0.367432 0.360352 0.366455 0.364258 0.366455 0.365885 0.367432 0.369466 0.371338 0.373698 0.374512 0.375977 0.382080 0.385091 0.385254 0.386719 0.389160 0.386719 0.391846 0.387370 0.403320 0.387370 0.408203 0.386068 0.411377 0.384440 0.414307 0.380208 0.415771 0.376953 0.419922 0.376953 0.420898 0.376302 0.424072 0.375977 0.425537 0.375000 0.426514 0.372721 0.428467 0.370443 0.430176 0.366536 0.431641 0.364258 0.433594 0.358398 0.434814 0.353190 0.435059 0.350586 0.436035 0.348958 0.436768 0.346680 0.437012 0.341797 0.436279 0.338216 0.435059 0.335286 0.435059 0.334310 0.433105 0.329427 0.432617 0.326497 0.432617 0.321615 0.432129 0.318034
1 0.418970 0.469793 0.414211 0.462069 0.426005 0.460413 0.442557 0.464000 0.458074 0.472000 0.497592 0.528828 0.514351 0.556414 0.522006 0.573518 0.527799 0.601656 0.529661 0.616553 0.519523 0.635312 0.514144 0.646071 0.504212 0.646898 0.483109 0.639450 0.460557 0.617105 0.442557 0.592553 0.429108 0.565794 0.418763 0.529931 0.416074 0.500138 0.416074 0.484138 0.417522 0.475586
0 0.401479 0.409136 0.398259 0.409457 0.396432 0.408431 0.395519 0.405932 0.394750 0.402344 0.395135 0.400550 0.396288 0.398948 0.397586 0.398755 0.398980 0.398435 0.399845 0.398435 0.402055 0.403241 0.402103 0.405099
0 0.407726 0.425348 0.410081 0.429385 0.411091 0.432333 0.410802 0.434319 0.409841 0.435665 0.407822 0.437139 0.406477 0.437139 0.404987 0.436754 0.404026 0.435601 0.402536 0.432525 0.401575 0.430346 0.401815 0.427399 0.402440 0.426886 0.403978 0.426245 0.405371 0.425797 0.406957 0.425412
0 0.525152 0.248411 0.523617 0.251442 0.524650 0.252623 0.525979 0.252111 0.527041 0.250143 0.526835 0.249120
0 0.516739 0.250655 0.515381 0.252387 0.514731 0.254985 0.515499 0.258291 0.515558 0.258842 0.517978 0.259354 0.520015 0.258842 0.520547 0.256992 0.520931 0.253843 0.520694 0.252426 0.520281 0.251875 0.520045 0.251757 0.519189 0.251521 0.518392 0.251009 0.517122 0.250576
0 0.507085 0.272383 0.508236 0.274115 0.509683 0.277460 0.508974 0.281633 0.508030 0.283443 0.506878 0.283719 0.504635 0.282577 0.503690 0.281751 0.503011 0.279822 0.502952 0.277303 0.503188 0.275374 0.503926 0.274272 0.504487 0.273721 0.505580 0.272973 0.506554 0.272579
0 0.513429 0.298077 0.516160 0.301012 0.516771 0.305740 0.515793 0.308402 0.514774 0.312152 0.511880 0.311826 0.510494 0.310957 0.509068 0.308783 0.509068 0.305957 0.509353 0.304055 0.510168 0.302099 0.510331 0.299979 0.512369 0.298621