0 0.689639 0.131932 0.695932 0.134974 0.697348 0.137910 0.696561 0.140742 0.694673 0.144098 0.691213 0.145461 0.686021 0.146720 0.678942 0.145461 0.675639 0.143573 0.672964 0.141161 0.672178 0.139588 0.672178 0.136966 0.673279 0.134659 0.676740 0.132666 0.680358 0.131722 0.684920 0.131618
0 0.649997 0.132142 0.652042 0.143993 0.644491 0.148293 0.631434 0.149866 0.628602 0.148712 0.626243 0.145356 0.624984 0.139273 0.624984 0.136442 0.629074 0.133086 0.633007 0.131198 0.637569 0.130674 0.642446 0.130779 0.646221 0.131513
0 0.661953 0.146300 0.668088 0.151649 0.667773 0.154480 0.664155 0.157836 0.659593 0.158256 0.651255 0.156473 0.649368 0.152697 0.653300 0.147978 0.659908 0.144937
0 0.672807 0.159095 0.683032 0.169372 0.680358 0.177133 0.675639 0.182062 0.668245 0.185838 0.662739 0.187411 0.659278 0.186257 0.654559 0.184579 0.650941 0.182377 0.648896 0.178811 0.648109 0.173987 0.650154 0.169268 0.651570 0.167275 0.656132 0.164234 0.662424 0.161717 0.667301 0.160143 0.670762 0.159409
0 0.623883 0.143888 0.630962 0.154061 0.633164 0.158570 0.634266 0.159514 0.633794 0.174931 0.630962 0.179755 0.623097 0.179965 0.613972 0.174511 0.607523 0.166226 0.607365 0.162556 0.609882 0.156578 0.611298 0.152907 0.612714 0.149866 0.614916 0.147034 0.618220 0.145356 0.620265 0.144622 0.622153 0.144412
0 0.577030 0.209598 0.588352 0.218205 0.593517 0.227475 0.594113 0.233964 0.591928 0.240188 0.584578 0.242571 0.567893 0.245484 0.557365 0.246279 0.549023 0.243366 0.543461 0.234626 0.542071 0.227343 0.544454 0.221251 0.546838 0.217808 0.550810 0.213835 0.556174 0.211717 0.562728 0.209863 0.571071 0.208803
0 0.677340 0.235023 0.686278 0.236612 0.690450 0.239658 0.696210 0.245087 0.698196 0.251443 0.697799 0.258462 0.695813 0.262037 0.692039 0.265215 0.685484 0.268658 0.677340 0.271439 0.669593 0.272896 0.656881 0.274352 0.646552 0.274485 0.639600 0.274220 0.634236 0.271572 0.633045 0.268129 0.634832 0.260316 0.636024 0.254092 0.639997 0.246809 0.643175 0.241644 0.648339 0.237274 0.655292 0.233831 0.665819 0.232110
0 0.486021 0.300559 0.479031 0.295813 0.477348 0.292189 0.477348 0.286839 0.477995 0.281747 0.482267 0.275793 0.485891 0.271651 0.491716 0.269062 0.499353 0.268199 0.507508 0.270270 0.514886 0.271478 0.520581 0.274499 0.524464 0.279417 0.523299 0.281316 0.521875 0.291498 0.517086 0.297366 0.511520 0.302975 0.505178 0.304615 0.500777 0.304788 0.494952 0.303493 0.490680 0.302112
0 0.587501 0.282265 0.586854 0.287788 0.584524 0.290118 0.579994 0.290722 0.576628 0.291153 0.573522 0.290377 0.570804 0.288910 0.569250 0.287529 0.568991 0.284768 0.569380 0.282351 0.574040 0.279763 0.575463 0.279417 0.578182 0.279504 0.581677 0.280108 0.584524 0.281143
0 0.578570 0.292965 0.582712 0.294432 0.584912 0.299955 0.584654 0.307549 0.576628 0.308326 0.570804 0.306859 0.567179 0.304960 0.566144 0.300904 0.565755 0.296503 0.566403 0.295554 0.567179 0.294346 0.570415 0.292534 0.573522 0.292361
0 0.606917 0.292361 0.613907 0.295295 0.620379 0.297884 0.621673 0.299265 0.622062 0.302975 0.620897 0.305392 0.617661 0.308239 0.611189 0.312727 0.604846 0.316178 0.599151 0.317300 0.598763 0.315574 0.600834 0.305823 0.603552 0.297625 0.604458 0.292620 0.605752 0.291930
2 0.659483 0.273276 0.656034 0.274425 0.645259 0.281609 0.637931 0.288506 0.633190 0.295115 0.631897 0.301149 0.632328 0.307471 0.636207 0.318678 0.645259 0.331897 0.651293 0.338218 0.652586 0.341379 0.651293 0.343966 0.646121 0.347701 0.642672 0.353161 0.641810 0.359770 0.642672 0.368966 0.644397 0.376149 0.646121 0.379023 0.649569 0.381897 0.656897 0.393678 0.660776 0.396839 0.668966 0.399138 0.674330 0.400543 0.673276 0.397701 0.674138 0.390805 0.681466 0.387644 0.690948 0.388506 0.694828 0.389655 0.700431 0.392816 0.712931 0.394828 0.722845 0.394253 0.736207 0.391379 0.741379 0.388793 0.747845 0.383621 0.753712 0.378432 0.748276 0.379310 0.738793 0.379598 0.731466 0.380460 0.728448 0.381609 0.719828 0.381897 0.714080 0.380667 0.715086 0.377011 0.720690 0.373276 0.725862 0.364943 0.727795 0.357715 0.724569 0.349713 0.725431 0.345115 0.731034 0.339080 0.737069 0.329885 0.737931 0.321839 0.734914 0.310345 0.732328 0.306609 0.728879 0.304310 0.720259 0.302011 0.716379 0.301724 0.711638 0.302586 0.697845 0.306609 0.695141 0.306339 0.689916 0.309300 0.685475 0.311564 0.680773 0.315395 0.678161 0.318704 0.677116 0.320968 0.672153 0.325148 0.672414 0.318391 0.671983 0.306034 0.669397 0.295690 0.667672 0.279023 0.665086 0.274425 0.662500 0.272989
0 0.501605 0.320983 0.516278 0.324957 0.530035 0.332753 0.534850 0.342076 0.534620 0.357973 0.520405 0.376315 0.506878 0.380594 0.494039 0.380594 0.476156 0.376315 0.463775 0.366379 0.456438 0.357208 0.455292 0.352011 0.454604 0.346509 0.455292 0.343758 0.463087 0.334128 0.471799 0.325263 0.484868 0.319913 0.494039 0.317620
0 0.493580 0.317468 0.502522 0.314258 0.520176 0.310437 0.537142 0.311659 0.545625 0.313799 0.560758 0.324652 0.570387 0.335809 0.558236 0.338714 0.557318 0.348343 0.557089 0.356291 0.560987 0.365615 0.565343 0.370659 0.555713 0.375703 0.541269 0.379371 0.524532 0.382428 0.519259 0.380900 0.520405 0.377384 0.535079 0.358890 0.535308 0.341159 0.530493 0.332294 0.516737 0.325416 0.500688 0.320677
0 0.394768 0.431629 0.395363 0.438962 0.391498 0.439556 0.385256 0.437772 0.381986 0.435989 0.383175 0.432224 0.388228 0.430836
0 0.430143 0.428855 0.429845 0.434205 0.428062 0.438169 0.425386 0.438763 0.417955 0.438367 0.414982 0.436385 0.412307 0.431629 0.412307 0.429647 0.417955 0.427467 0.422117 0.427071 0.427467 0.427269
0 0.421225 0.453230 0.430737 0.459770 0.428359 0.462941 0.417658 0.462545 0.411118 0.461554 0.406956 0.458581 0.406956 0.454221 0.409631 0.452041 0.415577 0.451843
2 0.335612 0.411415 0.337099 0.403686 0.339774 0.396354 0.346017 0.387039 0.350476 0.381887 0.367420 0.374752 0.387337 0.373563 0.401308 0.375347 0.416468 0.382481 0.423008 0.392588 0.426873 0.403884 0.426873 0.408046 0.456599 0.405272 0.480083 0.409433 0.499405 0.415775 0.510702 0.424693 0.516350 0.432025 0.516350 0.437971 0.513377 0.444114 0.501784 0.453230 0.487812 0.464328 0.476813 0.469877 0.464328 0.474832 0.452735 0.476021 0.449465 0.478993 0.439952 0.484939 0.435493 0.487515 0.421225 0.489100 0.418549 0.489100 0.421522 0.496829 0.420927 0.500595 0.418549 0.502774 0.411118 0.500793 0.406361 0.500198 0.400119 0.500991 0.390606 0.502576 0.387634 0.504360 0.382580 0.504954 0.373068 0.501189 0.369203 0.498216 0.368312 0.495244 0.368312 0.494055 0.372473 0.484146 0.351070 0.492667 0.335315 0.495046 0.320749 0.495046 0.303805 0.492469 0.296671 0.489695 0.283294 0.481966 0.281213 0.476021 0.280618 0.467895 0.269917 0.460959 0.265458 0.452834 0.263080 0.447681 0.264863 0.442331 0.271403 0.434998 0.277943 0.427864 0.282996 0.423900 0.293995 0.419738 0.316587 0.414388 0.328775 0.413793
1 0.475352 0.751133 0.433463 0.709042 0.409786 0.691638 0.382467 0.683949 0.358184 0.692043 0.352720 0.689615 0.349077 0.685163 0.335114 0.679092 0.329650 0.677068 0.322365 0.668974 0.322365 0.666141 0.323579 0.660474 0.330864 0.656427 0.335114 0.651975 0.331472 0.645904 0.281083 0.621216 0.229480 0.598956 0.192448 0.583576 0.163915 0.574267 0.129917 0.570220 0.108669 0.573458 0.074065 0.585195 0.059495 0.595313 0.055852 0.602194 0.043711 0.619192 0.044318 0.641857 0.058281 0.674640 0.089849 0.726850 0.149344 0.777845 0.256192 0.822365 0.318723 0.832888 0.378218 0.837340 0.418893 0.838959 0.444998 0.838150 0.419500 0.833698 0.425571 0.817508 0.427392 0.815080 0.406751 0.789582 0.398252 0.748300 0.407358 0.746277 0.437712 0.745872 0.459568 0.749919
1 0.473770 0.752250 0.486802 0.759601 0.448376 0.797469 0.428996 0.816404 0.406275 0.789673 0.404270 0.776753 0.398590 0.750245 0.406275 0.746681 0.438686 0.745344
1 0.453544 0.854725 0.418582 0.857599 0.354885 0.865262 0.283525 0.875798 0.247126 0.885377 0.217912 0.896232 0.209770 0.915390 0.209291 0.932312 0.223180 0.945402 0.256226 0.953065 0.264847 0.950830 0.272031 0.959451 0.291188 0.960409 0.316092 0.950830 0.326628 0.937101 0.333333 0.924010 0.350096 0.905811 0.364464 0.898148 0.396552 0.886654 0.437261 0.887931 0.443966 0.886335 0.448755 0.878991 0.449713 0.862069
1 0.420977 0.831418 0.427682 0.815134 0.484674 0.764687 0.521073 0.727011 0.543582 0.699872 0.554598 0.688697 0.568008 0.674649 0.585249 0.662197 0.607280 0.658046 0.667625 0.650383 0.691092 0.647190 0.723659 0.635377 0.760057 0.621648 0.766762 0.623244 0.767241 0.628672 0.758142 0.639527 0.749042 0.646552 0.741858 0.653257 0.738506 0.655492 0.738506 0.668902 0.727969 0.691252 0.590517 0.746807 0.522510 0.774904 0.490900 0.799808 0.458812 0.818646 0.445402 0.827586 0.441092 0.835568
1 0.443966 0.831418 0.452107 0.850255 0.462644 0.861750 0.511015 0.869413 0.525383 0.859515 0.550766 0.853129 0.646073 0.834930 0.712644 0.818646 0.740900 0.807152 0.770115 0.795977 0.805077 0.780013 0.833812 0.758621 0.865900 0.728927 0.880268 0.706577 0.886973 0.690932 0.857280 0.690294 0.835728 0.679438 0.812261 0.673052 0.797893 0.671456 0.784962 0.671456 0.749042 0.680715 0.723659 0.690613 0.554119 0.759579 0.522510 0.773308
1 0.525383 0.891443 0.595785 0.878991 0.646073 0.863665 0.691092 0.850575 0.725575 0.844508 0.762931 0.845147 0.806992 0.846743 0.771552 0.867497 0.723180 0.882184 0.642720 0.887612 0.563697 0.894636 0.523946 0.899745
1 0.536369 0.906968 0.574982 0.908764 0.628861 0.927921 0.651311 0.941691 0.710578 0.942289 0.777927 0.956058 0.765356 0.971624 0.753682 0.972222 0.718660 0.969828 0.689027 0.966834 0.657597 0.963841 0.623473 0.961446 0.589350 0.957256 0.549838 0.950072 0.520205 0.944085 0.498653 0.943487 0.494163 0.939895 0.508531 0.935105 0.531879 0.927323