0 0.319002 0.182853 0.316810 0.182891 0.312679 0.181335 0.311162 0.180046 0.311330 0.178414 0.313522 0.177542 0.317822 0.177352 0.320941 0.178111 0.323891 0.180804 0.324144 0.182398 0.320772 0.181942
0 0.368276 0.253799 0.367884 0.255654 0.362976 0.262544 0.358265 0.264311 0.348057 0.264753 0.345112 0.264576 0.336474 0.261219 0.332155 0.258746 0.329996 0.256360 0.329211 0.253534 0.332352 0.250000 0.338437 0.247085 0.344719 0.246466 0.351590 0.246731 0.357872 0.247968 0.365528 0.251502
0 0.311002 0.192443 0.313544 0.193342 0.320443 0.195180 0.323893 0.197263 0.321986 0.200940 0.313907 0.201511 0.311002 0.201144 0.306554 0.199224 0.305646 0.197835 0.306554 0.195874 0.307916 0.194363 0.309005 0.193260 0.310185 0.192729
0 0.354025 0.198772 0.361225 0.202524 0.364635 0.204638 0.362059 0.206821 0.358117 0.209175 0.354934 0.210027 0.350083 0.209959 0.345915 0.209243 0.342201 0.207572 0.339472 0.204843 0.337653 0.203206 0.337881 0.202149 0.340155 0.200921 0.343944 0.199557 0.348037 0.198124 0.351069 0.198431
0 0.390203 0.227248 0.393095 0.229180 0.395198 0.231506 0.396162 0.234464 0.395899 0.236199 0.392657 0.239511 0.389678 0.240418 0.384946 0.240142 0.376533 0.229850 0.378724 0.228194 0.381353 0.227405 0.384069 0.227287
0 0.487455 0.265899 0.488223 0.270161 0.486175 0.277247 0.485023 0.277995 0.477215 0.280242 0.471710 0.280300 0.468766 0.280069 0.464670 0.280760 0.457117 0.280933 0.450461 0.278975 0.450205 0.276959 0.450973 0.271601 0.453661 0.269470 0.456349 0.264804 0.460061 0.261636 0.465950 0.260426 0.473374 0.261060 0.477087 0.261233 0.480287 0.262154 0.484895 0.263479
0 0.510624 0.311753 0.507304 0.314044 0.504427 0.317331 0.504427 0.322510 0.503099 0.326394 0.505091 0.330080 0.511067 0.334064 0.521912 0.331574 0.531873 0.330677 0.538291 0.329880 0.552457 0.325199 0.555556 0.321813 0.558212 0.315139 0.555777 0.311554 0.549579 0.306972 0.540947 0.304781 0.532315 0.305378 0.527224 0.306175 0.522134 0.307371 0.516379 0.308964 0.512174 0.310159
2 0.514074 0.369889 0.514568 0.363111 0.518765 0.354111 0.524198 0.348667 0.535556 0.343667 0.550370 0.340444 0.555062 0.340667 0.558025 0.345222 0.557284 0.354222 0.555556 0.361667 0.543210 0.376667 0.547407 0.375556 0.553827 0.368333 0.560494 0.361778 0.568148 0.359000 0.575062 0.357556 0.586667 0.356556 0.594321 0.357333 0.599259 0.358000 0.605185 0.362000 0.608889 0.365222 0.608642 0.370556 0.606667 0.375333 0.597037 0.382333 0.579259 0.391778 0.576296 0.394444 0.553580 0.399667 0.566667 0.402556 0.567654 0.406000 0.585432 0.405000 0.578519 0.407889 0.572840 0.409000 0.562222 0.411444 0.548889 0.412667 0.539506 0.408000 0.537284 0.403667 0.530370 0.400333 0.521728 0.391889 0.519259 0.399000 0.517037 0.403444 0.512099 0.406222 0.506667 0.408444 0.503210 0.410111 0.499506 0.410000 0.494815 0.409222 0.490617 0.407556 0.488642 0.402111 0.489383 0.395333 0.492840 0.388556 0.497037 0.383111 0.499753 0.379222 0.503457 0.376444 0.506420 0.375111
0 0.367637 0.296687 0.374498 0.301130 0.382028 0.307078 0.383701 0.309789 0.383701 0.314157 0.382530 0.316265 0.377008 0.316190 0.358099 0.316717 0.352410 0.316792 0.345382 0.315738 0.340696 0.314081 0.337015 0.310392 0.334337 0.307455 0.332664 0.303539 0.333501 0.299548 0.340529 0.296461 0.348394 0.295557 0.355589 0.295256 0.361111 0.295256
1 0.500556 0.692250 0.499444 0.695750 0.502499 0.704299 0.503086 0.705026 0.511611 0.714947 0.513081 0.717063 0.516608 0.719577 0.525720 0.722751 0.532187 0.726323 0.544680 0.732606 0.548648 0.734458 0.553792 0.736905 0.560259 0.739616 0.567355 0.742367 0.585556 0.748250 0.593333 0.750000 0.596111 0.751750 0.607778 0.754250 0.623889 0.759750 0.635000 0.761750 0.645000 0.764500 0.652222 0.765500 0.666111 0.769000 0.673889 0.769750 0.681667 0.771750 0.701111 0.773500 0.706111 0.775000 0.716667 0.776250 0.755000 0.777750 0.763889 0.777500 0.780000 0.776000 0.803333 0.771250 0.814444 0.767750 0.829444 0.759750 0.831667 0.756000 0.830000 0.747750 0.820000 0.735000 0.804444 0.722500 0.790556 0.715250 0.783333 0.713250 0.770000 0.707000 0.739444 0.697750 0.732778 0.696750 0.716111 0.692500 0.697222 0.689750 0.692778 0.688250 0.684444 0.687000 0.665192 0.683628 0.645556 0.684750 0.638333 0.685750 0.625556 0.685750 0.589444 0.687750 0.579444 0.689750 0.563333 0.691000 0.537778 0.691500 0.525556 0.692500 0.510000 0.691500 0.503333 0.691500
1 0.554081 0.667257 0.570059 0.663053 0.608407 0.660951 0.640610 0.661173 0.677729 0.662942 0.725910 0.666593 0.755654 0.669469 0.769174 0.673894 0.770895 0.676549 0.768682 0.679093 0.761308 0.681858 0.754916 0.681195 0.750737 0.680420 0.742871 0.681858 0.686824 0.682412 0.665683 0.682522 0.623156 0.685951 0.591445 0.687942 0.553589 0.690929 0.528761 0.690265 0.507375 0.688385 0.498279 0.686173 0.499508 0.684624 0.523845 0.681416 0.534661 0.682854 0.534661 0.678872 0.538102 0.676327 0.544089 0.673474
1 0.485788 0.568314 0.475556 0.569750 0.468889 0.571250 0.465556 0.573000 0.461667 0.577000 0.457222 0.586000 0.451111 0.592250 0.446111 0.595750 0.432778 0.610750 0.429444 0.623000 0.429444 0.634500 0.431111 0.640750 0.433889 0.646000 0.441111 0.655000 0.462222 0.671250 0.466893 0.673038 0.470000 0.675000 0.473889 0.676250 0.475556 0.677750 0.482222 0.679250 0.490000 0.682250 0.503333 0.682750 0.515556 0.681500 0.516957 0.680015 0.519444 0.679500 0.522778 0.679500 0.524063 0.678779 0.523902 0.678852 0.526111 0.678750 0.527778 0.679750 0.531667 0.679250 0.537629 0.676744 0.540698 0.674564 0.547778 0.670250 0.552222 0.667500 0.552810 0.666642 0.556111 0.663250 0.558889 0.662000 0.565407 0.657703 0.567778 0.654500 0.569283 0.651890 0.571111 0.650250 0.576111 0.639000 0.576111 0.630500 0.574444 0.627500 0.573889 0.622750 0.570000 0.617750 0.568333 0.613250 0.563889 0.607000 0.557778 0.601750 0.556667 0.599500 0.546512 0.588227 0.538333 0.583500 0.532778 0.579750 0.525000 0.577000 0.518895 0.574419 0.511111 0.572250 0.506111 0.571500 0.502222 0.570250
2 0.419719 0.417308 0.432845 0.422940 0.445360 0.430357 0.450855 0.435440 0.451770 0.437912 0.454823 0.439423 0.459096 0.433929 0.460317 0.431181 0.467643 0.434478 0.478632 0.439011 0.479548 0.441896 0.480159 0.444918 0.477411 0.450000 0.469475 0.457005 0.463370 0.461126 0.462454 0.463599 0.459707 0.465522 0.463370 0.470330 0.463675 0.475000 0.462454 0.482143 0.458181 0.489011 0.451770 0.492308 0.442002 0.497390 0.431319 0.499863 0.423077 0.497390 0.423382 0.495604 0.434676 0.484478 0.440781 0.477610 0.442918 0.472802 0.438950 0.472390 0.433455 0.473626 0.425824 0.476511 0.419109 0.478709 0.413309 0.480220 0.406899 0.480495 0.399573 0.478984 0.394078 0.477610 0.387973 0.476099 0.383089 0.474038 0.381868 0.471978 0.381868 0.470879 0.380647 0.469093 0.380647 0.467170 0.386447 0.466071 0.392247 0.467720 0.397436 0.465247 0.400794 0.462912 0.403236 0.460440 0.409646 0.460989 0.414835 0.462088 0.416361 0.462775 0.413614 0.459890 0.414225 0.457418 0.422772 0.454808 0.413614 0.448901 0.404762 0.444093 0.400488 0.436951 0.400488 0.432005 0.401709 0.427473 0.404151 0.423626 0.407509 0.420742 0.413614 0.417582
2 0.352259 0.402610 0.364774 0.412637 0.366911 0.409478 0.369353 0.409203 0.380342 0.414973 0.384615 0.418407 0.394383 0.420467 0.405067 0.423764 0.402930 0.425412 0.401404 0.428434 0.400488 0.435165 0.402930 0.440385 0.405067 0.443544 0.415751 0.450412 0.415446 0.456044 0.412393 0.458929 0.405372 0.457830 0.396825 0.456044 0.388889 0.452335 0.382784 0.446841 0.384005 0.443132 0.375153 0.439423 0.370879 0.436264 0.366911 0.429808 0.365690 0.427198 0.363553 0.426099 0.350427 0.420604 0.342186 0.414423 0.342796 0.408379 0.343712 0.401923
2 0.412088 0.331593 0.419414 0.339011 0.420635 0.342995 0.430403 0.338599 0.435897 0.337225 0.438645 0.342445 0.443834 0.349038 0.449023 0.350412 0.448718 0.355907 0.447192 0.359615 0.443834 0.362912 0.439255 0.366621 0.434676 0.371016 0.422161 0.377335 0.419719 0.379670 0.422466 0.382418 0.422161 0.387912 0.417277 0.394918 0.407509 0.402335 0.391636 0.409203 0.373321 0.412912 0.375763 0.408242 0.369658 0.409341 0.362332 0.409203 0.365690 0.405769 0.373321 0.398352 0.390415 0.381868 0.386142 0.378297 0.376679 0.370055 0.381258 0.369231 0.392247 0.369505 0.392552 0.367308 0.390720 0.362775 0.393162 0.356456 0.394994 0.352885 0.390720 0.348077 0.390415 0.344643 0.390415 0.341621 0.391941 0.338874 0.397131 0.335714 0.399267 0.333242 0.402320 0.331731 0.405678 0.331181 0.407509 0.331181
1 0.543515 0.585741 0.544326 0.571809 0.546472 0.556654 0.536643 0.536968 0.532506 0.532979 0.520095 0.532979 0.515366 0.531117 0.517139 0.527926 0.520095 0.526330 0.512411 0.522340 0.503546 0.520213 0.470449 0.516489 0.473995 0.519415 0.467494 0.519947 0.459811 0.522074 0.452719 0.527394 0.461584 0.527926 0.465721 0.530585 0.466312 0.535106 0.466312 0.538564 0.463623 0.540145 0.452487 0.540089 0.446177 0.540702 0.439124 0.542762 0.427493 0.556514 0.414026 0.573194 0.400296 0.598384 0.395437 0.611692 0.397338 0.626521 0.400507 0.641065 0.412125 0.656844 0.422687 0.665970 0.434516 0.673099 0.456696 0.679753 0.480355 0.682319 0.490494 0.682795 0.475285 0.677662 0.464301 0.672148 0.455429 0.666540 0.440008 0.655038 0.431136 0.640494 0.429024 0.628897 0.431559 0.611217 0.441698 0.600095 0.459231 0.583365 0.462611 0.575570 0.464935 0.573669 0.467258 0.571293 0.471272 0.570342 0.476130 0.569392 0.482256 0.568631 0.486481 0.568536 0.490072 0.568536 0.493240 0.568821 0.497676 0.569582 0.507605 0.571293 0.517533 0.573384 0.530418 0.578517
2 0.328544 0.354454 0.320881 0.359195 0.305556 0.356753 0.284483 0.358477 0.272669 0.362500 0.270754 0.366236 0.280332 0.375287 0.295658 0.381466 0.289272 0.383477 0.288314 0.386351 0.292465 0.390805 0.317050 0.398276 0.340038 0.403017 0.356960 0.403017 0.363346 0.399856 0.366858 0.398994 0.400383 0.404885 0.412516 0.404598 0.437101 0.403305 0.444444 0.402586 0.445722 0.397270 0.449234 0.392816 0.459451 0.389655 0.466156 0.387356 0.470307 0.380891 0.466475 0.375718 0.454342 0.372557 0.439336 0.367816 0.392082 0.368966 0.386015 0.365661 0.376117 0.358764 0.365900 0.354023 0.352810 0.352443 0.343231 0.352443
2 0.443338 0.290040 0.446215 0.288845 0.453298 0.290538 0.462594 0.294721 0.468349 0.300100 0.469456 0.303685 0.469234 0.306673 0.466578 0.309363 0.456618 0.316534 0.453298 0.318227 0.456397 0.323207 0.458610 0.328586 0.457503 0.334263 0.456618 0.335857 0.448650 0.336155 0.436255 0.335259 0.430058 0.338546 0.420983 0.342430 0.412351 0.330876 0.400620 0.332271 0.397742 0.334761 0.394201 0.337948 0.393094 0.338745 0.391545 0.341534 0.390438 0.344024 0.388889 0.345717 0.385347 0.345618 0.381585 0.345319 0.378929 0.344323 0.375830 0.342032 0.372953 0.340239 0.370961 0.336554 0.370961 0.334064 0.376494 0.334661 0.385126 0.337251 0.387340 0.337550 0.387561 0.330578 0.386454 0.328586 0.387118 0.324004 0.388889 0.321912 0.392209 0.319223 0.394201 0.317530 0.401284 0.314143 0.406375 0.310558 0.411687 0.308865 0.418548 0.307271 0.421204 0.307171 0.424967 0.307769 0.428287 0.308566 0.440460 0.307570 0.440460 0.303984 0.440682 0.298805 0.441346 0.296813