1 0.479670 0.622704 0.459452 0.611447 0.465228 0.604929 0.535438 0.612336 0.575431 0.615298 0.596316 0.619297 0.627200 0.629814 0.642086 0.640627 0.648529 0.648477 0.648529 0.651736 0.643641 0.652032 0.642975 0.653662 0.636976 0.654550 0.609869 0.648774 0.585874 0.642108 0.562767 0.632332 0.541881 0.623000 0.528328 0.623593 0.501889 0.621815 0.485003 0.620334
1 0.326047 0.451389 0.333231 0.455323 0.339388 0.466954 0.348112 0.489361 0.357605 0.508860 0.368124 0.526478 0.379156 0.540504 0.392498 0.551279 0.432523 0.581554 0.452535 0.598317 0.453305 0.596093 0.455101 0.590962 0.445864 0.583778 0.413280 0.544096 0.389932 0.507492 0.388906 0.497229 0.388906 0.490387 0.391472 0.479611 0.383261 0.470546 0.368381 0.458402 0.358374 0.452244 0.348625 0.448481 0.341441 0.448481 0.335796 0.451047 0.333744 0.451731 0.328612 0.451389
1 0.416872 0.458231 0.425852 0.457718 0.435088 0.459428 0.441246 0.464046 0.443812 0.472599 0.447917 0.481664 0.453048 0.495861 0.469468 0.519636 0.480757 0.535372 0.495382 0.550766 0.500257 0.564963 0.502053 0.573002 0.494612 0.574028 0.497434 0.570094 0.497947 0.569068 0.497178 0.565818 0.492303 0.565476 0.483067 0.565476 0.476139 0.566845 0.466646 0.568042 0.459206 0.570779 0.457923 0.574200 0.463567 0.579502 0.466133 0.582410 0.461515 0.584462 0.455614 0.591133 0.443555 0.580699 0.429957 0.562911 0.410458 0.538622 0.390445 0.507321 0.389932 0.488677 0.390959 0.483032 0.393781 0.478756 0.400708 0.466612 0.404044 0.460454 0.409431 0.458573
0 0.287150 0.157335 0.290457 0.158651 0.293285 0.160393 0.293285 0.163238 0.289764 0.164519 0.287897 0.165657 0.286083 0.165088 0.284536 0.164234 0.282189 0.162314 0.281655 0.160856 0.283683 0.158615 0.285016 0.157690
0 0.294298 0.148444 0.292645 0.148515 0.290991 0.149226 0.289071 0.151111 0.287577 0.150720 0.286350 0.148373 0.286350 0.147057 0.287203 0.146381 0.288910 0.146168 0.291204 0.146097 0.291898 0.146097 0.293285 0.146488 0.294618 0.148017
0 0.319273 0.173909 0.317338 0.174760 0.313951 0.179129 0.312896 0.180213 0.311224 0.179275 0.308366 0.178513 0.305990 0.177369 0.303571 0.175141 0.303395 0.173968 0.305023 0.171681 0.308102 0.169130 0.310345 0.168719 0.313468 0.169100 0.315887 0.170508 0.317646 0.171622 0.318570 0.172766
0 0.331677 0.179510 0.331545 0.180360 0.330665 0.181650 0.327850 0.185140 0.326399 0.186518 0.323760 0.187221 0.319449 0.184964 0.314479 0.182530 0.313468 0.180008 0.314303 0.178366 0.317030 0.175111 0.320417 0.173851 0.326443 0.174672 0.329961 0.176460 0.331457 0.178894
0 0.325494 0.210231 0.325759 0.211816 0.323910 0.214985 0.322325 0.215408 0.318469 0.218155 0.316303 0.219000 0.312764 0.218437 0.308855 0.217345 0.305527 0.216042 0.302833 0.213788 0.301935 0.211781 0.302728 0.210161 0.303890 0.207802 0.305316 0.205759 0.307535 0.205407 0.312553 0.205407 0.318786 0.206780 0.323434 0.208189 0.325283 0.209316
0 0.375412 0.220233 0.378581 0.220268 0.381698 0.219211 0.383071 0.217451 0.383547 0.215972 0.383388 0.213647 0.382702 0.210619 0.381223 0.208330 0.378212 0.205689 0.375940 0.204703 0.373405 0.204456 0.368439 0.204456 0.364689 0.205125 0.364002 0.206992 0.362735 0.208893 0.361942 0.210619 0.361889 0.212661 0.362470 0.216042 0.362682 0.218084 0.363738 0.220444 0.366062 0.221324 0.368387 0.221571 0.370552 0.221571 0.374461 0.221219
0 0.367797 0.243459 0.368137 0.245576 0.367684 0.247618 0.366436 0.249698 0.367457 0.250794 0.367457 0.252004 0.365302 0.253857 0.363487 0.255218 0.358326 0.254348 0.354809 0.255331 0.351123 0.255369 0.347039 0.253819 0.342786 0.251512 0.340801 0.248904 0.339156 0.245992 0.338759 0.243648 0.339610 0.241001 0.341708 0.238922 0.344034 0.237296 0.347890 0.236237 0.351974 0.236162 0.356681 0.236540 0.360878 0.237636 0.364791 0.239527 0.366890 0.241795
2 0.425682 0.278050 0.429485 0.282276 0.432866 0.291479 0.439204 0.310166 0.440190 0.304062 0.441317 0.298334 0.446670 0.296832 0.450614 0.296644 0.454840 0.297771 0.461038 0.304250 0.468785 0.309509 0.471321 0.311951 0.473152 0.317303 0.476110 0.316364 0.476392 0.317303 0.480195 0.317022 0.478645 0.318900 0.476814 0.323501 0.470757 0.328760 0.470898 0.330544 0.469208 0.334488 0.467236 0.335521 0.457235 0.335803 0.449769 0.335427 0.439486 0.331577 0.434697 0.329230 0.430471 0.325755 0.428781 0.321341 0.426245 0.318524 0.422442 0.313829 0.420892 0.310448 0.420892 0.307725 0.422160 0.304438 0.422583 0.303311 0.420470 0.301621 0.416244 0.298146 0.413286 0.293075 0.412863 0.289037 0.414695 0.284624 0.416948 0.281055 0.419343 0.279083 0.421174 0.278238 0.423710 0.277862
0 0.370055 0.314249 0.372811 0.315919 0.372978 0.318258 0.371976 0.321321 0.367465 0.323159 0.362286 0.322324 0.360615 0.320764 0.360114 0.315864 0.362203 0.314471 0.365795 0.314304
2 0.384596 0.247580 0.384724 0.251514 0.384211 0.261776 0.379208 0.271441 0.375231 0.268447 0.371382 0.266737 0.366892 0.266566 0.362146 0.268276 0.360222 0.269474 0.357784 0.270585 0.355090 0.272467 0.353807 0.274092 0.352909 0.277769 0.351883 0.280506 0.351883 0.283157 0.356117 0.289742 0.356501 0.291795 0.356373 0.292821 0.357143 0.295387 0.357271 0.296755 0.353551 0.296841 0.346367 0.294275 0.339311 0.292821 0.343930 0.297012 0.346752 0.299920 0.354064 0.301887 0.359709 0.300005 0.363685 0.301972 0.369843 0.302998 0.374461 0.302827 0.379721 0.301972 0.386007 0.297953 0.388316 0.292650 0.388059 0.289229 0.386135 0.288460 0.386135 0.286749 0.386135 0.285381 0.386135 0.283157 0.388957 0.270158 0.390368 0.271184 0.396013 0.265711 0.397167 0.261007 0.397167 0.258612 0.396398 0.256132 0.391780 0.251257
1 0.465757 0.582444 0.486282 0.576628 0.495519 0.574006 0.497571 0.569558 0.496545 0.567506 0.487137 0.565795 0.481493 0.566024 0.469178 0.567506 0.458744 0.570699 0.457718 0.574576
1 0.458573 0.588031 0.487308 0.601829 0.488677 0.600005 0.491414 0.597154 0.517070 0.589514 0.536912 0.584154 0.557950 0.576628 0.576252 0.569787 0.614908 0.558498 0.639197 0.550173 0.649459 0.544814 0.652025 0.540367 0.648433 0.540367 0.633552 0.541849 0.600541 0.545612 0.564450 0.552910 0.531609 0.562147 0.503216 0.573321 0.462678 0.584268